350.0	0.08048944257231364	0.00771299813586002
351.0	0.08197523351041258	0.007721577707518067
352.0	0.08348845133384189	0.0077278590541971365
353.0	0.08502960232785318	0.007731754618476989
354.0	0.09813291506838479	0.007641750910883309
355.0	0.09990333621388996	0.00760890702164324
356.0	0.10170569762154126	0.007572408694193899
357.0	0.10354057552730873	0.0075321352955669855
358.0	0.10540855656306596	0.007487963089338386
359.0	0.10731023794414365	0.0074397651715152275
360.0	0.109246227660266	0.007387411406525112
361.0	0.11121714466993222	0.007330768363598823
362.0	0.11322361909830458	0.007269699253904477
363.0	0.11526629243866725	0.007204063868879476
364.0	0.11734581775751864	0.0071337185203119964
365.0	0.11910321780668282	0.007046027425019241
366.0	0.12088693711452896	0.006954136114966976
367.0	0.12269736984479784	0.006857940074798791
368.0	0.12453491606432432	0.006757332826067664
369.0	0.12639998183144294	0.0066522059296831556
370.0	0.12829297928571917	0.006542448996428439
371.0	0.13021432673902195	0.006427949707578718
372.0	0.13216444876796302	0.0063085938482127435
373.0	0.13414377630771837	0.006184265356539266
374.0	0.13615274674725633	0.006054846393536662
375.0	0.13733215405907423	0.005935183636833925
376.0	0.1385217778493725	0.005813030897165459
377.0	0.13972170661720593	0.005688357253267002
378.0	0.14093202962824233	0.00556113187843292
379.0	0.14215283692140293	0.005431324119534069
380.0	0.14338421931556042	0.005298903592898886
381.0	0.14462626841629578	0.0051638403011764495
382.0	0.14587907662271243	0.005026104776482213
383.0	0.14714273713431023	0.004885668256710294
384.0	0.14841734395791886	0.004742502904022677
385.0	0.14895659189997193	0.004639463946400584
386.0	0.14949779910322228	0.004535654882949433
387.0	0.15004097268629585	0.004431074856010625
388.0	0.15058611979368303	0.004325723403130855
389.0	0.1511332475958321	0.0042196005169356805
390.0	0.15168236328924437	0.0041127067155891095
391.0	0.15223347409656798	0.0040050431260743
392.0	0.1527865872666935	0.0038966115830840553
393.0	0.15334171007484895	0.0037874147470226055
394.0	0.15389884982269547	0.0036774562455399624
395.0	0.1541286276263203	0.0036102936866415332
396.0	0.15435874849838974	0.003542948801248331
397.0	0.15458921295112016	0.0034754228641460695
398.0	0.15482002149749272	0.0034077172990479147
399.0	0.1550511746512547	0.0033398336948256974
400.0	0.15528267292691988	0.0032717738238841015
401.0	0.15551451683977066	0.0032035396630142672
402.0	0.15574670690585882	0.003135133417123259
403.0	0.15597924364200635	0.0030665575463088295
404.0	0.15621212756580694	0.002997814796840911
405.0	0.1563300319766132	0.0029552621931847657
406.0	0.15644802537827004	0.0029126543757374513
407.0	0.156566107837945	0.0028699917893171122
408.0	0.15668427942285656	0.002827274911707974
409.0	0.15680254020027395	0.0027845042563040797
410.0	0.15692089023751712	0.002741680375009835
411.0	0.15703932960195674	0.002698803861426518
412.0	0.15715785836101434	0.002655875354358381
413.0	0.15727647658216254	0.0026128955416759624
414.0	0.15739518433292468	0.002569865164579696
415.0	0.1572915232645926	0.0025389747867463905
416.0	0.15718793046783516	0.0025081270706363962
417.0	0.15708440589768857	0.002477322078191777
418.0	0.15698094950921837	0.0024465598762106735
419.0	0.15687756125752003	0.0024158405366360484
420.0	0.15677424109771831	0.002385164136865872
421.0	0.15667098898496767	0.002354530760085676
422.0	0.15656780487445202	0.0023239404956262913
423.0	0.15646468872138491	0.002293393439348128
424.0	0.15636164048100915	0.0022628896940550033
425.0	0.1560103172573278	0.0022377813179983745
426.0	0.15565978340888662	0.0022127747955342503
427.0	0.15531003716206726	0.002187869806179067
428.0	0.15496107674723672	0.0021630660307529375
429.0	0.15461290039873773	0.0021383631513925837
430.0	0.15426550635488084	0.0021137608515649276
431.0	0.15391889285793423	0.0020892588160818567
432.0	0.1535730581541158	0.0020648567311155053
433.0	0.15322800049358393	0.0020405542842152308
434.0	0.15288371813042856	0.002016351164325259
435.0	0.15232546232330954	0.0019945462465929577
436.0	0.15176924499059435	0.0019728737238728427
437.0	0.1512150586887817	0.0019513329204167461
438.0	0.15066289600155017	0.001929923163660816
439.0	0.1501127495396589	0.0019086437842118934
440.0	0.1495646119408491	0.001887494115834
441.0	0.14901847586974537	0.0018664734954343559
442.0	0.1484743340177573	0.0018455812630500975
443.0	0.14793217910298204	0.001824816761834899
444.0	0.14739200387010626	0.0018041793380455338
445.0	0.14674348474852023	0.0017853488505844247
446.0	0.14609781908600936	0.0017666495143249116
447.0	0.14545499432746414	0.0017480805447834594
448.0	0.14481499797301678	0.0017296411619560743
449.0	0.14417781757779866	0.0017113305902973172
450.0	0.14354344075169798	0.001693148058699757
451.0	0.14291185515911875	0.0016750928004733887
452.0	0.14228304851874152	0.0016571640533255005
453.0	0.14165700860328395	0.0016393610593406953
454.0	0.14103372323926333	0.0016216830649610125
455.0	0.14042774120248222	0.0016067080336300442
456.0	0.1398243628991945	0.0015918321015951423
457.0	0.1392235771418935	0.0015770546974275693
458.0	0.1386253727911421	0.0015623752528464805
459.0	0.13802973875536606	0.0015477932027039764
460.0	0.1374366639906487	0.0015333079849703226
461.0	0.13684613750052568	0.0015189190407190647
462.0	0.1362581483357816	0.0015046258141126097
463.0	0.13567268559424667	0.0014904277523877258
464.0	0.1350897384205945	0.001476324305841142
465.0	0.13459605057696647	0.001465365310205133
466.0	0.1341041669243139	0.0014544668530306116
467.0	0.13361408086918897	0.0014436286393915267
468.0	0.13312578584223972	0.001432850375724994
469.0	0.1326392752981218	0.0014221317698257215
470.0	0.13215454271541116	0.0014114725308402788
471.0	0.13167158159651635	0.0014008723692614368
472.0	0.13119038546759135	0.0013903309969222715
473.0	0.13071094787844903	0.0013798481269909355
474.0	0.13023326240247465	0.0013694234739647369
475.0	0.12987492869858144	0.0013616854973718749
476.0	0.12951758094129656	0.0013539797528053822
477.0	0.1291612164178113	0.001346306121573019
478.0	0.12880583242278165	0.00133866448539293
479.0	0.12845142625830686	0.001331054726391923
480.0	0.1280979952339096	0.0013234767271045164
481.0	0.1277455366665153	0.0013159303704713486
482.0	0.12739404788043185	0.0013084155398378904
483.0	0.1270435262073292	0.0013009321189532185
484.0	0.12669396898621899	0.0012934799919685207
485.0	0.12649316773371835	0.0012880414793111814
486.0	0.12629268473743255	0.001282617010006475
487.0	0.1260925194929473	0.001277206553532608
488.0	0.12589267149664768	0.0012718100794326093
489.0	0.1256931402457172	0.0012664275573139557
490.0	0.12549392523813604	0.001261058956848766
491.0	0.12529502597268027	0.00125570424777359
492.0	0.12509644194892028	0.001250363399889312
493.0	0.12489817266721956	0.001245036383061113
494.0	0.12470021762873358	0.0012397231672182892
495.0	0.12465787819082828	0.0012358702267767547
496.0	0.12461555312842325	0.001232020130602442
497.0	0.12457324243663746	0.0012281728801818838
498.0	0.1245309461105917	0.0012243284770325073
499.0	0.12448866414540836	0.0012204869227031906
500.0	0.12444639653621152	0.0012166482187746048
501.0	0.12440414327812686	0.0012128123668596687
502.0	0.1243619043662818	0.0012089793686040357
503.0	0.12431967979580531	0.0012051492256864218
504.0	0.12427746956182811	0.0012013219398191827
505.0	0.12432139997744546	0.0011981040119855794
506.0	0.12436534592187447	0.001194884315277537
507.0	0.12440930740060432	0.0011916628550949933
508.0	0.12445328441912626	0.0011884396369189814
509.0	0.12449727698293331	0.0011852146663129072
510.0	0.12454128509752048	0.0011819879489237245
511.0	0.12458530876838493	0.001178759490483288
512.0	0.12462934800102547	0.0011755292968096344
513.0	0.12467340280094302	0.0011722973738082334
514.0	0.12471747317364039	0.0011690637274732775
515.0	0.12476971273793816	0.0011659786811836208
516.0	0.12482197418346887	0.0011628915362510816
517.0	0.12487425751939771	0.0011598022981372555
518.0	0.12492656275489378	0.0011567109723918795
519.0	0.12497888989912997	0.0011536175646543632
520.0	0.1250312389612832	0.00115052208065506
521.0	0.1250836099505339	0.0011474245262167108
522.0	0.12513600287606658	0.0011443249072558596
523.0	0.12518841774706954	0.0011412232297841494
524.0	0.12524085457273493	0.0011381194999100864
525.0	0.12523138861497066	0.0011349247170023375
526.0	0.12522192337266264	0.0011317308173297508
527.0	0.12521245884575688	0.0011285378041028685
528.0	0.12520299503419918	0.0011253456805679497
529.0	0.1251935319379356	0.001122154450007314
530.0	0.125184069556912	0.001118964115739913
531.0	0.12517460789107437	0.0011157746811218331
532.0	0.12516514694036865	0.001112586149546724
533.0	0.12515568670474073	0.001109398524446381
534.0	0.1251462271841366	0.0011062118092912293
535.0	0.12500832568864587	0.0011025200016645885
536.0	0.12487057614997299	0.0010988350330946683
537.0	0.12473297840067345	0.0010951568932502406
538.0	0.12459553227348692	0.0010914855718165992
539.0	0.12445823760133752	0.0010878210584957316
540.0	0.12432109421733348	0.001084163343006241
541.0	0.12418410195476703	0.0010805124150833306
542.0	0.1240472606471139	0.0010768682644788606
543.0	0.12391057012803335	0.0010732308809612702
544.0	0.1237740302313681	0.0010696002543156718
545.0	0.12348023134296499	0.0010652684037314375
546.0	0.12318712983661101	0.0010609511800383532
547.0	0.12289472405695018	0.0010566485384408762
548.0	0.12260301235255594	0.001052360434275148
549.0	0.1223119930759216	0.0010480868230084972
550.0	0.12202166458345105	0.0010438276602392012
551.0	0.12173202523544974	0.0010395829016960573
552.0	0.12144307339611489	0.001035352503238004
553.0	0.12115480743352701	0.0010311364208538797
554.0	0.12086722571963979	0.001026934610661908
555.0	0.1204510493493405	0.001022225382183544
556.0	0.12003630597934514	0.0010175369503592673
557.0	0.11962299067547194	0.0010128692278016686
558.0	0.11921109852052877	0.001008222127479859
559.0	0.11880062461425454	0.001003595562718064
560.0	0.11839156407326112	0.0009989894471941834
561.0	0.11798391203097501	0.000994403694938315
562.0	0.11757766363757957	0.0009898382203315263
563.0	0.11717281405995741	0.000985292938104194
564.0	0.1167693584816326	0.0009807677633349473
565.0	0.11630762592893559	0.0009761566050495803
566.0	0.11584771917157559	0.0009715675095670419
567.0	0.11538963098994326	0.0009670003729121982
568.0	0.11493335419297744	0.0009624550915888673
569.0	0.11447888161805186	0.0009579315625776224
570.0	0.114026206130863	0.000953429683333604
571.0	0.113575320625318	0.0009489493517844546
572.0	0.11312621802342296	0.0009444904663280882
573.0	0.11267889127517222	0.0009400529258305522
574.0	0.11223333335843724	0.0009356366296240274
575.0	0.1117973012022027	0.0009315514981193287
576.0	0.11136296305286955	0.0009274849895200397
577.0	0.11093031232913551	0.0009234370183328536
578.0	0.11049934247526724	0.0009194074994512778
579.0	0.11007004696100045	0.0009153963481535633
580.0	0.1096424192814414	0.0009114034801013105
581.0	0.10921645295696834	0.0009074288113375717
582.0	0.10879214153313294	0.0009034722582852435
583.0	0.10836947858056283	0.0008995337377453109
584.0	0.10794845769486407	0.0008956131668952043
585.0	0.10754527059036195	0.0008921087997661382
586.0	0.10714358938825727	0.0008886192689518509
587.0	0.10674340846400984	0.0008851445088171745
588.0	0.10634472221408726	0.000881684454017872
589.0	0.1059475250558863	0.0008782390394991462
590.0	0.10555181142765463	0.000874808200494528
591.0	0.10515757578841316	0.000871391872524658
592.0	0.10476481261787822	0.0008679899913959299
593.0	0.10437351641638447	0.0008646024931993594
594.0	0.10398368170480778	0.0008612293143092959
595.0	0.10359380469432902	0.0008581426419812198
596.0	0.10320538949094159	0.0008550684996485574
597.0	0.10281843061373762	0.0008520068304072953
598.0	0.10243292260235942	0.0008489575776232618
599.0	0.10204886001692239	0.0008459206849309578
600.0	0.10166623743793818	0.0008428960962323373
601.0	0.10128504946623841	0.0008398837556955958
602.0	0.10090529072289837	0.0008368836077538461
603.0	0.10052695584916094	0.000833895597104047
604.0	0.09645936519253208	0.0008037051173991496
605.0	0.09610138735353185	0.0008011684364465553
606.0	0.09574473803388224	0.0007986410933915013
607.0	0.09538941230321214	0.0007961230453685827
608.0	0.09503540524944751	0.0007936142497397744
609.0	0.09468271197874434	0.0007911146640934486
610.0	0.09433132761542011	0.0007886242462429792
611.0	0.09398124730188713	0.0007861429542256721
612.0	0.09363246619858497	0.000783670746301517
613.0	0.09328497948391362	0.0007812075809521507
614.0	0.09293878235416701	0.0007787534168795523
615.0	0.09259897847389924	0.0007763607079667521
616.0	0.09226041698861581	0.0007739764200004512
617.0	0.09192309335585738	0.0007716005161687656
618.0	0.09158700304977284	0.0007692329598500177
619.0	0.0912521415610586	0.0007668737146117485
620.0	0.09091850439689794	0.0007645227442097516
621.0	0.09058608708090089	0.0007621800125870037
622.0	0.09025488515304406	0.0007598454838727602
623.0	0.08992489416961098	0.0007575191223815478
624.0	0.08959610970313227	0.0007552008926121792
625.0	0.0892830163998831	0.0007529692754166485
626.0	0.08897101720012639	0.0007507449875254438
627.0	0.08866010828052125	0.0007485280000833395
628.0	0.08835028583108731	0.0007463182843694309
629.0	0.08804154605515824	0.0007441158117965622
630.0	0.08773388516933509	0.0007419205539106583
631.0	0.08742729940344007	0.0007397324823899955
632.0	0.08712178500047023	0.0007375515690445979
633.0	0.08681733821655131	0.0007353777858155665
634.0	0.0865139553208923	0.0007332111047745131
635.0	0.08624169841087402	0.0007313148146617808
636.0	0.08597029828546085	0.0007294237801439036
637.0	0.0856997522483766	0.0007275379841133279
638.0	0.08543005761182998	0.0007256574095308788
639.0	0.08516121169648819	0.0007237820394253889
640.0	0.08489321183145021	0.0007219118568934814
641.0	0.08462605535422023	0.0007200468450991513
642.0	0.08435973961068129	0.000718186987273595
643.0	0.08409426195506879	0.0007163322667147696
644.0	0.08382961974994436	0.0007144826667871777
645.0	0.08360340578661996	0.00071307072584911
646.0	0.08337780226095892	0.0007116615743892671
647.0	0.08315280752569718	0.0007102552058256571
648.0	0.0829284199380158	0.0007088516136003652
649.0	0.08270463785952889	0.0007074507911793065
650.0	0.08248145965627185	0.0007060527320521574
651.0	0.08225888369868926	0.0007046574297322557
652.0	0.0820369083616231	0.0007032648777564473
653.0	0.08181553202430078	0.0007018750696850052
654.0	0.08159475307032343	0.0007004879991014459
655.0	0.08140355549577465	0.00069955638471975
656.0	0.08121280594651106	0.0006986256268967044
657.0	0.0810225033726937	0.0006976957249231854
658.0	0.0808326467269437	0.0006967666780988427
659.0	0.08064323496433652	0.0006958384857321774
660.0	0.08045426704239603	0.0006949111471404475
661.0	0.08026574192108892	0.0006939846616494416
662.0	0.08007765856281901	0.0006930590285935068
663.0	0.07989001593242144	0.0006921342473153697
664.0	0.07970281299715698	0.0006912103171660972
665.0	0.07952736696445135	0.0006906906080927981
666.0	0.07935230713279978	0.0006901702685596057
667.0	0.0791776326520762	0.0006896493010468423
668.0	0.07900334267402576	0.0006891277080472433
669.0	0.07882943635226097	0.0006886054920657003
670.0	0.07865591284225738	0.0006880826556190736
671.0	0.07848277130134958	0.0006875592012359692
672.0	0.07831001088872704	0.0006870351314564752
673.0	0.07813763076543011	0.0006865104488319939
674.0	0.07796563009434587	0.000685985155925026
675.0	0.07779493758972655	0.0006858401672352018
676.0	0.07762461878735395	0.0006856931046846081
677.0	0.07745467286907044	0.0006855439733630223
678.0	0.07728509901850968	0.0006853927783909875
679.0	0.07711589642109262	0.0006852395249192846
680.0	0.07694706426402352	0.0006850842181282597
681.0	0.07677860173628613	0.0006849268632273233
682.0	0.07661050802863985	0.0006847674654543078
683.0	0.07644278233361572	0.0006846060300748993
684.0	0.07627542384551261	0.0006844425623820865
685.0	0.07610939562736214	0.0006846720001853601
686.0	0.07594372880175243	0.0006848979359589081
687.0	0.0757784225820427	0.0006851203767189865
688.0	0.07561347618330448	0.0006853393295481843
689.0	0.07544888882231775	0.0006855548015941756
690.0	0.07528465971756737	0.0006857668000683125
691.0	0.07512078808923937	0.0006859753322442699
692.0	0.07495727315921709	0.0006861804054569071
693.0	0.07479411415107776	0.000686382027100857
694.0	0.07463131029008842	0.000686580204629338
695.0	0.07447317124974921	0.0006872206977067231
696.0	0.07431536729606442	0.000687856269975027
697.0	0.07415789771900651	0.0006884869296076197
698.0	0.07400076181005256	0.0006891126848956919
699.0	0.0738439588621809	0.0006897335442455797
700.0	0.07368748816986793	0.0006903495161763604
701.0	0.07353134902908516	0.0006909606093173935
702.0	0.07337554073729567	0.0006915668324058918
703.0	0.07322006259345143	0.0006921681942845337
704.0	0.07306491389798973	0.0006927647038992577
705.0	0.07291602081082611	0.0006939879451066815
706.0	0.07276743114086003	0.0006952041683195476
707.0	0.07261914426978186	0.0006964133858197137
708.0	0.07247115958054234	0.0006976156100501868
709.0	0.07232347645734952	0.0006988108536110493
710.0	0.07217609428566622	0.0006999991292552313
711.0	0.07202901245220775	0.0007011804498845972
712.0	0.07188223034493905	0.0007023548285460638
713.0	0.07173574735307234	0.0007035222784276048
714.0	0.07158956286706446	0.0007046828128547062
715.0	0.07144885846981457	0.0007067851642594522
716.0	0.07130843061744935	0.0007088774541374845
717.0	0.07116827876643868	0.0007109596985886382
718.0	0.07102840237432073	0.0007130319140041347
719.0	0.07088880089969994	0.0007150941170573921
720.0	0.07074947380224465	0.0007171463246954288
721.0	0.0706104205426853	0.0007191885541303632
722.0	0.07047164058281226	0.000721220822831074
723.0	0.07033313338547365	0.0007232431485153281
724.0	0.07019489841457327	0.0007252555491418803
725.0	0.07005744349785276	0.0007281411895138166
726.0	0.06992025774391411	0.0007310140255647793
727.0	0.06978334062568561	0.0007338740715410501
728.0	0.0696466916171276	0.0007367213422867733
729.0	0.06951031019323049	0.0007395558532237952
730.0	0.06937419583001285	0.0007423776203322917
731.0	0.06923834800451924	0.0007451866601319392
732.0	0.06910276619481823	0.0007479829896639358
733.0	0.06896744988000048	0.0007507666264733647
734.0	0.06883239854017671	0.000753537588592346
735.0	0.06869336203453792	0.0007566461493374944
736.0	0.06855460637266322	0.000759740674470312
737.0	0.06841613098726843	0.0007628211759129849
738.0	0.06827793531221513	0.0007658876664036906
739.0	0.06814001878250853	0.0007689401594689161
740.0	0.06800238083429505	0.0007719786693967099
741.0	0.06786502090486003	0.0007750032112108738
742.0	0.06772793843262552	0.0007780138006461226
743.0	0.06759113285714793	0.0007810104541239235
744.0	0.06745460361911565	0.0007839931887293428
745.0	0.06731288607268238	0.0007868027213416245
746.0	0.0671714662652008	0.0007895986577574717
747.0	0.06703034357114156	0.0007923810112398564
748.0	0.0668895173662895	0.0007951497957930513
749.0	0.0667489870277409	0.0007979050261387119
750.0	0.0666087519339008	0.0008006467176929331
751.0	0.06646881146447998	0.000803374886543944
752.0	0.06632916500049259	0.0008060895494305052
753.0	0.06618981192425315	0.0008087907237210249
754.0	0.06605075161937388	0.0008114784273933547
755.0	0.06591080733689009	0.00081380132840663
756.0	0.06577115955977099	0.000816112188011961
757.0	0.06563180765979926	0.0008184110225064638
758.0	0.06549275101008847	0.0008206978486768498
759.0	0.0653539889850806	0.0008229726837846221
760.0	0.06521552096054277	0.0008252355455519872
761.0	0.06507734631356486	0.0008274864521480823
762.0	0.0649394644225565	0.0008297254221755296
763.0	0.06480187466724427	0.000831952474657465
764.0	0.06466457642866902	0.0008341676290247609
765.0	0.06453470377849116	0.000836232059128448
766.0	0.06440509196517634	0.0008382859412466313
767.0	0.06427574046485857	0.0008403292924998791
768.0	0.06414664875472384	0.0008423621303009331
769.0	0.06401781631300836	0.0008443844723463724
770.0	0.06388924261899616	0.0008463963366083702
771.0	0.0637609271530171	0.0008483977413267641
772.0	0.06363286939644475	0.0008503887050014367
773.0	0.06350506883169425	0.0008523692463846006
774.0	0.06337752494222029	0.000854339384473535
775.0	0.06326249088825771	0.0008566244606995714
776.0	0.06314766562808417	0.0008588992741314208
777.0	0.06303304878272623	0.00086116384173529
778.0	0.06291863997389835	0.0008634181806888298
779.0	0.06280443882400161	0.0008656623083751495
780.0	0.06269044495612248	0.0008678962423766908
781.0	0.0625766579940315	0.0008701200004693284
782.0	0.06246307756218211	0.0008723336006167245
783.0	0.06234970328570941	0.0008745370609645935
784.0	0.062236534790428816	0.0008767303998354986
785.0	0.06213679530810644	0.0008797586615914393
786.0	0.06203721566701509	0.0008827756662648771
787.0	0.06193779561099518	0.0008857814306153708
788.0	0.06183853488429775	0.0008887759716182126
789.0	0.061739433231583575	0.0008917593064575963
790.0	0.06164049039792277	0.0008947314525200943
791.0	0.06154170612879392	0.000897692427388192
792.0	0.06144308017008351	0.0009006422488340999
793.0	0.061344612268085276	0.0009035809348137307
794.0	0.06124630216949947	0.0009065085034608236
795.0	0.061153193004523945	0.00091056375625384
796.0	0.06106022538795694	0.0009146053085555059
797.0	0.0609673991046108	0.0009186331788453891
798.0	0.06087471393962481	0.00092264738591517
799.0	0.06078216967846508	0.0009266479488578478
800.0	0.0606897661069237	0.0009306348870571053
801.0	0.06059750301111855	0.0009346082201769575
802.0	0.060505380177492574	0.0009385679681520524
803.0	0.06041339739281336	0.0009425141511780645
804.0	0.06032155444417276	0.0009464467897024432
805.0	0.060221082931705174	0.0009513821755415476
806.0	0.060120778764474476	0.0009562995734612626
807.0	0.06002064166375066	0.0009611990062539394
808.0	0.05992067135126788	0.0009660804973384264
809.0	0.05982086754922385	0.0009709440707360623
810.0	0.059721229980279004	0.0009757897510472494
811.0	0.05962175836755562	0.0009806175634292477
812.0	0.059522452434637274	0.0009854275335746856
813.0	0.059423311905567815	0.000990219687690782
814.0	0.059324336504850805	0.0009949940524797151
815.0	0.059206377787783135	0.0010002861906179593
816.0	0.0590886536162621	0.0010055549574225938
817.0	0.05897116352392435	0.001010800387473482
818.0	0.05885390704533398	0.0010160225164153344
819.0	0.05873688371598042	0.0010212213809135601
820.0	0.058620093072276815	0.0010263970186118539
821.0	0.05850353465155809	0.001031549468091703
822.0	0.058387207992079006	0.0010366787688335314
823.0	0.058271112633012594	0.001041784961179249
824.0	0.05815524811444805	0.0010468680862966363
825.0	0.05801639751302168	0.0010520993896415323
826.0	0.05787787842921653	0.001057301672869903
827.0	0.057739690071506145	0.0010624749986683888
828.0	0.05760183165025372	0.0010676194309815607
829.0	0.05746430237770798	0.0010727350349547659
830.0	0.057327101467998354	0.0010778218768796384
831.0	0.05719022813713065	0.001082880024141703
832.0	0.05705368160298255	0.0010879095451703988
833.0	0.05691746108529909	0.0010929105093910282
834.0	0.05678156580568814	0.0010978829871786428
835.0	0.056627907900388436	0.0011030895221773474
836.0	0.056474665812291415	0.001108261713295224
837.0	0.05632183841614461	0.0011133996626299192
838.0	0.056169424589740655	0.0011185034733799135
839.0	0.056017423213908825	0.0011235732497861968
840.0	0.05586583317250712	0.0011286090970763203
841.0	0.055714653352413955	0.0011336111214108589
842.0	0.05556388264351999	0.0011385794298322117
843.0	0.05541351993871995	0.0011435141302155959
844.0	0.055263564133904576	0.0011484153312220687
845.0	0.05511015913935939	0.0011540562285914308
846.0	0.054957179978593076	0.0011596584044385027
847.0	0.05480462546954243	0.0011652219942292587
848.0	0.05465249443342547	0.0011707471341198797
849.0	0.05450078569473234	0.0011762339609083
850.0	0.054349498081216266	0.0011816826119877184
851.0	0.05419863042388453	0.0011870932253024665
852.0	0.05404818155698935	0.0011924659393055812
853.0	0.053898150318019	0.001197800892918569
854.0	0.0537485355476886	0.001203098225492815
855.0	0.0536094238919736	0.001209978249199339
856.0	0.053470672284259106	0.001216815396645744
857.0	0.05333227979267099	0.0012236098230426482
858.0	0.05319424548774685	0.0012303616837889381
859.0	0.05305656844243002	0.0012370711344406081
860.0	0.05291924773206324	0.0012437383306814064
861.0	0.05278228243438239	0.001250363428294852
862.0	0.05264567162951034	0.0012569465831375832
863.0	0.05250941439995079	0.0012634879511141846
864.0	0.05237350983058215	0.0012699876881530684
865.0	0.05226191028378866	0.0012790937332815466
866.0	0.05215054853772466	0.0012881554126633523
867.0	0.052039424085674975	0.0012971728692486946
868.0	0.05192853642200414	0.0013061462457667383
869.0	0.05181788504215404	0.0013150756847174227
870.0	0.051707469442641825	0.001323961328363645
871.0	0.05159728912105742	0.0013328033187239483
872.0	0.05148734357606131	0.001341601797565682
873.0	0.05137763230738223	0.001350356906398498
874.0	0.05126815481581494	0.001359068786468351
875.0	0.051191029508182356	0.0013712823820714998
876.0	0.051114020224095	0.0013834562202935945
877.0	0.05103712678901271	0.0013955903933261773
878.0	0.05096034902865785	0.0014076849931837047
879.0	0.05088368676901504	0.001419740111703001
880.0	0.05080713983633066	0.0014317558405433297
881.0	0.05073070805711244	0.0014437322711858907
882.0	0.050654391258129164	0.0014556694949338655
883.0	0.050578189266410195	0.0014675676029122222
884.0	0.050502101909245006	0.001479426686067553
885.0	0.05045454365483126	0.0014956533804521108
886.0	0.05040703018642597	0.001511848520618011
887.0	0.05035956146185373	0.0015280121446911003
888.0	0.05031213743897895	0.0015441442911174272
889.0	0.05026475807570568	0.0015602449986417684
890.0	0.050217423329977556	0.0015763143062878077
891.0	0.05017013315977784	0.0015923522533394035
892.0	0.05012288752312943	0.0016083588793232991
893.0	0.05007568637809473	0.0016243342239926903
894.0	0.05002852968277555	0.0016402783273122023
895.0	0.0500003418912165	0.0016613856553137506
896.0	0.04997216998162716	0.0016824692712312098
897.0	0.04994401394505909	0.0017035291804548551
898.0	0.04991587377256887	0.0017245653892336487
899.0	0.04988774945521818	0.0017455779046199643
900.0	0.049859640984073604	0.001766566734418481
901.0	0.049831548350206874	0.001787531887138719
902.0	0.04980347154469479	0.001808473371951177
903.0	0.04977541055861907	0.001829391198646448
904.0	0.049747365383066455	0.0018502853775974298
905.0	0.04973019781771781	0.0018763472642208633
906.0	0.049713036176809534	0.0019023916432895187
907.0	0.04969588045829713	0.0019284185101106045
908.0	0.04967873066013683	0.0019544278609552775
909.0	0.04966158678028554	0.001980419692993134
910.0	0.04964444881670087	0.002006394004231975
911.0	0.04962731676734116	0.002032350793462213
912.0	0.049610190630165446	0.0020582900602057357
913.0	0.049593070403133446	0.002084211804668522
914.0	0.04957595608420559	0.0021101160276969988
915.0	0.04956392330636465	0.0021400978657389615
916.0	0.04955189344904713	0.0021700657295568495
917.0	0.04953986651154422	0.0022000196182049903
918.0	0.049527842493147255	0.0022299595313843065
919.0	0.049515821393147676	0.0022598854693980566
920.0	0.049503803210837215	0.0022897974331114704
921.0	0.049491787945507654	0.0023196954239144067
922.0	0.04947977559645101	0.0023495794436868113
923.0	0.049467766162959455	0.0023794494947670967
924.0	0.04945575964432536	0.002409305579922583
925.0	0.04944334273895031	0.002441532844395897
926.0	0.04943092895109965	0.0024737445554032155
927.0	0.049418518279990706	0.0025059407172827977
928.0	0.049406110724840975	0.0025381213348231665
929.0	0.04939370628486809	0.002570286413233847
930.0	0.049381304959289954	0.002602435958118231
931.0	0.04936890674732461	0.002634569975448618
932.0	0.04935651164819034	0.002666688471542866
933.0	0.049344119661105586	0.0026987914530430114
934.0	0.049331730785288984	0.002730878926895161
935.0	0.049320777567965886	0.0027642504762996727
936.0	0.04930982678260631	0.0027976083179805642
937.0	0.04929887842867029	0.0028309524438079273
938.0	0.04928793250561799	0.002864282846634853
939.0	0.04927698901290961	0.0028975995202394915
940.0	0.0492660479500056	0.002930902459270982
941.0	0.049255109316366445	0.0029641916591992283
942.0	0.049244173111452745	0.0029974671162680652
943.0	0.04923323933472528	0.003030728827451386
944.0	0.04922230798564493	0.0030639767904125825
945.0	0.049226545379139446	0.0030993191357083843
946.0	0.049230783137417806	0.0031346710956677167
947.0	0.04923502126051141	0.003170032589468256
948.0	0.04923925974845172	0.003205403540258829
949.0	0.0492434986012701	0.003240783874945556
950.0	0.049247737818998	0.003276173523991543
951.0	0.04925197740166679	0.003311572421229092
952.0	0.049256217349307865	0.003346980503683932
953.0	0.04926045766195268	0.003382397711410193
954.0	0.049264698339632707	0.0034178239873354694
955.0	0.049289679256602804	0.0034573532006951647
956.0	0.04931467284078158	0.00349693273901384
957.0	0.049339679098592194	0.003536562336338041
958.0	0.04936469803646115	0.003576241739762461
959.0	0.04938972966081829	0.003615970708757404
960.0	0.0494147739780965	0.0036557490145371504
961.0	0.04943983099473205	0.0036955764394666236
962.0	0.04946490071716455	0.00373545277650382
963.0	0.04948998315183678	0.0037753778286747537
964.0	0.049515078305194755	0.0038153514085800975
965.0	0.04954587105381763	0.003859648878940346
966.0	0.04957668295202891	0.0039040236948593744
967.0	0.049607514011737436	0.003948475255463046
968.0	0.04963836424485944	0.003993002987865938
969.0	0.0496692336633186	0.0040376063457543
970.0	0.04970012227904611	0.0040822848080532045
971.0	0.04973103010398044	0.004127037877672733
972.0	0.049761957150067496	0.0041718650803272235
973.0	0.049792903429260696	0.004216765963423509
974.0	0.0498238689535208	0.004261740095012835
975.0	0.04984414809327541	0.00430845997017409
976.0	0.04986443548697571	0.004355249663717903
977.0	0.049884731137981225	0.004402108320553995
978.0	0.04990503504965277	0.004449035121635658
979.0	0.04992534722535264	0.004496029282213614
980.0	0.0499456676684444	0.004543090050188859
981.0	0.049965996382292974	0.004590216704558352
982.0	0.04998633337026471	0.004637408553947252
983.0	0.05000667863572735	0.004684664935222342
984.0	0.050027032182049985	0.004731985212181812
985.0	0.05003669864457036	0.0047755797890336234
986.0	0.0500463669748909	0.004819219405665993
987.0	0.05005603717337248	0.004862903406280989
988.0	0.05006570924037605	0.004906631158429307
989.0	0.05007538317626272	0.00495040205203844
990.0	0.050085058981393545	0.00499421549848788
991.0	0.050094736656129735	0.005038070929729173
992.0	0.05010441620083255	0.005081967797448265
993.0	0.05011409761586332	0.005125905572267768
994.0	0.05012378090158339	0.005169883742986926
995.0	0.05013173333453704	0.005201945079285679
996.0	0.05013968702919102	0.0052340303165306565
997.0	0.05014764198574547	0.005266139245200518
998.0	0.0501555982044006	0.005298271660891366
999.0	0.050163555685356666	0.005330427364172122
1000.0	0.05017151442881397	0.0053626061604447285
1001.0	0.05017947443497279	0.0053948078598087465
1002.0	0.0501874357040334	0.0054270322769308064
1003.0	0.05019539823619623	0.005459279230917821
1004.0	0.05020336203166172	0.005491548545194844
1005.0	0.050203803811642606	0.005492809644244039
1006.0	0.05020424559551106	0.0054940707844201315
1007.0	0.05020468738326713	0.005495331965712763
1008.0	0.05020512917491085	0.005496593188111626
1009.0	0.05020557097044228	0.005497854451606414
1010.0	0.0502060127698614	0.00549911575618678
1011.0	0.05020645457316827	0.005500377101842485
1012.0	0.050206896380362916	0.005501638488563175
1013.0	0.050207338191445385	0.00550289991633865
1014.0	0.050207780006415716	0.0055041613851585435
1015.0	0.05020822182527392	0.005505422895012685
1016.0	0.050208663648020055	0.005506684445890761
1017.0	0.0502091054746542	0.0055079460377826
1018.0	0.05020954730517628	0.005509207670677918
1019.0	0.05020998913958638	0.0055104693445664965
1020.0	0.050210430977884545	0.005511731059438132
1021.0	0.05021087282007079	0.005512992815282649
1022.0	0.05021131466614518	0.0055142546120897995
1023.0	0.050211756516107715	0.005515516449849467
1024.0	0.05021219836995846	0.005516778328551415
1025.0	0.05021264022769742	0.005518040248185536
1026.0	0.05021308208932469	0.005519302208741647
1027.0	0.05021352395484023	0.005520564210209577
1028.0	0.050213965824244075	0.005521826252579274
1029.0	0.0502144076975363	0.005523088335840515
1030.0	0.05021484957471693	0.005524350459983255
1031.0	0.050215291455785994	0.005525612624997333
1032.0	0.05021573334074352	0.00552687483087267
1033.0	0.05021617522958956	0.005528137077599237
1034.0	0.05021661712232413	0.005529399365166866
1035.0	0.05021705901894729	0.005530661693565519
1036.0	0.050217500919459035	0.005531924062785191
1037.0	0.05021794282385942	0.005533186472815722
1038.0	0.0502183847321485	0.005534448923647204
1039.0	0.05021882664432626	0.00553571141526948
1040.0	0.05021926856039277	0.005536973947672579
1041.0	0.05021971048034806	0.0055382365208465345
1042.0	0.050220152404192156	0.005539499134781292
1043.0	0.05022059433192515	0.00554076178946684
1044.0	0.05022103626354697	0.005542024484893246
1045.0	0.05022147819905771	0.005543287221050481
1046.0	0.050221920138457395	0.00554454999792863
1047.0	0.050222362081746075	0.005545812815517712
1048.0	0.050222804028923755	0.005547075673807775
1049.0	0.05022324597999049	0.005548338572788878
1050.0	0.05022368793494631	0.005549601512451111
1051.0	0.05022412989379124	0.005550864492784516
1052.0	0.05022457185652536	0.005552127513779247
1053.0	0.05022501382314864	0.005553390575425333
1054.0	0.050225455793661146	0.005554653677712919
1055.0	0.0502258977680629	0.005555916820632118
1056.0	0.05022633974635394	0.005557180004173033
1057.0	0.05022678172853433	0.005558443228325864
1058.0	0.05022722371460406	0.005559706493080682
1059.0	0.05022766570456317	0.005560969798427671
1060.0	0.050228107698411725	0.005562233144356979
1061.0	0.05022854969614978	0.005563496530858819
1062.0	0.0502289916977773	0.005564759957923327
1063.0	0.050229433703294336	0.005566023425540745
1064.0	0.05022987571270095	0.005567286933701198
1065.0	0.05023031772599714	0.005568550482394938
1066.0	0.05023075974318297	0.005569814071612191
1067.0	0.050231201764258465	0.005571077701343175
1068.0	0.05023164378922368	0.005572341371578132
1069.0	0.050232085818078656	0.005573605082307288
1070.0	0.05023252785082336	0.005574868833520888
1071.0	0.050232969887457866	0.005576132625209272
1072.0	0.05023341192798221	0.005577396457362582
1073.0	0.05023385397239642	0.005578660329971213
1074.0	0.05023429602070056	0.005579924243025403
1075.0	0.050234738072894615	0.0055811881965154705
1076.0	0.05023518012897865	0.005582452190431735
1077.0	0.05023562218895271	0.005583716224764451
1078.0	0.05023606425281681	0.005584980299504004
1079.0	0.05023650632057099	0.005586244414640746
1080.0	0.05023694839221527	0.005587508570164915
1081.0	0.050237390467749686	0.0055887727660669925
1082.0	0.0502378325471743	0.005590037002337271
1083.0	0.05023827463048912	0.005591301278966119
1084.0	0.050238716717694205	0.005592565595943953
1085.0	0.050239158808789534	0.005593829953261122
1086.0	0.05023960090377522	0.00559509435090808
1087.0	0.05024004300265129	0.005596358788875171
1088.0	0.0502404851054177	0.005597623267152841
1089.0	0.050240927212074515	0.005598887785731487
1090.0	0.0502413693226218	0.005600152344601581
1091.0	0.050241811437059566	0.005601416943753564
1092.0	0.05024225355538786	0.0056026815831778515
1093.0	0.0502426956776067	0.005603946262864952
1094.0	0.05024313780371615	0.005605210982805277
1095.0	0.050243579933716226	0.005606475742989331
1096.0	0.050244022067606954	0.0056077405434076305
1097.0	0.05024446420538836	0.005609005384050609
1098.0	0.05024490634706051	0.005610270264908841
1099.0	0.050245348492623416	0.005611535185972768
