3.500000000000000000e+02 2.430754338695655825e+00
3.510000000000000000e+02 2.430889157666617173e+00
3.520000000000000000e+02 2.431023984115155301e+00
3.530000000000000000e+02 2.431158818041687208e+00
3.540000000000000000e+02 2.445948111442850070e+00
3.550000000000000000e+02 2.453366183470371276e+00
3.560000000000000000e+02 2.460806753028543348e+00
3.570000000000000000e+02 2.468269888347881746e+00
3.580000000000000000e+02 2.475755657865829740e+00
3.590000000000000000e+02 2.483264130227397004e+00
3.600000000000000000e+02 2.490795374285767139e+00
3.610000000000000000e+02 2.498349459102950920e+00
3.620000000000000000e+02 2.505926453950405808e+00
3.630000000000000000e+02 2.513526428309678540e+00
3.640000000000000000e+02 2.521149451873036629e+00
3.650000000000000000e+02 2.541213532359960503e+00
3.660000000000000000e+02 2.561437288952357338e+00
3.670000000000000000e+02 2.581821992401637900e+00
3.680000000000000000e+02 2.602368923572249138e+00
3.690000000000000000e+02 2.623079373522144042e+00
3.700000000000000000e+02 2.643954643583918962e+00
3.710000000000000000e+02 2.664996045446561101e+00
3.720000000000000000e+02 2.686204901237895459e+00
3.730000000000000000e+02 2.707582543607635728e+00
3.740000000000000000e+02 2.729130315811134633e+00
3.750000000000000000e+02 2.765224716057014032e+00
3.760000000000000000e+02 2.801796486592456059e+00
3.770000000000000000e+02 2.838851940928468931e+00
3.780000000000000000e+02 2.876397476076068216e+00
3.790000000000000000e+02 2.914439573650610349e+00
3.800000000000000000e+02 2.952984800990737124e+00
3.810000000000000000e+02 2.992039812292123457e+00
3.820000000000000000e+02 3.031611349756204277e+00
3.830000000000000000e+02 3.071706244754111914e+00
3.840000000000000000e+02 3.112331419005994526e+00
3.850000000000000000e+02 3.161531764371439124e+00
3.860000000000000000e+02 3.211509878444064547e+00
3.870000000000000000e+02 3.262278056344107835e+00
3.880000000000000000e+02 3.313848787555473852e+00
3.890000000000000000e+02 3.366234758998276622e+00
3.900000000000000000e+02 3.419448858149958692e+00
3.910000000000000000e+02 3.473504176215727046e+00
3.920000000000000000e+02 3.528414011349130242e+00
3.930000000000000000e+02 3.584191871923534389e+00
3.940000000000000000e+02 3.640851479855319539e+00
3.950000000000000000e+02 3.694659532297796201e+00
3.960000000000000000e+02 3.749262812593884053e+00
3.970000000000000000e+02 3.804673073396032557e+00
3.980000000000000000e+02 3.860902241048842498e+00
3.990000000000000000e+02 3.917962418156063276e+00
4.000000000000000000e+02 3.975865886185515397e+00
4.010000000000000000e+02 4.034625108112528835e+00
4.020000000000000000e+02 4.094252731102433707e+00
4.030000000000000000e+02 4.154761589232691676e+00
4.040000000000000000e+02 4.216164706255277395e+00
4.050000000000000000e+02 4.266743990554201282e+00
4.060000000000000000e+02 4.317930050009797682e+00
4.070000000000000000e+02 4.369730163809501633e+00
4.080000000000000000e+02 4.422151698465627945e+00
4.090000000000000000e+02 4.475202108862975869e+00
4.100000000000000000e+02 4.528888939318983731e+00
4.110000000000000000e+02 4.583219824656602270e+00
4.120000000000000000e+02 4.638202491290055463e+00
4.130000000000000000e+02 4.693844758323616695e+00
4.140000000000000000e+02 4.750154538663562853e+00
4.150000000000000000e+02 4.794373328562889114e+00
4.160000000000000000e+02 4.839003747465913996e+00
4.170000000000000000e+02 4.884049627192481147e+00
4.180000000000000000e+02 4.929514835232525094e+00
4.190000000000000000e+02 4.975403275078122078e+00
4.200000000000000000e+02 5.021718886558626416e+00
4.210000000000000000e+02 5.068465646178931472e+00
4.220000000000000000e+02 5.115647567460884559e+00
4.230000000000000000e+02 5.163268701287869078e+00
4.240000000000000000e+02 5.211333136252598308e+00
4.250000000000000000e+02 5.247518234242258828e+00
4.260000000000000000e+02 5.283954584892669004e+00
4.270000000000000000e+02 5.320643932786623509e+00
4.280000000000000000e+02 5.357588034620503592e+00
4.290000000000000000e+02 5.394788659288375143e+00
4.300000000000000000e+02 5.432247587966697822e+00
4.310000000000000000e+02 5.469966614199597288e+00
4.320000000000000000e+02 5.507947543984736960e+00
4.330000000000000000e+02 5.546192195859809715e+00
4.340000000000000000e+02 5.584702400989583815e+00
4.350000000000000000e+02 5.612558308682193520e+00
4.360000000000000000e+02 5.640553158710071457e+00
4.370000000000000000e+02 5.668687644102962331e+00
4.380000000000000000e+02 5.696962461347365725e+00
4.390000000000000000e+02 5.725378310403788085e+00
4.400000000000000000e+02 5.753935894724056865e+00
4.410000000000000000e+02 5.782635921268751922e+00
4.420000000000000000e+02 5.811479100524693742e+00
4.430000000000000000e+02 5.840466146522537372e+00
4.440000000000000000e+02 5.869597776854441840e+00
4.450000000000000000e+02 5.891669993730562105e+00
4.460000000000000000e+02 5.913825211653146674e+00
4.470000000000000000e+02 5.936063742741901628e+00
4.480000000000000000e+02 5.958385900290227966e+00
4.490000000000000000e+02 5.980791998769654505e+00
4.500000000000000000e+02 6.003282353834246798e+00
4.510000000000000000e+02 6.025857282325072006e+00
4.520000000000000000e+02 6.048517102274660218e+00
4.530000000000000000e+02 6.071262132911470211e+00
4.540000000000000000e+02 6.094092694664410281e+00
4.550000000000000000e+02 6.114560579078812452e+00
4.560000000000000000e+02 6.135097207818809295e+00
4.570000000000000000e+02 6.155702811772076899e+00
4.580000000000000000e+02 6.176377622601767037e+00
4.590000000000000000e+02 6.197121872749092653e+00
4.600000000000000000e+02 6.217935795435967528e+00
4.610000000000000000e+02 6.238819624667609531e+00
4.620000000000000000e+02 6.259773595235173183e+00
4.630000000000000000e+02 6.280797942718398197e+00
4.640000000000000000e+02 6.301892903488248265e+00
4.650000000000000000e+02 6.322606747251967363e+00
4.660000000000000000e+02 6.343388675848293801e+00
4.670000000000000000e+02 6.364238913066910364e+00
4.680000000000000000e+02 6.385157683433078546e+00
4.690000000000000000e+02 6.406145212210043738e+00
4.700000000000000000e+02 6.427201725401494592e+00
4.710000000000000000e+02 6.448327449753961993e+00
4.720000000000000000e+02 6.469522612759281976e+00
4.730000000000000000e+02 6.490787442657032003e+00
4.740000000000000000e+02 6.512122168437006309e+00
4.750000000000000000e+02 6.532312451721434599e+00
4.760000000000000000e+02 6.552565333269316561e+00
4.770000000000000000e+02 6.572881007161254452e+00
4.780000000000000000e+02 6.593259668079603841e+00
4.790000000000000000e+02 6.613701511310298820e+00
4.800000000000000000e+02 6.634206732744751811e+00
4.810000000000000000e+02 6.654775528881717861e+00
4.820000000000000000e+02 6.675408096829173132e+00
4.830000000000000000e+02 6.696104634306220049e+00
4.840000000000000000e+02 6.716865339644964017e+00
4.850000000000000000e+02 6.734383553822784307e+00
4.860000000000000000e+02 6.751947457144643394e+00
4.870000000000000000e+02 6.769557168772109002e+00
4.880000000000000000e+02 6.787212808177532253e+00
4.890000000000000000e+02 6.804914495144863906e+00
4.900000000000000000e+02 6.822662349770457269e+00
4.910000000000000000e+02 6.840456492463892424e+00
4.920000000000000000e+02 6.858297043948789806e+00
4.930000000000000000e+02 6.876184125263624658e+00
4.940000000000000000e+02 6.894117857762551260e+00
4.950000000000000000e+02 6.907101662134010667e+00
4.960000000000000000e+02 6.920109919115570385e+00
4.970000000000000000e+02 6.933142674759229074e+00
4.980000000000000000e+02 6.946199975203715127e+00
4.990000000000000000e+02 6.959281866674650985e+00
5.000000000000000000e+02 6.972388395484716561e+00
5.010000000000000000e+02 6.985519608033814443e+00
5.020000000000000000e+02 6.998675550809233314e+00
5.030000000000000000e+02 7.011856270385807832e+00
5.040000000000000000e+02 7.025061813426094481e+00
5.050000000000000000e+02 7.031710650052536593e+00
5.060000000000000000e+02 7.038365779439052616e+00
5.070000000000000000e+02 7.045027207541393111e+00
5.080000000000000000e+02 7.051694940320949456e+00
5.090000000000000000e+02 7.058368983744750302e+00
5.100000000000000000e+02 7.065049343785478442e+00
5.110000000000000000e+02 7.071736026421468146e+00
5.120000000000000000e+02 7.078429037636707832e+00
5.130000000000000000e+02 7.085128383420850717e+00
5.140000000000000000e+02 7.091834069769219262e+00
5.150000000000000000e+02 7.092729806759515476e+00
5.160000000000000000e+02 7.093625656886239028e+00
5.170000000000000000e+02 7.094521620163675379e+00
5.180000000000000000e+02 7.095417696606119762e+00
5.190000000000000000e+02 7.096313886227862966e+00
5.200000000000000000e+02 7.097210189043202888e+00
5.210000000000000000e+02 7.098106605066435648e+00
5.220000000000000000e+02 7.099003134311857366e+00
5.230000000000000000e+02 7.099899776793771267e+00
5.240000000000000000e+02 7.100796532526477911e+00
5.250000000000000000e+02 7.098231123618464089e+00
5.260000000000000000e+02 7.095666641553352250e+00
5.270000000000000000e+02 7.093103085996287582e+00
5.280000000000000000e+02 7.090540456612537845e+00
5.290000000000000000e+02 7.087978753067491589e+00
5.300000000000000000e+02 7.085417975026657267e+00
5.310000000000000000e+02 7.082858122155664127e+00
5.320000000000000000e+02 7.080299194120259543e+00
5.330000000000000000e+02 7.077741190586317011e+00
5.340000000000000000e+02 7.075184111219829930e+00
5.350000000000000000e+02 7.070871786187852948e+00
5.360000000000000000e+02 7.066562089518174439e+00
5.370000000000000000e+02 7.062255019608812745e+00
5.380000000000000000e+02 7.057950574858749881e+00
5.390000000000000000e+02 7.053648753667953741e+00
5.400000000000000000e+02 7.049349554437367438e+00
5.410000000000000000e+02 7.045052975568906639e+00
5.420000000000000000e+02 7.040759015465455128e+00
5.430000000000000000e+02 7.036467672530878126e+00
5.440000000000000000e+02 7.032178945170012518e+00
5.450000000000000000e+02 7.027224845374800744e+00
5.460000000000000000e+02 7.022274235693391375e+00
5.470000000000000000e+02 7.017327113667031213e+00
5.480000000000000000e+02 7.012383476838701668e+00
5.490000000000000000e+02 7.007443322753117876e+00
5.500000000000000000e+02 7.002506648956719815e+00
5.510000000000000000e+02 6.997573452997680299e+00
5.520000000000000000e+02 6.992643732425895209e+00
5.530000000000000000e+02 6.987717484792994149e+00
5.540000000000000000e+02 6.982794707652321797e+00
5.550000000000000000e+02 6.977812580228143879e+00
5.560000000000000000e+02 6.972834007482960672e+00
5.570000000000000000e+02 6.967858986880558270e+00
5.580000000000000000e+02 6.962887515886530210e+00
5.590000000000000000e+02 6.957919591968282802e+00
5.600000000000000000e+02 6.952955212595023582e+00
5.610000000000000000e+02 6.947994375237772857e+00
5.620000000000000000e+02 6.943037077369345056e+00
5.630000000000000000e+02 6.938083316464369155e+00
5.640000000000000000e+02 6.933133089999267362e+00
5.650000000000000000e+02 6.928251291451481109e+00
5.660000000000000000e+02 6.923372930304467765e+00
5.670000000000000000e+02 6.918498004137865642e+00
5.680000000000000000e+02 6.913626510533021907e+00
5.690000000000000000e+02 6.908758447072972153e+00
5.700000000000000000e+02 6.903893811342471487e+00
5.710000000000000000e+02 6.899032600927961667e+00
5.720000000000000000e+02 6.894174813417587977e+00
5.730000000000000000e+02 6.889320446401197451e+00
5.740000000000000000e+02 6.884469497470329991e+00
5.750000000000000000e+02 6.879717700203553221e+00
5.760000000000000000e+02 6.874969182721411443e+00
5.770000000000000000e+02 6.870223942760128821e+00
5.780000000000000000e+02 6.865481978057498935e+00
5.790000000000000000e+02 6.860743286352870562e+00
5.800000000000000000e+02 6.856007865387155675e+00
5.810000000000000000e+02 6.851275712902828552e+00
5.820000000000000000e+02 6.846546826643913342e+00
5.830000000000000000e+02 6.841821204356000941e+00
5.840000000000000000e+02 6.837098843786231228e+00
5.850000000000000000e+02 6.832487596924954332e+00
5.860000000000000000e+02 6.827879460095886976e+00
5.870000000000000000e+02 6.823274431201479473e+00
5.880000000000000000e+02 6.818672508145603217e+00
5.890000000000000000e+02 6.814073688833543585e+00
5.900000000000000000e+02 6.809477971171994604e+00
5.910000000000000000e+02 6.804885353069064280e+00
5.920000000000000000e+02 6.800295832434266607e+00
5.930000000000000000e+02 6.795709407178535777e+00
5.940000000000000000e+02 6.791126075214205748e+00
5.950000000000000000e+02 6.786433559738230592e+00
5.960000000000000000e+02 6.781744286684975087e+00
5.970000000000000000e+02 6.777058253813999400e+00
5.980000000000000000e+02 6.772375458886411792e+00
5.990000000000000000e+02 6.767695899664866843e+00
6.000000000000000000e+02 6.763019573913562787e+00
6.010000000000000000e+02 6.758346479398242401e+00
6.020000000000000000e+02 6.753676613886200109e+00
6.030000000000000000e+02 6.749009975146258888e+00
6.040000000000000000e+02 6.691708661392108404e+00
6.050000000000000000e+02 6.685145284844518088e+00
6.060000000000000000e+02 6.678588345802484838e+00
6.070000000000000000e+02 6.672037837951962480e+00
6.080000000000000000e+02 6.665493754985094554e+00
6.090000000000000000e+02 6.658956090600214317e+00
6.100000000000000000e+02 6.652424838501830529e+00
6.110000000000000000e+02 6.645899992400632783e+00
6.120000000000000000e+02 6.639381546013476409e+00
6.130000000000000000e+02 6.632869493063378030e+00
6.140000000000000000e+02 6.626363827279514673e+00
6.150000000000000000e+02 6.618117444565900342e+00
6.160000000000000000e+02 6.609881324317438356e+00
6.170000000000000000e+02 6.601655453762686143e+00
6.180000000000000000e+02 6.593439820146097752e+00
6.190000000000000000e+02 6.585234410728000753e+00
6.200000000000000000e+02 6.577039212784574040e+00
6.210000000000000000e+02 6.568854213607832726e+00
6.220000000000000000e+02 6.560679400505609493e+00
6.230000000000000000e+02 6.552514760801528837e+00
6.240000000000000000e+02 6.544360281834992854e+00
6.250000000000000000e+02 6.534721103512200813e+00
6.260000000000000000e+02 6.525096122720523084e+00
6.270000000000000000e+02 6.515485318548442706e+00
6.280000000000000000e+02 6.505888670115235861e+00
6.290000000000000000e+02 6.496306156570934576e+00
6.300000000000000000e+02 6.486737757096280532e+00
6.310000000000000000e+02 6.477183450902687767e+00
6.320000000000000000e+02 6.467643217232183162e+00
6.330000000000000000e+02 6.458117035357363811e+00
6.340000000000000000e+02 6.448604884581364161e+00
6.350000000000000000e+02 6.438259248406266622e+00
6.360000000000000000e+02 6.427930209958856445e+00
6.370000000000000000e+02 6.417617742611049891e+00
6.380000000000000000e+02 6.407321819777465954e+00
6.390000000000000000e+02 6.397042414915385500e+00
6.400000000000000000e+02 6.386779501524670444e+00
6.410000000000000000e+02 6.376533053147697139e+00
6.420000000000000000e+02 6.366303043369288872e+00
6.430000000000000000e+02 6.356089445816643924e+00
6.440000000000000000e+02 6.345892234159277834e+00
6.450000000000000000e+02 6.335602866146222922e+00
6.460000000000000000e+02 6.325330181538778795e+00
6.470000000000000000e+02 6.315074153286107439e+00
6.480000000000000000e+02 6.304834754381236195e+00
6.490000000000000000e+02 6.294611957860972495e+00
6.500000000000000000e+02 6.284405736805852349e+00
6.510000000000000000e+02 6.274216064340052412e+00
6.520000000000000000e+02 6.264042913631328702e+00
6.530000000000000000e+02 6.253886257890945544e+00
6.540000000000000000e+02 6.243746070373602741e+00
6.550000000000000000e+02 6.234304868318867321e+00
6.560000000000000000e+02 6.224877942356600080e+00
6.570000000000000000e+02 6.215465270899842132e+00
6.580000000000000000e+02 6.206066832394278698e+00
6.590000000000000000e+02 6.196682605318190262e+00
6.600000000000000000e+02 6.187312568182397499e+00
6.610000000000000000e+02 6.177956699530211537e+00
6.620000000000000000e+02 6.168614977937396660e+00
6.630000000000000000e+02 6.159287382012105461e+00
6.640000000000000000e+02 6.149973890394839771e+00
6.650000000000000000e+02 6.141940266629501544e+00
6.660000000000000000e+02 6.133917137073073178e+00
6.670000000000000000e+02 6.125904488017119398e+00
6.680000000000000000e+02 6.117902305771111493e+00
6.690000000000000000e+02 6.109910576662401560e+00
6.700000000000000000e+02 6.101929287036208294e+00
6.710000000000000000e+02 6.093958423255580570e+00
6.720000000000000000e+02 6.085997971701385012e+00
6.730000000000000000e+02 6.078047918772278457e+00
6.740000000000000000e+02 6.070108250884683088e+00
6.750000000000000000e+02 6.063767723761344541e+00
6.760000000000000000e+02 6.057433819630962724e+00
6.770000000000000000e+02 6.051106531575495495e+00
6.780000000000000000e+02 6.044785852684130489e+00
6.790000000000000000e+02 6.038471776053268236e+00
6.800000000000000000e+02 6.032164294786520387e+00
6.810000000000000000e+02 6.025863401994704383e+00
6.820000000000000000e+02 6.019569090795836352e+00
6.830000000000000000e+02 6.013281354315117788e+00
6.840000000000000000e+02 6.007000185684927551e+00
6.850000000000000000e+02 6.002493645442966042e+00
6.860000000000000000e+02 5.997990486074037619e+00
6.870000000000000000e+02 5.993490705041765843e+00
6.880000000000000000e+02 5.988994299811670530e+00
6.890000000000000000e+02 5.984501267851174866e+00
6.900000000000000000e+02 5.980011606629602738e+00
6.910000000000000000e+02 5.975525313618174295e+00
6.920000000000000000e+02 5.971042386290012161e+00
6.930000000000000000e+02 5.966562822120128118e+00
6.940000000000000000e+02 5.962086618585431985e+00
6.950000000000000000e+02 5.959604722460649207e+00
6.960000000000000000e+02 5.957123859499044549e+00
6.970000000000000000e+02 5.954644029270535377e+00
6.980000000000000000e+02 5.952165231345216689e+00
6.990000000000000000e+02 5.949687465293362010e+00
7.000000000000000000e+02 5.947210730685421609e+00
7.010000000000000000e+02 5.944735027092026058e+00
7.020000000000000000e+02 5.942260354083986229e+00
7.030000000000000000e+02 5.939786711232287963e+00
7.040000000000000000e+02 5.937314098108101845e+00
7.050000000000000000e+02 5.936669248591461390e+00
7.060000000000000000e+02 5.936024469111693236e+00
7.070000000000000000e+02 5.935379759661187471e+00
7.080000000000000000e+02 5.934735120232340400e+00
7.090000000000000000e+02 5.934090550817545662e+00
7.100000000000000000e+02 5.933446051409200450e+00
7.110000000000000000e+02 5.932801621999701069e+00
7.120000000000000000e+02 5.932157262581444712e+00
7.130000000000000000e+02 5.931512973146826795e+00
7.140000000000000000e+02 5.930868753688252504e+00
7.150000000000000000e+02 5.931346709657583816e+00
7.160000000000000000e+02 5.931824704144359472e+00
7.170000000000000000e+02 5.932302737151686323e+00
7.180000000000000000e+02 5.932780808682663221e+00
7.190000000000000000e+02 5.933258918740399679e+00
7.200000000000000000e+02 5.933737067327996328e+00
7.210000000000000000e+02 5.934215254448560906e+00
7.220000000000000000e+02 5.934693480105199370e+00
7.230000000000000000e+02 5.935171744301015018e+00
7.240000000000000000e+02 5.935650047039112920e+00
7.250000000000000000e+02 5.936593663112724961e+00
7.260000000000000000e+02 5.937537429197083050e+00
7.270000000000000000e+02 5.938481345316035664e+00
7.280000000000000000e+02 5.939425411493433948e+00
7.290000000000000000e+02 5.940369627753132598e+00
7.300000000000000000e+02 5.941313994118991637e+00
7.310000000000000000e+02 5.942258510614877309e+00
7.320000000000000000e+02 5.943203177264650527e+00
7.330000000000000000e+02 5.944147994092184639e+00
7.340000000000000000e+02 5.945092961121356545e+00
7.350000000000000000e+02 5.945970492467095525e+00
7.360000000000000000e+02 5.946848153341715459e+00
7.370000000000000000e+02 5.947725943764342382e+00
7.380000000000000000e+02 5.948603863754095222e+00
7.390000000000000000e+02 5.949481913330098237e+00
7.400000000000000000e+02 5.950360092511483678e+00
7.410000000000000000e+02 5.951238401317374027e+00
7.420000000000000000e+02 5.952116839766909528e+00
7.430000000000000000e+02 5.952995407879223322e+00
7.440000000000000000e+02 5.953874105673456540e+00
7.450000000000000000e+02 5.954285876735479377e+00
7.460000000000000000e+02 5.954697676275667817e+00
7.470000000000000000e+02 5.955109504295990952e+00
7.480000000000000000e+02 5.955521360798415209e+00
7.490000000000000000e+02 5.955933245784915897e+00
7.500000000000000000e+02 5.956345159257459443e+00
7.510000000000000000e+02 5.956757101218016714e+00
7.520000000000000000e+02 5.957169071668559468e+00
7.530000000000000000e+02 5.957581070611055907e+00
7.540000000000000000e+02 5.957993098047476899e+00
7.550000000000000000e+02 5.958197360024129807e+00
7.560000000000000000e+02 5.958401629003637900e+00
7.570000000000000000e+02 5.958605904986240098e+00
7.580000000000000000e+02 5.958810187972174433e+00
7.590000000000000000e+02 5.959014477961682488e+00
7.600000000000000000e+02 5.959218774955004960e+00
7.610000000000000000e+02 5.959423078952382546e+00
7.620000000000000000e+02 5.959627389954055943e+00
7.630000000000000000e+02 5.959831707960263181e+00
7.640000000000000000e+02 5.960036032971246733e+00
7.650000000000000000e+02 5.960742387219911897e+00
7.660000000000000000e+02 5.961448825182221078e+00
7.670000000000000000e+02 5.962155346868096117e+00
7.680000000000000000e+02 5.962861952287454415e+00
7.690000000000000000e+02 5.963568641450222252e+00
7.700000000000000000e+02 5.964275414366325911e+00
7.710000000000000000e+02 5.964982271045690787e+00
7.720000000000000000e+02 5.965689211498243161e+00
7.730000000000000000e+02 5.966396235733913755e+00
7.740000000000000000e+02 5.967103343762626189e+00
7.750000000000000000e+02 5.968671613183942348e+00
7.760000000000000000e+02 5.970240294776600010e+00
7.770000000000000000e+02 5.971809388648922301e+00
7.780000000000000000e+02 5.973378894909264325e+00
7.790000000000000000e+02 5.974948813666009606e+00
7.800000000000000000e+02 5.976519145027574531e+00
7.810000000000000000e+02 5.978089889102395027e+00
7.820000000000000000e+02 5.979661045998942548e+00
7.830000000000000000e+02 5.981232615825713417e+00
7.840000000000000000e+02 5.982804598691233267e+00
7.850000000000000000e+02 5.985146931390730174e+00
7.860000000000000000e+02 5.987490181138812595e+00
7.870000000000000000e+02 5.989834348294508892e+00
7.880000000000000000e+02 5.992179433217001083e+00
7.890000000000000000e+02 5.994525436265594642e+00
7.900000000000000000e+02 5.996872357799754916e+00
7.910000000000000000e+02 5.999220198179077812e+00
7.920000000000000000e+02 6.001568957763295131e+00
7.930000000000000000e+02 6.003918636912294104e+00
7.940000000000000000e+02 6.006269235986086308e+00
7.950000000000000000e+02 6.008711547130859643e+00
7.960000000000000000e+02 6.011154851385244413e+00
7.970000000000000000e+02 6.013599149153074030e+00
7.980000000000000000e+02 6.016044440838332008e+00
7.990000000000000000e+02 6.018490726845174166e+00
8.000000000000000000e+02 6.020938007577913531e+00
8.010000000000000000e+02 6.023386283441039879e+00
8.020000000000000000e+02 6.025835554839194863e+00
8.030000000000000000e+02 6.028285822177190667e+00
8.040000000000000000e+02 6.030737085860006452e+00
8.050000000000000000e+02 6.032465034683244909e+00
8.060000000000000000e+02 6.034193478604693794e+00
8.070000000000000000e+02 6.035922417766210302e+00
8.080000000000000000e+02 6.037651852309692480e+00
8.090000000000000000e+02 6.039381782377077457e+00
8.100000000000000000e+02 6.041112208110349435e+00
8.110000000000000000e+02 6.042843129651521927e+00
8.120000000000000000e+02 6.044574547142656407e+00
8.130000000000000000e+02 6.046306460725856979e+00
8.140000000000000000e+02 6.048038870543266832e+00
8.150000000000000000e+02 6.048501856082894257e+00
8.160000000000000000e+02 6.048964877064689993e+00
8.170000000000000000e+02 6.049427933491365650e+00
8.180000000000000000e+02 6.049891025365637276e+00
8.190000000000000000e+02 6.050354152690216480e+00
8.200000000000000000e+02 6.050817315467814872e+00
8.210000000000000000e+02 6.051280513701152941e+00
8.220000000000000000e+02 6.051743747392938744e+00
8.230000000000000000e+02 6.052207016545890106e+00
8.240000000000000000e+02 6.052670321162721301e+00
8.250000000000000000e+02 6.051472654181592858e+00
8.260000000000000000e+02 6.050275224187799061e+00
8.270000000000000000e+02 6.049078031134445865e+00
8.280000000000000000e+02 6.047881074974644555e+00
8.290000000000000000e+02 6.046684355661524179e+00
8.300000000000000000e+02 6.045487873148219116e+00
8.310000000000000000e+02 6.044291627387869958e+00
8.320000000000000000e+02 6.043095618333635066e+00
8.330000000000000000e+02 6.041899845938669245e+00
8.340000000000000000e+02 6.040704310156145063e+00
8.350000000000000000e+02 6.038321114895086161e+00
8.360000000000000000e+02 6.035938859858765326e+00
8.370000000000000000e+02 6.033557544676246387e+00
8.380000000000000000e+02 6.031177168976740610e+00
8.390000000000000000e+02 6.028797732389594266e+00
8.400000000000000000e+02 6.026419234544304615e+00
8.410000000000000000e+02 6.024041675070519908e+00
8.420000000000000000e+02 6.021665053598034945e+00
8.430000000000000000e+02 6.019289369756782193e+00
8.440000000000000000e+02 6.016914623176841559e+00
8.450000000000000000e+02 6.014834830306045710e+00
8.460000000000000000e+02 6.012755756331667811e+00
8.470000000000000000e+02 6.010677401005219522e+00
8.480000000000000000e+02 6.008599764078293326e+00
8.490000000000000000e+02 6.006522845302569635e+00
8.500000000000000000e+02 6.004446644429810576e+00
8.510000000000000000e+02 6.002371161211874195e+00
8.520000000000000000e+02 6.000296395400690486e+00
8.530000000000000000e+02 5.998222346748288025e+00
8.540000000000000000e+02 5.996149015006770888e+00
8.550000000000000000e+02 5.995570803612091382e+00
8.560000000000000000e+02 5.994992647974595634e+00
8.570000000000000000e+02 5.994414548088918160e+00
8.580000000000000000e+02 5.993836503949674821e+00
8.590000000000000000e+02 5.993258515551494803e+00
8.600000000000000000e+02 5.992680582888998408e+00
8.610000000000000000e+02 5.992102705956815711e+00
8.620000000000000000e+02 5.991524884749567903e+00
8.630000000000000000e+02 5.990947119261881504e+00
8.640000000000000000e+02 5.990369409488389252e+00
8.650000000000000000e+02 5.992284201621778550e+00
8.660000000000000000e+02 5.994199605809060749e+00
8.670000000000000000e+02 5.996115622245874022e+00
8.680000000000000000e+02 5.998032251127926706e+00
8.690000000000000000e+02 5.999949492650973326e+00
8.700000000000000000e+02 6.001867347010849230e+00
8.710000000000000000e+02 6.003785814403444832e+00
8.720000000000000000e+02 6.005704895024712719e+00
8.730000000000000000e+02 6.007624589070664989e+00
8.740000000000000000e+02 6.009544896737383901e+00
8.750000000000000000e+02 6.014564233489567258e+00
8.760000000000000000e+02 6.019587762529498676e+00
8.770000000000000000e+02 6.024615487358691901e+00
8.780000000000000000e+02 6.029647411481581010e+00
8.790000000000000000e+02 6.034683538405537284e+00
8.800000000000000000e+02 6.039723871640849673e+00
8.810000000000000000e+02 6.044768414700746106e+00
8.820000000000000000e+02 6.049817171101388169e+00
8.830000000000000000e+02 6.054870144361877315e+00
8.840000000000000000e+02 6.059927338004245101e+00
8.850000000000000000e+02 6.067710887725446867e+00
8.860000000000000000e+02 6.075504434867883496e+00
8.870000000000000000e+02 6.083307992272543707e+00
8.880000000000000000e+02 6.091121572796899031e+00
8.890000000000000000e+02 6.098945189314939341e+00
8.900000000000000000e+02 6.106778854717196836e+00
8.910000000000000000e+02 6.114622581910754029e+00
8.920000000000000000e+02 6.122476383819267731e+00
8.930000000000000000e+02 6.130340273383006355e+00
8.940000000000000000e+02 6.138214263558849915e+00
8.950000000000000000e+02 6.147775832516974681e+00
8.960000000000000000e+02 6.157352295644156648e+00
8.970000000000000000e+02 6.166943676141216635e+00
8.980000000000000000e+02 6.176549997245118995e+00
8.990000000000000000e+02 6.186171282229024015e+00
9.000000000000000000e+02 6.195807554402344763e+00
9.010000000000000000e+02 6.205458837110798598e+00
9.020000000000000000e+02 6.215125153736485331e+00
9.030000000000000000e+02 6.224806527697905878e+00
9.040000000000000000e+02 6.234502982450050190e+00
9.050000000000000000e+02 6.244874061752136996e+00
9.060000000000000000e+02 6.255262393317345015e+00
9.070000000000000000e+02 6.265668005844771571e+00
9.080000000000000000e+02 6.276090928081249132e+00
9.090000000000000000e+02 6.286531188821434135e+00
9.100000000000000000e+02 6.296988816907880704e+00
9.110000000000000000e+02 6.307463841231125912e+00
9.120000000000000000e+02 6.317956290729764390e+00
9.130000000000000000e+02 6.328466194390524713e+00
9.140000000000000000e+02 6.338993581248363540e+00
9.150000000000000000e+02 6.349607235414588935e+00
9.160000000000000000e+02 6.360238660486133178e+00
9.170000000000000000e+02 6.370887886217604823e+00
9.180000000000000000e+02 6.381554942413424136e+00
9.190000000000000000e+02 6.392239858927917240e+00
9.200000000000000000e+02 6.402942665665397826e+00
9.210000000000000000e+02 6.413663392580247979e+00
9.220000000000000000e+02 6.424402069677002558e+00
9.230000000000000000e+02 6.435158727010437119e+00
9.240000000000000000e+02 6.445933394685649631e+00
9.250000000000000000e+02 6.456594090059602387e+00
9.260000000000000000e+02 6.467272416770843080e+00
9.270000000000000000e+02 6.477968403979208922e+00
9.280000000000000000e+02 6.488682080892752779e+00
9.290000000000000000e+02 6.499413476767840869e+00
9.300000000000000000e+02 6.510162620909215825e+00
9.310000000000000000e+02 6.520929542670087287e+00
9.320000000000000000e+02 6.531714271452225162e+00
9.330000000000000000e+02 6.542516836706006700e+00
9.340000000000000000e+02 6.553337267930532839e+00
9.350000000000000000e+02 6.564715778587184580e+00
9.360000000000000000e+02 6.576114045667083907e+00
9.370000000000000000e+02 6.587532103473166423e+00
9.380000000000000000e+02 6.598969986367919205e+00
9.390000000000000000e+02 6.610427728773499823e+00
9.400000000000000000e+02 6.621905365171819824e+00
9.410000000000000000e+02 6.633402930104682405e+00
9.420000000000000000e+02 6.644920458173837474e+00
9.430000000000000000e+02 6.656457984041145970e+00
9.440000000000000000e+02 6.668015542428628706e+00
9.450000000000000000e+02 6.681327283307153309e+00
9.460000000000000000e+02 6.694665599175504411e+00
9.470000000000000000e+02 6.708030543086854536e+00
9.480000000000000000e+02 6.721422168200295033e+00
9.490000000000000000e+02 6.734840527781031483e+00
9.500000000000000000e+02 6.748285675200611955e+00
9.510000000000000000e+02 6.761757663937129514e+00
9.520000000000000000e+02 6.775256547575439825e+00
9.530000000000000000e+02 6.788782379807377865e+00
9.540000000000000000e+02 6.802335214431961319e+00
9.550000000000000000e+02 6.816276084398523061e+00
9.560000000000000000e+02 6.830245525120466787e+00
9.570000000000000000e+02 6.844243595151384696e+00
9.580000000000000000e+02 6.858270353164872546e+00
9.590000000000000000e+02 6.872325857954777462e+00
9.600000000000000000e+02 6.886410168435441292e+00
9.610000000000000000e+02 6.900523343641929763e+00
9.620000000000000000e+02 6.914665442730321132e+00
9.630000000000000000e+02 6.928836524977904254e+00
9.640000000000000000e+02 6.943036649783480563e+00
9.650000000000000000e+02 6.942928008311184840e+00
9.660000000000000000e+02 6.942819368538867053e+00
9.670000000000000000e+02 6.942710730466489011e+00
9.680000000000000000e+02 6.942602094094032950e+00
9.690000000000000000e+02 6.942493459421464230e+00
9.700000000000000000e+02 6.942384826448768642e+00
9.710000000000000000e+02 6.942276195175909770e+00
9.720000000000000000e+02 6.942167565602860080e+00
9.730000000000000000e+02 6.942058937729600032e+00
9.740000000000000000e+02 6.941950311556099429e+00
9.750000000000000000e+02 6.917887639317331860e+00
9.760000000000000000e+02 6.893908374790990834e+00
9.770000000000000000e+02 6.870012228863449977e+00
9.780000000000000000e+02 6.846198913423221732e+00
9.790000000000000000e+02 6.822468141357499682e+00
9.800000000000000000e+02 6.798819626548683104e+00
9.810000000000000000e+02 6.775253083870926396e+00
9.820000000000000000e+02 6.751768229186717818e+00
9.830000000000000000e+02 6.728364779343436020e+00
9.840000000000000000e+02 6.705042452169949208e+00
9.850000000000000000e+02 6.669844849193238723e+00
9.860000000000000000e+02 6.634832013317427446e+00
9.870000000000000000e+02 6.600002974621880014e+00
9.880000000000000000e+02 6.565356768277474053e+00
9.890000000000000000e+02 6.530892434519902423e+00
9.900000000000000000e+02 6.496609018623042076e+00
9.910000000000000000e+02 6.462505570872547622e+00
9.920000000000000000e+02 6.428581146539521285e+00
9.930000000000000000e+02 6.394834805854350712e+00
9.940000000000000000e+02 6.361265613980661371e+00
9.950000000000000000e+02 6.332557910001223256e+00
9.960000000000000000e+02 6.303979760786164732e+00
9.970000000000000000e+02 6.275530581668828489e+00
9.980000000000000000e+02 6.247209790621130132e+00
9.990000000000000000e+02 6.219016808241577543e+00
1.000000000000000000e+03 6.190951057743473207e+00
1.001000000000000000e+03 6.163011964943089005e+00
1.002000000000000000e+03 6.135198958247925383e+00
1.003000000000000000e+03 6.107511468645030028e+00
1.004000000000000000e+03 6.079948929689331649e+00
1.005000000000000000e+03 6.078825813824553670e+00
1.006000000000000000e+03 6.077702905426853874e+00
1.007000000000000000e+03 6.076580204457910916e+00
1.008000000000000000e+03 6.075457710879402562e+00
1.009000000000000000e+03 6.074335424653027893e+00
1.010000000000000000e+03 6.073213345740470892e+00
1.011000000000000000e+03 6.072091474103446629e+00
1.012000000000000000e+03 6.070969809703659514e+00
1.013000000000000000e+03 6.069848352502833499e+00
1.014000000000000000e+03 6.068727102462687206e+00
1.015000000000000000e+03 6.067606059544957020e+00
1.016000000000000000e+03 6.066485223711381991e+00
1.017000000000000000e+03 6.065364594923716268e+00
1.018000000000000000e+03 6.064244173143696237e+00
1.019000000000000000e+03 6.063123958333094699e+00
1.020000000000000000e+03 6.062003950453673795e+00
1.021000000000000000e+03 6.060884149467212545e+00
1.022000000000000000e+03 6.059764555335489966e+00
1.023000000000000000e+03 6.058645168020297511e+00
1.024000000000000000e+03 6.057525987483426633e+00
1.025000000000000000e+03 6.056407013686686547e+00
1.026000000000000000e+03 6.055288246591887358e+00
1.027000000000000000e+03 6.054169686160839170e+00
1.028000000000000000e+03 6.053051332355366299e+00
1.029000000000000000e+03 6.051933185137306381e+00
1.030000000000000000e+03 6.050815244468490839e+00
1.031000000000000000e+03 6.049697510310773296e+00
1.032000000000000000e+03 6.048579982625998497e+00
1.033000000000000000e+03 6.047462661376030724e+00
1.034000000000000000e+03 6.046345546522731595e+00
1.035000000000000000e+03 6.045228638027983159e+00
1.036000000000000000e+03 6.044111935853656803e+00
1.037000000000000000e+03 6.042995439961642568e+00
1.038000000000000000e+03 6.041879150313834934e+00
1.039000000000000000e+03 6.040763066872139042e+00
1.040000000000000000e+03 6.039647189598457366e+00
1.041000000000000000e+03 6.038531518454713698e+00
1.042000000000000000e+03 6.037416053402823835e+00
1.043000000000000000e+03 6.036300794404727554e+00
1.044000000000000000e+03 6.035185741422345096e+00
1.045000000000000000e+03 6.034070894417633113e+00
1.046000000000000000e+03 6.032956253352536713e+00
1.047000000000000000e+03 6.031841818189017879e+00
1.048000000000000000e+03 6.030727588889035040e+00
1.049000000000000000e+03 6.029613565414569720e+00
1.050000000000000000e+03 6.028499747727591895e+00
1.051000000000000000e+03 6.027386135790093746e+00
1.052000000000000000e+03 6.026272729564067454e+00
1.053000000000000000e+03 6.025159529011510529e+00
1.054000000000000000e+03 6.024046534094428473e+00
1.055000000000000000e+03 6.022933744774841003e+00
1.056000000000000000e+03 6.021821161014763391e+00
1.057000000000000000e+03 6.020708782776228674e+00
1.058000000000000000e+03 6.019596610021269001e+00
1.059000000000000000e+03 6.018484642711928068e+00
1.060000000000000000e+03 6.017372880810251345e+00
1.061000000000000000e+03 6.016261324278308287e+00
1.062000000000000000e+03 6.015149973078142587e+00
1.063000000000000000e+03 6.014038827171836132e+00
1.064000000000000000e+03 6.012927886521461041e+00
1.065000000000000000e+03 6.011817151089106304e+00
1.066000000000000000e+03 6.010706620836859138e+00
1.067000000000000000e+03 6.009596295726820969e+00
1.068000000000000000e+03 6.008486175721093225e+00
1.069000000000000000e+03 6.007376260781797761e+00
1.070000000000000000e+03 6.006266550871037779e+00
1.071000000000000000e+03 6.005157045950952011e+00
1.072000000000000000e+03 6.004047745983667639e+00
1.073000000000000000e+03 6.002938650931328723e+00
1.074000000000000000e+03 6.001829760756077548e+00
1.075000000000000000e+03 6.000721075420073269e+00
1.076000000000000000e+03 5.999612594885474159e+00
1.077000000000000000e+03 5.998504319114451810e+00
1.078000000000000000e+03 5.997396248069176927e+00
1.079000000000000000e+03 5.996288381711835314e+00
1.080000000000000000e+03 5.995180720004611885e+00
1.081000000000000000e+03 5.994073262909705768e+00
1.082000000000000000e+03 5.992966010389320530e+00
1.083000000000000000e+03 5.991858962405664180e+00
1.084000000000000000e+03 5.990752118920953606e+00
1.085000000000000000e+03 5.989645479897416358e+00
1.086000000000000000e+03 5.988539045297279984e+00
1.087000000000000000e+03 5.987432815082789794e+00
1.088000000000000000e+03 5.986326789216177779e+00
1.089000000000000000e+03 5.985220967659702573e+00
1.090000000000000000e+03 5.984115350375621922e+00
1.091000000000000000e+03 5.983009937326205119e+00
1.092000000000000000e+03 5.981904728473723232e+00
1.093000000000000000e+03 5.980799723780454435e+00
1.094000000000000000e+03 5.979694923208685786e+00
1.095000000000000000e+03 5.978590326720715886e+00
1.096000000000000000e+03 5.977485934278839785e+00
1.097000000000000000e+03 5.976381745845364968e+00
1.098000000000000000e+03 5.975277761382606911e+00
1.099000000000000000e+03 5.974173980852890864e+00
