3.500000000000000000e+02 3.720573545229844958e-01 4.961791568548423043e-02
3.510000000000000000e+02 3.749117857066117110e-01 4.915962485238258017e-02
3.520000000000000000e+02 3.777881161412089961e-01 4.869153256253993395e-02
3.530000000000000000e+02 3.806865138382516944e-01 4.821351404046987643e-02
3.540000000000000000e+02 4.080273546762730463e-01 4.435823015648514972e-02
3.550000000000000000e+02 4.129733932891029857e-01 4.391664419778720796e-02
3.560000000000000000e+02 4.179793869458267586e-01 4.345799490369841450e-02
3.570000000000000000e+02 4.230460624113512313e-01 4.298193253255009477e-02
3.580000000000000000e+02 4.281741552603027245e-01 4.248810138046082291e-02
3.590000000000000000e+02 4.333644099838214192e-01 4.197613969606329293e-02
3.600000000000000000e+02 4.386175800976411243e-01 4.144567959544662866e-02
3.610000000000000000e+02 4.439344282514864903e-01 4.089634697759197274e-02
3.620000000000000000e+02 4.493157263397935530e-01 4.032776144064428858e-02
3.630000000000000000e+02 4.547622556137718708e-01 3.973953619944779747e-02
3.640000000000000000e+02 4.602748067948267963e-01 3.913127800486229657e-02
3.650000000000000000e+02 4.686377728887913263e-01 3.872810357793634445e-02
3.660000000000000000e+02 4.771526899495613372e-01 3.829759767049299019e-02
3.670000000000000000e+02 4.858223188512165169e-01 3.783890946739224687e-02
3.680000000000000000e+02 4.946494706315546219e-01 3.735116769061529868e-02
3.690000000000000000e+02 5.036370074035445565e-01 3.683348040014628594e-02
3.700000000000000000e+02 5.127878432833344879e-01 3.628493485038874339e-02
3.710000000000000000e+02 5.221049453351250813e-01 3.570459741822783889e-02
3.720000000000000000e+02 5.315913345332096140e-01 3.509151362353640086e-02
3.730000000000000000e+02 5.412500867414923311e-01 3.444470826916015693e-02
3.740000000000000000e+02 5.510843337108078943e-01 3.376318573582810095e-02
3.750000000000000000e+02 5.637458831515628210e-01 3.342622207646282761e-02
3.760000000000000000e+02 5.766983405794147144e-01 3.305662520081489864e-02
3.770000000000000000e+02 5.899483898095913004e-01 3.265314991492427460e-02
3.780000000000000000e+02 6.035028682226678542e-01 3.221452384162871302e-02
3.790000000000000000e+02 6.173687702928370991e-01 3.173944947204877104e-02
3.800000000000000000e+02 6.315532511972473673e-01 3.122660698257375203e-02
3.810000000000000000e+02 6.460636305082647635e-01 3.067465804541528313e-02
3.820000000000000000e+02 6.609073959705696888e-01 3.008225093798518046e-02
3.830000000000000000e+02 6.760922073650326158e-01 2.944802736391579842e-02
3.840000000000000000e+02 6.916259004613662942e-01 2.877063155011692908e-02
3.850000000000000000e+02 7.079102798060775692e-01 2.849472592199797996e-02
3.860000000000000000e+02 7.245780759812825433e-01 2.819150514698296264e-02
3.870000000000000000e+02 7.416383165625993756e-01 2.786004770023063973e-02
3.880000000000000000e+02 7.591002416805313624e-01 2.749943904242186862e-02
3.890000000000000000e+02 7.769733090250909857e-01 2.710877961071122763e-02
3.900000000000000000e+02 7.952671989682524867e-01 2.668719491355679013e-02
3.910000000000000000e+02 8.139918198070122957e-01 2.623384831444986950e-02
3.920000000000000000e+02 8.331573131299018220e-01 2.574795727538769716e-02
3.930000000000000000e+02 8.527740593098487309e-01 2.522881408357773025e-02
3.940000000000000000e+02 8.728526831263762054e-01 2.467581243098980123e-02
3.950000000000000000e+02 8.899004831357507639e-01 2.449183299251640050e-02
3.960000000000000000e+02 9.072812459586416800e-01 2.429300412122522429e-02
3.970000000000000000e+02 9.250014747353449973e-01 2.407900252312672462e-02
3.980000000000000000e+02 9.430677996198399970e-01 2.384952242469541225e-02
3.990000000000000000e+02 9.614869802605120475e-01 2.360428021768719645e-02
4.000000000000000000e+02 9.802659083293220332e-01 2.334301997832344960e-02
4.010000000000000000e+02 9.994116101003803765e-01 2.306552003775372631e-02
4.020000000000000000e+02 1.018931249078876444e+00 2.277160082014947906e-02
4.030000000000000000e+02 1.038832128681355327e+00 2.246113421357543230e-02
4.040000000000000000e+02 1.059121694968347738e+00 2.213405479923736749e-02
4.050000000000000000e+02 1.073791930881013101e+00 2.202444302003394791e-02
4.060000000000000000e+02 1.088665368958978252e+00 2.190828863213617819e-02
4.070000000000000000e+02 1.103744823820919763e+00 2.178548567398480920e-02
4.080000000000000000e+02 1.119033149071702260e+00 2.165593134260489910e-02
4.090000000000000000e+02 1.134533237842393794e+00 2.151952661309808335e-02
4.100000000000000000e+02 1.150248023337752779e+00 2.137617693727852236e-02
4.110000000000000000e+02 1.166180479391300651e+00 2.122579303216856270e-02
4.120000000000000000e+02 1.182333621028085924e+00 2.106829177066494793e-02
4.130000000000000000e+02 1.198710505035240903e+00 2.090359718854501586e-02
4.140000000000000000e+02 1.215314230540441853e+00 2.073164162412891032e-02
4.150000000000000000e+02 1.226144966997032126e+00 2.063787455860626938e-02
4.160000000000000000e+02 1.237072225693915950e+00 2.054105291475766606e-02
4.170000000000000000e+02 1.248096866825863849e+00 2.044114305037173993e-02
4.180000000000000000e+02 1.259219758253601773e+00 2.033811179628479404e-02
4.190000000000000000e+02 1.270441775572127785e+00 2.023192652901916258e-02
4.200000000000000000e+02 1.281763802179637590e+00 2.012255524999229800e-02
4.210000000000000000e+02 1.293186729347067132e+00 2.000996667192598069e-02
4.220000000000000000e+02 1.304711456288254467e+00 1.989413031316222824e-02
4.230000000000000000e+02 1.316338890230724257e+00 1.977501660065785274e-02
4.240000000000000000e+02 1.328069946487103969e+00 1.965259698252698820e-02
4.250000000000000000e+02 1.334640012664169539e+00 1.955209135002541204e-02
4.260000000000000000e+02 1.341242581473860440e+00 1.945019265959565397e-02
4.270000000000000000e+02 1.347877813709248862e+00 1.934689254682674109e-02
4.280000000000000000e+02 1.354545870958863585e+00 1.924218273176425339e-02
4.290000000000000000e+02 1.361246915610623498e+00 1.913605502719808657e-02
4.300000000000000000e+02 1.367981110855795102e+00 1.902850134749238531e-02
4.310000000000000000e+02 1.374748620692963552e+00 1.891951371800543874e-02
4.320000000000000000e+02 1.381549609932027023e+00 1.880908428512816782e-02
4.330000000000000000e+02 1.388384244198213269e+00 1.869720532700381091e-02
4.340000000000000000e+02 1.395252689936109514e+00 1.858386926496730790e-02
4.350000000000000000e+02 1.397984005436810229e+00 1.847250313553807158e-02
4.360000000000000000e+02 1.400720667699726363e+00 1.836064831643098236e-02
4.370000000000000000e+02 1.403462687191561642e+00 1.824830380684918166e-02
4.380000000000000000e+02 1.406210074399506516e+00 1.813546862050674849e-02
4.390000000000000000e+02 1.408962839831283231e+00 1.802214178638622197e-02
4.400000000000000000e+02 1.411720994015181141e+00 1.790832234953464164e-02
4.410000000000000000e+02 1.414484547500101774e+00 1.779400937189497267e-02
4.420000000000000000e+02 1.417253510855596810e+00 1.767920193318622477e-02
4.430000000000000000e+02 1.420027894671907598e+00 1.756389913182423296e-02
4.440000000000000000e+02 1.422807709560006462e+00 1.744810008589206887e-02
4.450000000000000000e+02 1.422896911615403326e+00 1.733405192666698930e-02
4.460000000000000000e+02 1.422986119263267568e+00 1.721999173319019652e-02
4.470000000000000000e+02 1.423075332503950907e+00 1.710591955002678521e-02
4.480000000000000000e+02 1.423164551337803285e+00 1.699183542299730412e-02
4.490000000000000000e+02 1.423253775765175977e+00 1.687773939921805369e-02
4.500000000000000000e+02 1.423343005786419369e+00 1.676363152714807972e-02
4.510000000000000000e+02 1.423432241401883847e+00 1.664951185663383904e-02
4.520000000000000000e+02 1.423521482611920685e+00 1.653538043895808746e-02
4.530000000000000000e+02 1.423610729416879828e+00 1.642123732689119639e-02
4.540000000000000000e+02 1.423699981817113880e+00 1.630708257474119266e-02
4.550000000000000000e+02 1.422605342543784568e+00 1.620791017508248916e-02
4.560000000000000000e+02 1.421511544905037283e+00 1.610888076164967639e-02
4.570000000000000000e+02 1.420418588253764325e+00 1.600999417438660199e-02
4.580000000000000000e+02 1.419326471943357371e+00 1.591125025342902954e-02
4.590000000000000000e+02 1.418235195327702147e+00 1.581264883910453792e-02
4.600000000000000000e+02 1.417144757761184870e+00 1.571418977193461686e-02
4.610000000000000000e+02 1.416055158598686026e+00 1.561587289263252284e-02
4.620000000000000000e+02 1.414966397195581926e+00 1.551769804210662365e-02
4.630000000000000000e+02 1.413878472907745376e+00 1.541966506146019190e-02
4.640000000000000000e+02 1.412791385091544116e+00 1.532177379199266276e-02
4.650000000000000000e+02 1.411235057827652906e+00 1.524488567242044713e-02
4.660000000000000000e+02 1.409680445009770411e+00 1.516814860093797061e-02
4.670000000000000000e+02 1.408127544749268489e+00 1.509156234041184909e-02
4.680000000000000000e+02 1.406576355159598668e+00 1.501512665408381506e-02
4.690000000000000000e+02 1.405026874356288813e+00 1.493884130557308725e-02
4.700000000000000000e+02 1.403479100456946016e+00 1.486270605887472958e-02
4.710000000000000000e+02 1.401933031581249267e+00 1.478672067836215957e-02
4.720000000000000000e+02 1.400388665850948344e+00 1.471088492878415248e-02
4.730000000000000000e+02 1.398846001389862481e+00 1.463519857526791000e-02
4.740000000000000000e+02 1.397305036323878591e+00 1.455966138331839591e-02
4.750000000000000000e+02 1.395156363681951950e+00 1.449734023529601450e-02
4.760000000000000000e+02 1.393010995110363304e+00 1.443517819427609164e-02
4.770000000000000000e+02 1.390868925528354394e+00 1.437317493084059976e-02
4.780000000000000000e+02 1.388730149862984931e+00 1.431133011633790517e-02
4.790000000000000000e+02 1.386594663049110832e+00 1.424964342287873310e-02
4.800000000000000000e+02 1.384462460029380448e+00 1.418811452334030852e-02
4.810000000000000000e+02 1.382333535754215914e+00 1.412674309136395003e-02
4.820000000000000000e+02 1.380207885181806260e+00 1.406552880135541680e-02
4.830000000000000000e+02 1.378085503278093649e+00 1.400447132848652541e-02
4.840000000000000000e+02 1.375966385016758942e+00 1.394357034869323289e-02
4.850000000000000000e+02 1.373029956774608040e+00 1.388494315441673663e-02
4.860000000000000000e+02 1.370099795117830199e+00 1.382650801408985899e-02
4.870000000000000000e+02 1.367175886673003493e+00 1.376826439687738220e-02
4.880000000000000000e+02 1.364258218095246278e+00 1.371021177349065860e-02
4.890000000000000000e+02 1.361346776068157016e+00 1.365234961618094246e-02
4.900000000000000000e+02 1.358441547303750330e+00 1.359467739874005779e-02
4.910000000000000000e+02 1.355542518542401265e+00 1.353719459649643103e-02
4.920000000000000000e+02 1.352649676552780011e+00 1.347990068631117581e-02
4.930000000000000000e+02 1.349763008131795283e+00 1.342279514657782405e-02
4.940000000000000000e+02 1.346882500104529923e+00 1.336587745721641747e-02
4.950000000000000000e+02 1.343795671043108042e+00 1.330972365571034960e-02
4.960000000000000000e+02 1.340715916476791669e+00 1.325376395937996957e-02
4.970000000000000000e+02 1.337643220192022753e+00 1.319799779742147211e-02
4.980000000000000000e+02 1.334577566012402849e+00 1.314242460077669032e-02
4.990000000000000000e+02 1.331518937798606084e+00 1.308704380213021254e-02
5.000000000000000000e+02 1.328467319448296324e+00 1.303185483590463267e-02
5.010000000000000000e+02 1.325422694896040143e+00 1.297685713825712760e-02
5.020000000000000000e+02 1.322385048113224659e+00 1.292205014707643179e-02
5.030000000000000000e+02 1.319354363107970718e+00 1.286743330197744062e-02
5.040000000000000000e+02 1.316330623925050736e+00 1.281300604429873660e-02
5.050000000000000000e+02 1.313121000054161991e+00 1.275560377615187618e-02
5.060000000000000000e+02 1.309919202245514169e+00 1.269841183337181052e-02
5.070000000000000000e+02 1.306725211416731369e+00 1.264142955599735670e-02
5.080000000000000000e+02 1.303539008531965804e+00 1.258465628619930693e-02
5.090000000000000000e+02 1.300360574601785224e+00 1.252809136827667987e-02
5.100000000000000000e+02 1.297189890683059454e+00 1.247173414864939135e-02
5.110000000000000000e+02 1.294026937878849592e+00 1.241558397585597849e-02
5.120000000000000000e+02 1.290871697338289437e+00 1.235964020054713258e-02
5.130000000000000000e+02 1.287724150256480238e+00 1.230390217548025036e-02
5.140000000000000000e+02 1.284584277874373681e+00 1.224836925551490811e-02
5.150000000000000000e+02 1.280719404510247239e+00 1.218713588889313269e-02
5.160000000000000000e+02 1.276866159224073982e+00 1.212616788140402115e-02
5.170000000000000000e+02 1.273024507030956709e+00 1.206546421384355021e-02
5.180000000000000000e+02 1.269194413051256465e+00 1.200502387088675516e-02
5.190000000000000000e+02 1.265375842510273685e+00 1.194484584107608459e-02
5.200000000000000000e+02 1.261568760737936001e+00 1.188492911680686173e-02
5.210000000000000000e+02 1.257773133168480051e+00 1.182527269431601219e-02
5.220000000000000000e+02 1.253988925340138172e+00 1.176587557366871699e-02
5.230000000000000000e+02 1.250216102894827763e+00 1.170673675874407856e-02
5.240000000000000000e+02 1.246454631577838201e+00 1.164785525722517555e-02
5.250000000000000000e+02 1.241650427647694954e+00 1.158439920757547634e-02
5.260000000000000000e+02 1.236864740537030771e+00 1.152127211475809099e-02
5.270000000000000000e+02 1.232097498876560726e+00 1.145847239777792251e-02
5.280000000000000000e+02 1.227348631572076521e+00 1.139599848300872249e-02
5.290000000000000000e+02 1.222618067803389108e+00 1.133384880415811910e-02
5.300000000000000000e+02 1.217905737023271096e+00 1.127202180223592538e-02
5.310000000000000000e+02 1.213211568956403807e+00 1.121051592552011443e-02
5.320000000000000000e+02 1.208535493598331678e+00 1.114932962952497851e-02
5.330000000000000000e+02 1.203877441214416644e+00 1.108846137696771657e-02
5.340000000000000000e+02 1.199237342338798529e+00 1.102790963773627418e-02
5.350000000000000000e+02 1.193400390568679637e+00 1.096293833232928235e-02
5.360000000000000000e+02 1.187591848525946014e+00 1.089836241778148994e-02
5.370000000000000000e+02 1.181811577934210877e+00 1.083417954101175383e-02
5.380000000000000000e+02 1.176059441190105526e+00 1.077038736247056677e-02
5.390000000000000000e+02 1.170335301360009295e+00 1.070698355606479642e-02
5.400000000000000000e+02 1.164639022176787941e+00 1.064396580908103657e-02
5.410000000000000000e+02 1.158970468036548684e+00 1.058133182211014496e-02
5.420000000000000000e+02 1.153329503995412120e+00 1.051907930897221823e-02
5.430000000000000000e+02 1.147715995766300567e+00 1.045720599664053813e-02
5.440000000000000000e+02 1.142129809715741962e+00 1.039570962516911043e-02
5.450000000000000000e+02 1.135639608442281956e+00 1.033234265807019860e-02
5.460000000000000000e+02 1.129186288013899642e+00 1.026939861157336042e-02
5.470000000000000000e+02 1.122769638853621688e+00 1.020687455415803663e-02
5.480000000000000000e+02 1.116389452575405894e+00 1.014476757431792206e-02
5.490000000000000000e+02 1.110045521977372385e+00 1.008307478042748395e-02
5.500000000000000000e+02 1.103737641035075212e+00 1.002179330061290542e-02
5.510000000000000000e+02 1.097465604894809932e+00 9.960920282621608252e-03
5.520000000000000000e+02 1.091229209866963590e+00 9.900452893691940454e-03
5.530000000000000000e+02 1.085028253419396904e+00 9.840388320426374930e-03
5.540000000000000000e+02 1.078862534170868859e+00 9.780723768662786047e-03
5.550000000000000000e+02 1.072501465746184213e+00 9.723954202187507986e-03
5.560000000000000000e+02 1.066177902740607752e+00 9.667560250058595747e-03
5.570000000000000000e+02 1.059891624018887146e+00 9.611539170756445982e-03
5.580000000000000000e+02 1.053642409749605324e+00 9.555888243147181438e-03
5.590000000000000000e+02 1.047430041397489520e+00 9.500604766339681984e-03
5.600000000000000000e+02 1.041254301715770048e+00 9.445686059541904406e-03
5.610000000000000000e+02 1.035114974738583493e+00 9.391129461920130414e-03
5.620000000000000000e+02 1.029011845773420530e+00 9.336932332458591083e-03
5.630000000000000000e+02 1.022944701393617040e+00 9.283092049818104236e-03
5.640000000000000000e+02 1.016913329430891189e+00 9.229606012199641912e-03
5.650000000000000000e+02 1.011535656376487236e+00 9.183733048212251379e-03
5.660000000000000000e+02 1.006186421701877221e+00 9.138127108017533515e-03
5.670000000000000000e+02 1.000865475018326567e+00 9.092786400386151588e-03
5.680000000000000000e+02 9.955726667323915313e-01 9.047709146625461038e-03
5.690000000000000000e+02 9.903078480417123464e-01 9.002893580496688572e-03
5.700000000000000000e+02 9.850708709308321209e-01 8.958337948134071499e-03
5.710000000000000000e+02 9.798615881670319494e-01 8.914040507963223378e-03
5.720000000000000000e+02 9.746798532961942207e-01 8.869999530622240530e-03
5.730000000000000000e+02 9.695255206386854674e-01 8.826213298880487487e-03
5.740000000000000000e+02 9.643984452852588651e-01 8.782680107559077270e-03
5.750000000000000000e+02 9.605795722301393447e-01 8.750074746178351792e-03
5.760000000000000000e+02 9.567758213389789823e-01 8.717614265376948113e-03
5.770000000000000000e+02 9.529871327302777972e-01 8.685297914225840674e-03
5.780000000000000000e+02 9.492134467596595737e-01 8.653124945815306168e-03
5.790000000000000000e+02 9.454547040189295037e-01 8.621094617233425114e-03
5.800000000000000000e+02 9.417108453351404895e-01 8.589206189548469206e-03
5.810000000000000000e+02 9.379818117696619995e-01 8.557458927788044734e-03
5.820000000000000000e+02 9.342675446172509224e-01 8.525852100920754822e-03
5.830000000000000000e+02 9.305679854051290834e-01 8.494384981836741039e-03
5.840000000000000000e+02 9.268830758920600932e-01 8.463056847328440102e-03
5.850000000000000000e+02 9.245743906261657541e-01 8.442336650284916130e-03
5.860000000000000000e+02 9.222714558457381084e-01 8.421677983639566309e-03
5.870000000000000000e+02 9.199742572274369756e-01 8.401080641061316884e-03
5.880000000000000000e+02 9.176827804835995250e-01 8.380544416898757024e-03
5.890000000000000000e+02 9.153970113621505700e-01 8.360069106177052747e-03
5.900000000000000000e+02 9.131169356465149711e-01 8.339654504596715270e-03
5.910000000000000000e+02 9.108425391555264872e-01 8.319300408531717095e-03
5.920000000000000000e+02 9.085738077433421767e-01 8.299006615026912476e-03
5.930000000000000000e+02 9.063107272993546903e-01 8.278772921796649642e-03
5.940000000000000000e+02 9.040532837481015660e-01 8.258599127223062095e-03
5.950000000000000000e+02 9.023008503041811679e-01 8.242808930803372652e-03
5.960000000000000000e+02 9.005518138093464575e-01 8.227055152064026780e-03
5.970000000000000000e+02 8.988061676788883236e-01 8.211337696560119456e-03
5.980000000000000000e+02 8.970639053408626662e-01 8.195656470087154047e-03
5.990000000000000000e+02 8.953250202360651944e-01 8.180011378680646789e-03
6.000000000000000000e+02 8.935895058180038930e-01 8.164402328616059135e-03
6.010000000000000000e+02 8.918573555528782615e-01 8.148829226407703144e-03
6.020000000000000000e+02 8.901285629195533344e-01 8.133291978808311271e-03
6.030000000000000000e+02 8.884031214095329254e-01 8.117790492808606151e-03
6.040000000000000000e+02 8.663485422579936257e-01 7.940601264520535940e-03
6.050000000000000000e+02 8.637411767762083192e-01 7.922091877879011701e-03
6.060000000000000000e+02 8.611416584303319688e-01 7.903634244625005675e-03
6.070000000000000000e+02 8.585499636035982540e-01 7.885228159011666016e-03
6.080000000000000000e+02 8.559660687503172216e-01 7.866873416334399169e-03
6.090000000000000000e+02 8.533899503956628996e-01 7.848569812926474085e-03
6.100000000000000000e+02 8.508215851354583581e-01 7.830317146152515270e-03
6.110000000000000000e+02 8.482609496359652113e-01 7.812115214404896299e-03
6.120000000000000000e+02 8.457080206336695660e-01 7.793963817097070666e-03
6.130000000000000000e+02 8.431627749350711909e-01 7.775862754659751928e-03
6.140000000000000000e+02 8.406251894164737948e-01 7.757811828535185646e-03
6.150000000000000000e+02 8.375106844307516063e-01 7.736803509433159282e-03
6.160000000000000000e+02 8.344077186439829985e-01 7.715861170116565873e-03
6.170000000000000000e+02 8.313162493035914924e-01 7.694984497619541258e-03
6.180000000000000000e+02 8.282362338153986814e-01 7.674173181084661434e-03
6.190000000000000000e+02 8.251676297430365903e-01 7.653426911747074173e-03
6.200000000000000000e+02 8.221103948073631429e-01 7.632745382920976852e-03
6.210000000000000000e+02 8.190644868858802941e-01 7.612128289984890391e-03
6.220000000000000000e+02 8.160298640121537161e-01 7.591575330366730212e-03
6.230000000000000000e+02 8.130064843752334847e-01 7.571086203530260662e-03
6.240000000000000000e+02 8.099943063190788717e-01 7.550660610960312560e-03
6.250000000000000000e+02 8.066712748607676176e-01 7.528534008864914799e-03
6.260000000000000000e+02 8.033618762613375930e-01 7.506479582538957973e-03
6.270000000000000000e+02 8.000660545914841659e-01 7.484496977367635813e-03
6.280000000000000000e+02 7.967837541513536070e-01 7.462585841407133082e-03
6.290000000000000000e+02 7.935149194696030639e-01 7.440745825362148763e-03
6.300000000000000000e+02 7.902594953024628666e-01 7.418976582565065502e-03
6.310000000000000000e+02 7.870174266328038293e-01 7.397277768953501413e-03
6.320000000000000000e+02 7.837886586692058843e-01 7.375649043049254013e-03
6.330000000000000000e+02 7.805731368450319341e-01 7.354090065936473054e-03
6.340000000000000000e+02 7.773708068175083641e-01 7.332600501241694733e-03
6.350000000000000000e+02 7.742354747534520021e-01 7.312417826518834152e-03
6.360000000000000000e+02 7.711127882725137273e-01 7.292293204365438673e-03
6.370000000000000000e+02 7.680026963718765698e-01 7.272226380528737551e-03
6.380000000000000000e+02 7.649051482544284575e-01 7.252217102746942069e-03
6.390000000000000000e+02 7.618200933279349885e-01 7.232265120731891372e-03
6.400000000000000000e+02 7.587474812042147576e-01 7.212370186150241121e-03
6.410000000000000000e+02 7.556872616983126845e-01 7.192532052605870793e-03
6.420000000000000000e+02 7.526393848276828891e-01 7.172750475622413288e-03
6.430000000000000000e+02 7.496038008113711237e-01 7.153025212624807005e-03
6.440000000000000000e+02 7.465804600692043103e-01 7.133356022923070978e-03
6.450000000000000000e+02 7.438650393587685761e-01 7.117558238277421623e-03
6.460000000000000000e+02 7.411594950247303304e-01 7.101791809787156261e-03
6.470000000000000000e+02 7.384637911452851533e-01 7.086056633099745670e-03
6.480000000000000000e+02 7.357778919292826680e-01 7.070352604896077905e-03
6.490000000000000000e+02 7.331017617157484789e-01 7.054679622879137489e-03
6.500000000000000000e+02 7.304353649734129927e-01 7.039037585762062711e-03
6.510000000000000000e+02 7.277786663002389078e-01 7.023426393257030387e-03
6.520000000000000000e+02 7.251316304229513676e-01 7.007845946063765048e-03
6.530000000000000000e+02 7.224942221965693356e-01 6.992296145858549472e-03
6.540000000000000000e+02 7.198664066039393017e-01 6.976776895283130255e-03
6.550000000000000000e+02 7.175468054628035830e-01 6.965645491325242987e-03
6.560000000000000000e+02 7.152346786938633683e-01 6.954521930749530366e-03
6.570000000000000000e+02 7.129300022127017522e-01 6.943406209523745633e-03
6.580000000000000000e+02 7.106327520125094166e-01 6.932298324153687331e-03
6.590000000000000000e+02 7.083429041638327206e-01 6.921198271675779896e-03
6.600000000000000000e+02 7.060604348143250109e-01 6.910106049647480632e-03
6.610000000000000000e+02 7.037853201884980425e-01 6.899021656139280034e-03
6.620000000000000000e+02 7.015175365874746216e-01 6.887945089726271036e-03
6.630000000000000000e+02 6.992570603887423575e-01 6.876876349479249008e-03
6.640000000000000000e+02 6.970038680459061942e-01 6.865815434956926318e-03
6.650000000000000000e+02 6.949871319837598316e-01 6.859277001988228588e-03
6.660000000000000000e+02 6.929762312182752293e-01 6.852726537338229423e-03
6.670000000000000000e+02 6.909711488653947908e-01 6.846164099274816735e-03
6.680000000000000000e+02 6.889718680899146186e-01 6.839589746463706904e-03
6.690000000000000000e+02 6.869783721053416281e-01 6.833003537958044250e-03
6.700000000000000000e+02 6.849906441737539931e-01 6.826405533190248696e-03
6.710000000000000000e+02 6.830086676056597028e-01 6.819795791962343819e-03
6.720000000000000000e+02 6.810324257598565634e-01 6.813174374436752403e-03
6.730000000000000000e+02 6.790619020432929753e-01 6.806541341127718241e-03
6.740000000000000000e+02 6.770970799109284899e-01 6.799896752892586535e-03
6.750000000000000000e+02 6.753032908217452279e-01 6.798144941588682780e-03
6.760000000000000000e+02 6.735142539008875939e-01 6.796362466617705649e-03
6.770000000000000000e+02 6.717299565587460108e-01 6.794549426727512255e-03
6.780000000000000000e+02 6.699503862390644437e-01 6.792705921205525500e-03
6.790000000000000000e+02 6.681755304188505828e-01 6.790832049864756539e-03
6.800000000000000000e+02 6.664053766082888020e-01 6.788927913029860206e-03
6.810000000000000000e+02 6.646399123506520068e-01 6.786993611523391666e-03
6.820000000000000000e+02 6.628791252222137054e-01 6.785029246652304197e-03
6.830000000000000000e+02 6.611230028321609664e-01 6.783034920194345486e-03
6.840000000000000000e+02 6.593715328225067118e-01 6.781010734385663902e-03
6.850000000000000000e+02 6.578000593711157418e-01 6.784295797360391338e-03
6.860000000000000000e+02 6.562323311963786931e-01 6.787534902311698898e-03
6.870000000000000000e+02 6.546683393722168010e-01 6.790728159994245498e-03
6.880000000000000000e+02 6.531080749938231733e-01 6.793875682042737826e-03
6.890000000000000000e+02 6.515515291776146078e-01 6.796977580950261041e-03
6.900000000000000000e+02 6.499986930611798552e-01 6.800033970047214028e-03
6.910000000000000000e+02 6.484495578032284380e-01 6.803044963479870817e-03
6.920000000000000000e+02 6.469041145835432438e-01 6.806010676190433865e-03
6.930000000000000000e+02 6.453623546029264579e-01 6.808931223896648455e-03
6.940000000000000000e+02 6.438242690831521564e-01 6.811806723071964394e-03
6.950000000000000000e+02 6.425566487403958638e-01 6.820581174450402948e-03
6.960000000000000000e+02 6.412915242049748166e-01 6.829301933475486440e-03
6.970000000000000000e+02 6.400288905629143432e-01 6.837969093004519182e-03
6.980000000000000000e+02 6.387687429099149217e-01 6.846582746923081039e-03
6.990000000000000000e+02 6.375110763513328616e-01 6.855142990122755318e-03
7.000000000000000000e+02 6.362558860021615414e-01 6.863649918476138340e-03
7.010000000000000000e+02 6.350031669870127571e-01 6.872103628814415534e-03
7.020000000000000000e+02 6.337529144400968484e-01 6.880504218905211626e-03
7.030000000000000000e+02 6.325051235052050469e-01 6.888851787429508405e-03
7.040000000000000000e+02 6.312597893356894918e-01 6.897146433961050954e-03
7.050000000000000000e+02 6.305246359278752211e-01 6.914532434564245843e-03
7.060000000000000000e+02 6.297903386660447245e-01 6.931872363100729552e-03
7.070000000000000000e+02 6.290568965531454504e-01 6.949166257696304076e-03
7.080000000000000000e+02 6.283243085932872507e-01 6.966414157144802145e-03
7.090000000000000000e+02 6.275925737917391611e-01 6.983616100893479117e-03
7.100000000000000000e+02 6.268616911549292903e-01 7.000772129029156007e-03
7.110000000000000000e+02 6.261316596904422660e-01 7.017882282264463131e-03
7.120000000000000000e+02 6.254024784070183474e-01 7.034946601924342222e-03
7.130000000000000000e+02 6.246741463145524254e-01 7.051965129932448798e-03
7.140000000000000000e+02 6.239466624240933568e-01 7.068937908799123593e-03
7.150000000000000000e+02 6.237107495427299808e-01 7.098203120723998484e-03
7.160000000000000000e+02 6.234749258595158050e-01 7.127447106064855112e-03
7.170000000000000000e+02 6.232391913407259176e-01 7.156669850554881786e-03
7.180000000000000000e+02 6.230035459526460651e-01 7.185871340411098540e-03
7.190000000000000000e+02 6.227679896615776478e-01 7.215051562323241893e-03
7.200000000000000000e+02 6.225325224338322805e-01 7.244210503444051263e-03
7.210000000000000000e+02 6.222971442357355665e-01 7.273348151378552714e-03
7.220000000000000000e+02 6.220618550336258767e-01 7.302464494174019244e-03
7.230000000000000000e+02 6.218266547938535727e-01 7.331559520310162656e-03
7.240000000000000000e+02 6.215915434827825603e-01 7.360633218690754848e-03
7.250000000000000000e+02 6.217029014524863006e-01 7.401002442869898147e-03
7.260000000000000000e+02 6.218142793719424466e-01 7.441387815080811700e-03
7.270000000000000000e+02 6.219256772447252501e-01 7.481789310419080172e-03
7.280000000000000000e+02 6.220370950744090743e-01 7.522206904579168546e-03
7.290000000000000000e+02 6.221485328645691704e-01 7.562640573838251036e-03
7.300000000000000000e+02 6.222599906187813446e-01 7.603090295041687111e-03
7.310000000000000000e+02 6.223714683406226245e-01 7.643556045588483644e-03
7.320000000000000000e+02 6.224829660336699266e-01 7.684037803417819584e-03
7.330000000000000000e+02 6.225944837015005007e-01 7.724535546994533257e-03
7.340000000000000000e+02 6.227060213476941497e-01 7.765049255296537813e-03
7.350000000000000000e+02 6.231618015569447833e-01 7.812234466815740075e-03
7.360000000000000000e+02 6.236179153675932563e-01 7.859486497597444749e-03
7.370000000000000000e+02 6.240743630238139161e-01 7.906805391900622454e-03
7.380000000000000000e+02 6.245311447699601892e-01 7.954191194592346789e-03
7.390000000000000000e+02 6.249882608505636927e-01 8.001643951134599156e-03
7.400000000000000000e+02 6.254457115103361220e-01 8.049163707570592199e-03
7.410000000000000000e+02 6.259034969941670301e-01 8.096750510511627544e-03
7.420000000000000000e+02 6.263616175471258263e-01 8.144404407124302206e-03
7.430000000000000000e+02 6.268200734144618869e-01 8.192125445118506044e-03
7.440000000000000000e+02 6.272788648416025570e-01 8.239913672735094813e-03
7.450000000000000000e+02 6.280473652718014943e-01 8.288575711601027518e-03
7.460000000000000000e+02 6.288168072177189316e-01 8.337345700276077923e-03
7.470000000000000000e+02 6.295871918328376227e-01 8.386223816884245952e-03
7.480000000000000000e+02 6.303585202720531910e-01 8.435210240060896786e-03
7.490000000000000000e+02 6.311307936916765726e-01 8.484305148947591385e-03
7.500000000000000000e+02 6.319040132494345707e-01 8.533508723188358569e-03
7.510000000000000000e+02 6.326781801044729647e-01 8.582821142925830052e-03
7.520000000000000000e+02 6.334532954173579533e-01 8.632242588797241906e-03
7.530000000000000000e+02 6.342293603500764876e-01 8.681773241930326734e-03
7.540000000000000000e+02 6.350063760660401568e-01 8.731413283940222397e-03
7.550000000000000000e+02 6.362280739488019865e-01 8.779985271198463559e-03
7.560000000000000000e+02 6.374521222736587722e-01 8.828711850606367831e-03
7.570000000000000000e+02 6.386785255626591384e-01 8.877593437260499973e-03
7.580000000000000000e+02 6.399072883465533046e-01 8.926630447283692357e-03
7.590000000000000000e+02 6.411384151648066299e-01 8.975823297826087538e-03
7.600000000000000000e+02 6.423719105656192641e-01 9.025172407068963315e-03
7.610000000000000000e+02 6.436077791059409137e-01 9.074678194225483871e-03
7.620000000000000000e+02 6.448460253514884943e-01 9.124341079544394731e-03
7.630000000000000000e+02 6.460866538767642275e-01 9.174161484312295251e-03
7.640000000000000000e+02 6.473296692650694073e-01 9.224139830855375075e-03
7.650000000000000000e+02 6.492721348517245250e-01 9.276318260937527205e-03
7.660000000000000000e+02 6.512204292652271631e-01 9.328729036721127021e-03
7.670000000000000000e+02 6.531745699963492635e-01 9.381373071790159029e-03
7.680000000000000000e+02 6.551345745883476734e-01 9.434251283219188822e-03
7.690000000000000000e+02 6.571004606371215750e-01 9.487364591583660398e-03
7.700000000000000000e+02 6.590722457913723575e-01 9.540713920971870959e-03
7.710000000000000000e+02 6.610499477527591594e-01 9.594300198997094895e-03
7.720000000000000000e+02 6.630335842760595177e-01 9.648124356809062441e-03
7.730000000000000000e+02 6.650231731693281301e-01 9.702187329105747132e-03
7.740000000000000000e+02 6.670187322940569485e-01 9.756490054144891302e-03
7.750000000000000000e+02 6.698693445374322986e-01 9.818415718863757191e-03
7.760000000000000000e+02 6.727321393324652288e-01 9.880704111725988406e-03
7.770000000000000000e+02 6.756071687432552153e-01 9.943357179898238557e-03
7.780000000000000000e+02 6.784944850564091912e-01 1.000637688071376145e-02
7.790000000000000000e+02 6.813941407819876783e-01 1.006976518172364790e-02
7.800000000000000000e+02 6.843061886544621331e-01 1.013352406074812147e-02
7.810000000000000000e+02 6.872306816336730684e-01 1.019765550592677088e-02
7.820000000000000000e+02 6.901676729057935056e-01 1.026216151577051365e-02
7.830000000000000000e+02 6.931172158842958675e-01 1.032704409921242350e-02
7.840000000000000000e+02 6.960793642109235346e-01 1.039230527566026296e-02
7.850000000000000000e+02 6.999132968430535895e-01 1.047114250221807194e-02
7.860000000000000000e+02 7.037683463767667735e-01 1.055056151361383199e-02
7.870000000000000000e+02 7.076446291217565188e-01 1.063056630717536429e-02
7.880000000000000000e+02 7.115422620283392563e-01 1.071116090676343252e-02
7.890000000000000000e+02 7.154613626909811508e-01 1.079234936294303122e-02
7.900000000000000000e+02 7.194020493518458181e-01 1.087413575315659964e-02
7.910000000000000000e+02 7.233644409043641366e-01 1.095652418189858521e-02
7.920000000000000000e+02 7.273486568968169363e-01 1.103951878089053963e-02
7.930000000000000000e+02 7.313548175359483317e-01 1.112312370925710829e-02
7.940000000000000000e+02 7.353830436905840484e-01 1.120734315370413951e-02
7.950000000000000000e+02 7.400945977017451272e-01 1.130893872338614541e-02
7.960000000000000000e+02 7.448363383501839241e-01 1.141142137350290540e-02
7.970000000000000000e+02 7.496084590398321978e-01 1.151479823214790477e-02
7.980000000000000000e+02 7.544111544137489522e-01 1.161907648285144708e-02
7.990000000000000000e+02 7.592446203620587530e-01 1.172426336499989528e-02
8.000000000000000000e+02 7.641090540299422251e-01 1.183036617425759808e-02
8.010000000000000000e+02 7.690046538256787301e-01 1.193739226299192317e-02
8.020000000000000000e+02 7.739316194287343409e-01 1.204534904070235501e-02
8.030000000000000000e+02 7.788901517979118783e-01 1.215424397445131512e-02
8.040000000000000000e+02 7.838804531795432462e-01 1.226408458929875538e-02
8.050000000000000000e+02 7.890404544817177790e-01 1.238738910931039792e-02
8.060000000000000000e+02 7.942344222048316471e-01 1.251183306650487971e-02
8.070000000000000000e+02 7.994625799375392194e-01 1.263742594187222679e-02
8.080000000000000000e+02 8.047251527402995430e-01 1.276417729364759911e-02
8.090000000000000000e+02 8.100223671550611515e-01 1.289209675790293184e-02
8.100000000000000000e+02 8.153544512150189272e-01 1.302119404914132104e-02
8.110000000000000000e+02 8.207216344544255859e-01 1.315147896089724142e-02
8.120000000000000000e+02 8.261241479184751046e-01 1.328296136634032898e-02
8.130000000000000000e+02 8.315622241732495423e-01 1.341565121888457258e-02
8.140000000000000000e+02 8.370360973157279227e-01 1.354955855280199663e-02
8.150000000000000000e+02 8.422570290180794172e-01 1.368749552516756139e-02
8.160000000000000000e+02 8.475105257769769418e-01 1.382666815800914252e-02
8.170000000000000000e+02 8.527967907138119807e-01 1.396708627031901725e-02
8.180000000000000000e+02 8.581160282169247866e-01 1.410875975827937702e-02
8.190000000000000000e+02 8.634684439495087238e-01 1.425169859580528546e-02
8.200000000000000000e+02 8.688542448575611310e-01 1.439591283509262035e-02
8.210000000000000000e+02 8.742736391778852534e-01 1.454141260716993074e-02
8.220000000000000000e+02 8.797268364461413581e-01 1.468820812245632233e-02
8.230000000000000000e+02 8.852140475049471435e-01 1.483630967132030729e-02
8.240000000000000000e+02 8.907354845120324383e-01 1.498572762464745259e-02
8.250000000000000000e+02 8.957440055884965391e-01 1.513072257194595510e-02
8.260000000000000000e+02 9.007806891035408103e-01 1.527691553077190588e-02
8.270000000000000000e+02 9.058456934118838122e-01 1.542431512645346496e-02
8.280000000000000000e+02 9.109391777586575145e-01 1.557293004675750110e-02
8.290000000000000000e+02 9.160613022844148468e-01 1.572276904227107655e-02
8.300000000000000000e+02 9.212122280301632271e-01 1.587384092678346265e-02
8.310000000000000000e+02 9.263921169424292890e-01 1.602615457767189722e-02
8.320000000000000000e+02 9.316011318783493644e-01 1.617971893629161634e-02
8.330000000000000000e+02 9.368394366107881677e-01 1.633454300836923931e-02
8.340000000000000000e+02 9.421071958334922281e-01 1.649063586439660639e-02
8.350000000000000000e+02 9.468246346275898118e-01 1.664077096466137079e-02
8.360000000000000000e+02 9.515656951803085351e-01 1.679204665121985726e-02
8.370000000000000000e+02 9.563304957735192513e-01 1.694447022248272983e-02
8.380000000000000000e+02 9.611191552813674877e-01 1.709804902593325959e-02
8.390000000000000000e+02 9.659317931732407381e-01 1.725279045836683803e-02
8.400000000000000000e+02 9.707685295167476358e-01 1.740870196613301599e-02
8.410000000000000000e+02 9.756294849807161107e-01 1.756579104537719233e-02
8.420000000000000000e+02 9.805147808382023156e-01 1.772406524228725341e-02
8.430000000000000000e+02 9.854245389695155399e-01 1.788353215333991775e-02
8.440000000000000000e+02 9.903588818652587777e-01 1.804419942555396394e-02
8.450000000000000000e+02 9.953213822946063161e-01 1.821068118225604646e-02
8.460000000000000000e+02 1.000308748871935327e+00 1.837846043846606131e-02
8.470000000000000000e+02 1.005321106196794601e+00 1.854754540339647803e-02
8.480000000000000000e+02 1.010358579493078279e+00 1.871794434370311136e-02
8.490000000000000000e+02 1.015421294612153025e+00 1.888966558374202687e-02
8.500000000000000000e+02 1.020509378036002390e+00 1.906271750582795577e-02
8.510000000000000000e+02 1.025622956880389403e+00 1.923710855049812554e-02
8.520000000000000000e+02 1.030762158898026692e+00 1.941284721677585812e-02
8.530000000000000000e+02 1.035927112481775048e+00 1.958994206243934791e-02
8.540000000000000000e+02 1.041117946667843963e+00 1.976840170429217808e-02
8.550000000000000000e+02 1.047005359585276851e+00 1.997271784390686200e-02
8.560000000000000000e+02 1.052926065205971984e+00 2.017886635396235265e-02
8.570000000000000000e+02 1.058880251796680438e+00 2.038686016453649871e-02
8.580000000000000000e+02 1.064868108688779014e+00 2.059671231001333758e-02
8.590000000000000000e+02 1.070889826284294521e+00 2.080843592961402824e-02
8.600000000000000000e+02 1.076945596061957167e+00 2.102204426793323130e-02
8.610000000000000000e+02 1.083035610583290342e+00 2.123755067548374273e-02
8.620000000000000000e+02 1.089160063498731734e+00 2.145496860924029844e-02
8.630000000000000000e+02 1.095319149553790616e+00 2.167431163319567464e-02
8.640000000000000000e+02 1.101513064595245783e+00 2.189559341891747155e-02
8.650000000000000000e+02 1.108930484478301448e+00 2.216589764832309004e-02
8.660000000000000000e+02 1.116397852128197421e+00 2.243914011087969063e-02
8.670000000000000000e+02 1.123915503885528189e+00 2.271534526163696346e-02
8.680000000000000000e+02 1.131483778355753422e+00 2.299453779530308273e-02
8.690000000000000000e+02 1.139103016424449777e+00 2.327674264770488236e-02
8.700000000000000000e+02 1.146773561272667497e+00 2.356198499726137180e-02
8.710000000000000000e+02 1.154495758392383165e+00 2.385029026647333614e-02
8.720000000000000000e+02 1.162269955602065030e+00 2.414168412342569334e-02
8.730000000000000000e+02 1.170096503062334259e+00 2.443619248330702182e-02
8.740000000000000000e+02 1.177975753291742755e+00 2.473384150994456521e-02
8.750000000000000000e+02 1.187522353005475484e+00 2.510484363683052750e-02
8.760000000000000000e+02 1.197146320666587771e+00 2.548074046477584106e-02
8.770000000000000000e+02 1.206848283283591172e+00 2.586158079756762859e-02
8.780000000000000000e+02 1.216628872946424966e+00 2.624741402334045820e-02
8.790000000000000000e+02 1.226488726867640100e+00 2.663829011872505953e-02
8.800000000000000000e+02 1.236428487423910427e+00 2.703425965304980666e-02
8.810000000000000000e+02 1.246448802197884786e+00 2.743537379258939937e-02
8.820000000000000000e+02 1.256550324020378362e+00 2.784168430487017273e-02
8.830000000000000000e+02 1.266733711012906438e+00 2.825324356302812839e-02
8.840000000000000000e+02 1.276999626630557438e+00 2.867010455022661955e-02
8.850000000000000000e+02 1.289096096048364171e+00 2.918545473502726778e-02
8.860000000000000000e+02 1.301307150129567436e+00 2.970878499357140420e-02
8.870000000000000000e+02 1.313633874285509373e+00 3.024018809143864950e-02
8.880000000000000000e+02 1.326077364209164555e+00 3.077975812426567148e-02
8.890000000000000000e+02 1.338638725972539634e+00 3.132759052740227007e-02
8.900000000000000000e+02 1.351319076124986029e+00 3.188378208577227063e-02
8.910000000000000000e+02 1.364119541792446322e+00 3.244843094394635197e-02
8.920000000000000000e+02 1.377041260777645437e+00 3.302163661642656262e-02
8.930000000000000000e+02 1.390085381661224639e+00 3.360349999814965516e-02
8.940000000000000000e+02 1.403253063903836528e+00 3.419412337521825218e-02
8.950000000000000000e+02 1.418012439447750017e+00 3.490547642134966128e-02
8.960000000000000000e+02 1.432927053680999929e+00 3.562911726520794076e-02
8.970000000000000000e+02 1.447998539399674156e+00 3.636520420830032657e-02
8.980000000000000000e+02 1.463228546573563715e+00 3.711389816802160985e-02
8.990000000000000000e+02 1.478618742526796703e+00 3.787536269331389510e-02
9.000000000000000000e+02 1.494170812120366953e+00 3.864976398109793571e-02
9.010000000000000000e+02 1.509886457936587378e+00 3.943727089346957260e-02
9.020000000000000000e+02 1.525767400465485313e+00 4.023805497566700778e-02
9.030000000000000000e+02 1.541815378293150296e+00 4.105229047480248028e-02
9.040000000000000000e+02 1.558032148292071595e+00 4.188015435935748404e-02
9.050000000000000000e+02 1.575246519518093358e+00 4.283157674778787644e-02
9.060000000000000000e+02 1.592651088730102638e+00 4.380026809664815807e-02
9.070000000000000000e+02 1.610247957385850359e+00 4.478646303183345112e-02
9.080000000000000000e+02 1.628039250161657181e+00 4.579040034679009857e-02
9.090000000000000000e+02 1.646027115208947622e+00 4.681232302059940703e-02
9.100000000000000000e+02 1.664213724413620810e+00 4.785247823799878425e-02
9.110000000000000000e+02 1.682601273658288710e+00 4.891111741129689633e-02
9.120000000000000000e+02 1.701191983087413151e+00 4.998849620413476497e-02
9.130000000000000000e+02 1.719988097375364511e+00 5.108487455705224695e-02
9.140000000000000000e+02 1.738991885997451803e+00 5.220051671480947092e-02
9.150000000000000000e+02 1.758486642941545552e+00 5.342098713679852701e-02
9.160000000000000000e+02 1.778199943486313606e+00 5.466371305751205334e-02
9.170000000000000000e+02 1.798134237588200124e+00 5.592900546466220146e-02
9.180000000000000000e+02 1.818292002668586926e+00 5.721718083205949712e-02
9.190000000000000000e+02 1.838675743921688088e+00 5.852856114403261201e-02
9.200000000000000000e+02 1.859287994625892004e+00 5.986347392277562018e-02
9.210000000000000000e+02 1.880131316458594881e+00 6.122225225850903146e-02
9.220000000000000000e+02 1.901208299814567626e+00 6.260523484236299452e-02
9.230000000000000000e+02 1.922521564127885219e+00 6.401276600189641230e-02
9.240000000000000000e+02 1.944073758197471413e+00 6.544519573915144606e-02
9.250000000000000000e+02 1.965593623056888672e+00 6.694775359306016915e-02
9.260000000000000000e+02 1.987351701400548398e+00 6.847696178215338658e-02
9.270000000000000000e+02 2.009350630125312787e+00 7.003319381980775693e-02
9.280000000000000000e+02 2.031593075317089436e+00 7.161682944340051760e-02
9.290000000000000000e+02 2.054081732573945107e+00 7.322825465068123763e-02
9.300000000000000000e+02 2.076819327332784404e+00 7.486786173912660103e-02
9.310000000000000000e+02 2.099808615199652451e+00 7.653604934818904193e-02
9.320000000000000000e+02 2.123052382283692197e+00 7.823322250432462877e-02
9.330000000000000000e+02 2.146553445534793880e+00 7.995979266871136582e-02
9.340000000000000000e+02 2.170314653084993051e+00 8.171617778757166162e-02
9.350000000000000000e+02 2.193851586984466806e+00 8.353157105579084307e-02
9.360000000000000000e+02 2.217643777538362393e+00 8.537808585800650552e-02
9.370000000000000000e+02 2.241693992989981510e+00 8.725615431696302771e-02
9.380000000000000000e+02 2.266005031604062747e+00 8.916621534304119967e-02
9.390000000000000000e+02 2.290579721992357154e+00 9.110871468302399190e-02
9.400000000000000000e+02 2.315420923442743195e+00 9.308410497161032082e-02
9.410000000000000000e+02 2.340531526251911743e+00 9.509284578560178725e-02
9.420000000000000000e+02 2.365914452061640194e+00 9.713540370066331420e-02
9.430000000000000000e+02 2.391572654198751202e+00 9.921225235057630487e-02
9.440000000000000000e+02 2.417509118018709824e+00 1.013238724889403281e-01
9.450000000000000000e+02 2.444030069598973842e+00 1.035769676859200628e-01
9.460000000000000000e+02 2.470841965634205994e+00 1.058687878847613811e-01
9.470000000000000000e+02 2.497947997890566985e+00 1.081998803488510019e-01
9.480000000000000000e+02 2.525351393149058321e+00 1.105708008333685100e-01
9.490000000000000000e+02 2.553055413589630174e+00 1.129821136552396077e-01
9.500000000000000000e+02 2.581063357179530726e+00 1.154343917662660202e-01
9.510000000000000000e+02 2.609378558065907683e+00 1.179282168293248195e-01
9.520000000000000000e+02 2.638004386972711668e+00 1.204641792975729153e-01
9.530000000000000000e+02 2.666944251601956584e+00 1.230428784965511280e-01
9.540000000000000000e+02 2.696201597039382225e+00 1.256649227091340970e-01
9.550000000000000000e+02 2.726413206420564173e+00 1.285747937952494424e-01
9.560000000000000000e+02 2.756963344397830085e+00 1.315359917758125996e-01
9.570000000000000000e+02 2.787855804268280391e+00 1.345492591394886472e-01
9.580000000000000000e+02 2.819094421833858277e+00 1.376153502408633822e-01
9.590000000000000000e+02 2.850683075877620709e+00 1.407350313945007203e-01
9.600000000000000000e+02 2.882625688645350959e+00 1.439090809740616594e-01
9.610000000000000000e+02 2.914926226332569481e+00 1.471382895163242943e-01
9.620000000000000000e+02 2.947588699577012417e+00 1.504234598299230841e-01
9.630000000000000000e+02 2.980617163956601257e+00 1.537654071086519136e-01
9.640000000000000000e+02 3.014015720493021799e+00 1.571649590492171511e-01
9.650000000000000000e+02 3.033645510957222680e+00 1.603854783271383144e-01
9.660000000000000000e+02 3.053403147029877029e+00 1.636413509909083186e-01
9.670000000000000000e+02 3.073289461348478468e+00 1.669329023668999212e-01
9.680000000000000000e+02 3.093305291973355242e+00 1.702604605351850930e-01
9.690000000000000000e+02 3.113451482422988637e+00 1.736243563517472777e-01
9.700000000000000000e+02 3.133728881709553882e+00 1.770249234708718700e-01
9.710000000000000000e+02 3.154138344374702640e+00 1.804624983677045325e-01
9.720000000000000000e+02 3.174680730525576866e+00 1.839374203609857872e-01
9.730000000000000000e+02 3.195356905871061581e+00 1.874500316359747343e-01
9.740000000000000000e+02 3.216167741758249043e+00 1.910006772675416908e-01
9.750000000000000000e+02 3.210721327477866982e+00 1.935814195352737466e-01
9.760000000000000000e+02 3.205284136419308538e+00 1.961574998446611595e-01
9.770000000000000000e+02 3.199856152963528988e+00 1.987287227436678738e-01
9.780000000000000000e+02 3.194437361517921126e+00 2.012949051949394774e-01
9.790000000000000000e+02 3.189027746516296613e+00 2.038558757317066594e-01
9.800000000000000000e+02 3.183627292418817589e+00 2.064114736795247262e-01
9.810000000000000000e+02 3.178235983711960255e+00 2.089615484380996924e-01
9.820000000000000000e+02 3.172853804908482012e+00 2.115059588180122352e-01
9.830000000000000000e+02 3.167480740547361062e+00 2.140445724276200390e-01
9.840000000000000000e+02 3.162116775193763107e+00 2.165772651059125198e-01
9.850000000000000000e+02 3.142273327326085663e+00 2.181624610814013321e-01
9.860000000000000000e+02 3.122554404405231576e+00 2.197258640768039728e-01
9.870000000000000000e+02 3.102959224991275189e+00 2.212673893007558179e-01
9.880000000000000000e+02 3.083487012548116191e+00 2.227869700442889067e-01
9.890000000000000000e+02 3.064136995412710007e+00 2.242845564398081581e-01
9.900000000000000000e+02 3.044908406764471387e+00 2.257601143064040250e-01
9.910000000000000000e+02 3.025800484594904027e+00 2.272136240750647074e-01
9.920000000000000000e+02 3.006812471677394960e+00 2.286450797878036845e-01
9.930000000000000000e+02 2.987943615537204334e+00 2.300544881652221429e-01
9.940000000000000000e+02 2.969193168421651485e+00 2.314418677374273092e-01
9.950000000000000000e+02 2.950977279151403732e+00 2.321562228926138116e-01
9.960000000000000000e+02 2.932873143681963501e+00 2.328563239224420711e-01
9.970000000000000000e+02 2.914880076407931231e+00 2.335422147469476406e-01
9.980000000000000000e+02 2.896997395930080543e+00 2.342139433487886446e-01
9.990000000000000000e+02 2.879224425029534462e+00 2.348715615398024870e-01
1.000000000000000000e+03 2.861560490642128585e+00 2.355151247393343639e-01
1.001000000000000000e+03 2.844004923832924803e+00 2.361446917637166909e-01
1.002000000000000000e+03 2.826557059770876457e+00 2.367603246263218220e-01
1.003000000000000000e+03 2.809216237703648034e+00 2.373620883476031951e-01
1.004000000000000000e+03 2.791981800932599622e+00 2.379500507746442339e-01
1.005000000000000000e+03 2.791262704109989556e+00 2.379691315912742244e-01
1.006000000000000000e+03 2.790543792496412046e+00 2.379881908957748593e-01
1.007000000000000000e+03 2.789825066044159474e+00 2.380072286929030834e-01
1.008000000000000000e+03 2.789106524705545986e+00 2.380262449874235298e-01
1.009000000000000000e+03 2.788388168432895053e+00 2.380452397841095746e-01
1.010000000000000000e+03 2.787669997178537251e+00 2.380642130877361762e-01
1.011000000000000000e+03 2.786952010894820475e+00 2.380831649030864250e-01
1.012000000000000000e+03 2.786234209534106832e+00 2.381020952349539033e-01
1.013000000000000000e+03 2.785516593048766865e+00 2.381210040881330814e-01
1.014000000000000000e+03 2.784799161391182665e+00 2.381398914674282274e-01
1.015000000000000000e+03 2.784081914513752753e+00 2.381587573776493549e-01
1.016000000000000000e+03 2.783364852368884534e+00 2.381776018236114179e-01
1.017000000000000000e+03 2.782647974909001842e+00 2.381964248101406945e-01
1.018000000000000000e+03 2.781931282086530732e+00 2.382152263420614924e-01
1.019000000000000000e+03 2.781214773853921240e+00 2.382340064242116640e-01
1.020000000000000000e+03 2.780498450163630508e+00 2.382527650614334191e-01
1.021000000000000000e+03 2.779782310968125003e+00 2.382715022585738252e-01
1.022000000000000000e+03 2.779066356219892509e+00 2.382902180204865827e-01
1.023000000000000000e+03 2.778350585871420808e+00 2.383089123520353014e-01
1.024000000000000000e+03 2.777634999875221222e+00 2.383275852580834520e-01
1.025000000000000000e+03 2.776919598183809512e+00 2.383462367435074669e-01
1.026000000000000000e+03 2.776204380749719647e+00 2.383648668131851112e-01
1.027000000000000000e+03 2.775489347525491368e+00 2.383834754720022542e-01
1.028000000000000000e+03 2.774774498463679961e+00 2.384020627248533974e-01
1.029000000000000000e+03 2.774059833516854923e+00 2.384206285766329037e-01
1.030000000000000000e+03 2.773345352637593297e+00 2.384391730322478475e-01
1.031000000000000000e+03 2.772631055778491227e+00 2.384576960966073023e-01
1.032000000000000000e+03 2.771916942892149294e+00 2.384761977746281125e-01
1.033000000000000000e+03 2.771203013931186732e+00 2.384946780712363934e-01
1.034000000000000000e+03 2.770489268848228104e+00 2.385131369913571497e-01
1.035000000000000000e+03 2.769775707595919290e+00 2.385315745399270437e-01
1.036000000000000000e+03 2.769062330126910165e+00 2.385499907218893989e-01
1.037000000000000000e+03 2.768349136393863930e+00 2.385683855421864008e-01
1.038000000000000000e+03 2.767636126349463765e+00 2.385867590057780541e-01
1.039000000000000000e+03 2.766923299946392412e+00 2.386051111176194506e-01
1.040000000000000000e+03 2.766210657137357032e+00 2.386234418826747861e-01
1.041000000000000000e+03 2.765498197875069231e+00 2.386417513059219675e-01
1.042000000000000000e+03 2.764785922112254379e+00 2.386600393923329344e-01
1.043000000000000000e+03 2.764073829801655169e+00 2.386783061468916167e-01
1.044000000000000000e+03 2.763361920896016066e+00 2.386965515745912425e-01
1.045000000000000000e+03 2.762650195348102411e+00 2.387147756804227638e-01
1.046000000000000000e+03 2.761938653110687536e+00 2.387329784693898727e-01
1.047000000000000000e+03 2.761227294136560761e+00 2.387511599465018397e-01
1.048000000000000000e+03 2.760516118378520289e+00 2.387693201167666590e-01
1.049000000000000000e+03 2.759805125789375868e+00 2.387874589852085894e-01
1.050000000000000000e+03 2.759094316321953677e+00 2.388055765568507238e-01
1.051000000000000000e+03 2.758383689929087446e+00 2.388236728367216788e-01
1.052000000000000000e+03 2.757673246563626890e+00 2.388417478298626995e-01
1.053000000000000000e+03 2.756962986178427499e+00 2.388598015413120335e-01
1.054000000000000000e+03 2.756252908726366524e+00 2.388778339761207237e-01
1.055000000000000000e+03 2.755543014160322990e+00 2.388958451393434490e-01
1.056000000000000000e+03 2.754833302433195463e+00 2.389138350360363594e-01
1.057000000000000000e+03 2.754123773497895389e+00 2.389318036712704818e-01
1.058000000000000000e+03 2.753414427307338652e+00 2.389497510501135402e-01
1.059000000000000000e+03 2.752705263814460679e+00 2.389676771776428343e-01
1.060000000000000000e+03 2.751996282972204888e+00 2.389855820589437407e-01
1.061000000000000000e+03 2.751287484733532018e+00 2.390034656991027184e-01
1.062000000000000000e+03 2.750578869051403696e+00 2.390213281032153025e-01
1.063000000000000000e+03 2.749870435878806418e+00 2.390391692763821907e-01
1.064000000000000000e+03 2.749162185168732009e+00 2.390569892237065230e-01
1.065000000000000000e+03 2.748454116874184727e+00 2.390747879503012929e-01
1.066000000000000000e+03 2.747746230948183488e+00 2.390925654612845452e-01
1.067000000000000000e+03 2.747038527343758751e+00 2.391103217617767673e-01
1.068000000000000000e+03 2.746331006013950748e+00 2.391280568569089937e-01
1.069000000000000000e+03 2.745623666911814365e+00 2.391457707518115650e-01
1.070000000000000000e+03 2.744916509990413367e+00 2.391634634516265623e-01
1.071000000000000000e+03 2.744209535202826622e+00 2.391811349614985927e-01
1.072000000000000000e+03 2.743502742502143210e+00 2.391987852865759545e-01
1.073000000000000000e+03 2.742796131841469531e+00 2.392164144320173269e-01
1.074000000000000000e+03 2.742089703173912874e+00 2.392340224029839424e-01
1.075000000000000000e+03 2.741383456452604950e+00 2.392516092046415854e-01
1.076000000000000000e+03 2.740677391630682358e+00 2.392691748421652831e-01
1.077000000000000000e+03 2.739971508661295463e+00 2.392867193207287579e-01
1.078000000000000000e+03 2.739265807497606620e+00 2.393042426455185556e-01
1.079000000000000000e+03 2.738560288092790618e+00 2.393217448217253851e-01
1.080000000000000000e+03 2.737854950400033793e+00 2.393392258545371798e-01
1.081000000000000000e+03 2.737149794372532696e+00 2.393566857491605249e-01
1.082000000000000000e+03 2.736444819963502528e+00 2.393741245107985638e-01
1.083000000000000000e+03 2.735740027126162488e+00 2.393915421446593805e-01
1.084000000000000000e+03 2.735035415813749982e+00 2.394089386559617727e-01
1.085000000000000000e+03 2.734330985979507300e+00 2.394263140499266473e-01
1.086000000000000000e+03 2.733626737576698940e+00 2.394436683317790748e-01
1.087000000000000000e+03 2.732922670558595168e+00 2.394610015067535347e-01
1.088000000000000000e+03 2.732218784878473805e+00 2.394783135800838958e-01
1.089000000000000000e+03 2.731515080489634872e+00 2.394956045570148517e-01
1.090000000000000000e+03 2.730811557345381502e+00 2.395128744427949818e-01
1.091000000000000000e+03 2.730108215399035476e+00 2.395301232426753357e-01
1.092000000000000000e+03 2.729405054603927905e+00 2.395473509619161223e-01
1.093000000000000000e+03 2.728702074913398778e+00 2.395645576057808535e-01
1.094000000000000000e+03 2.727999276280807628e+00 2.395817431795370378e-01
1.095000000000000000e+03 2.727296658659520201e+00 2.395989076884609825e-01
1.096000000000000000e+03 2.726594222002914236e+00 2.396160511378287727e-01
1.097000000000000000e+03 2.725891966264379462e+00 2.396331735329277068e-01
1.098000000000000000e+03 2.725189891397322928e+00 2.396502748790456661e-01
1.099000000000000000e+03 2.724487997355157454e+00 2.396673551814793302e-01
