3.089549730341567511e+02 0.000000000000000000e+00 1.397135387456333207e-02
3.095359371048979824e+02 0.000000000000000000e+00 1.337198020330878853e-02
3.101172682172419854e+02 0.000000000000000000e+00 1.277260653205424673e-02
3.106989625889276567e+02 0.000000000000000000e+00 1.217323286079970319e-02
3.112810164888811642e+02 0.000000000000000000e+00 1.157385918954515966e-02
3.118634262352913993e+02 0.000000000000000000e+00 1.097448551829061612e-02
3.124461881948386122e+02 0.000000000000000000e+00 1.037511184703607259e-02
3.130292987823954718e+02 0.000000000000000000e+00 9.775738175781530787e-03
3.136127544598710983e+02 0.000000000000000000e+00 9.176364504526987251e-03
3.141965517357405133e+02 1.696035050064416405e-03 8.576990833272443715e-03
3.147806871636324786e+02 7.941116340026067866e-03 7.977617162017901914e-03
3.153651573423291552e+02 1.418619762998771239e-02 7.378243490763358378e-03
3.159499589148671248e+02 2.043127891994936385e-02 6.778869819508814842e-03
3.165350885670832781e+02 2.667636020991101531e-02 6.179496148254271307e-03
3.171205430279561028e+02 3.292144149987266677e-02 5.580122476999729506e-03
3.177063190684936558e+02 3.916652278983431823e-02 4.980748805745187704e-03
3.182924135008769326e+02 4.541160407979596969e-02 3.226039063293756511e-03
3.188788231776906059e+02 5.165668536975762115e-02 6.371558740636029325e-03
3.194655449917506189e+02 5.790176665971927261e-02 6.731164867916289603e-03
3.200525758754628214e+02 6.414684794968092407e-02 6.239431749309687358e-03
3.206399127993250886e+02 7.039192923964257553e-02 7.170198955119399392e-03
3.212275527724410722e+02 7.663701052960421312e-02 4.902866425166678421e-03
3.218154928415345921e+02 8.288209181956586458e-02 3.516099660549470117e-03
3.224037300896251281e+02 8.912717310952751604e-02 -1.323012633916099447e-03
3.229922616370095625e+02 9.537225439948916750e-02 -3.452023286300673517e-03
3.235810846386114576e+02 1.016173356894508190e-01 -3.441115325135384127e-03
3.241701962856903378e+02 1.078624169794124704e-01 -5.147988967238317261e-03
3.247595938032331446e+02 1.141074982693741219e-01 -7.482178692882011234e-03
3.253492744510226657e+02 1.203525795593357733e-01 -7.910526748956234894e-03
3.259392355223543518e+02 1.265976608492974109e-01 -6.303247669703693212e-03
3.265294743429239475e+02 1.328427421392590624e-01 -8.831686970374379858e-03
3.271199882722381744e+02 1.390878234292207138e-01 -1.273392430518601771e-02
3.277107747007494822e+02 1.453329047191823653e-01 -1.201440256926839846e-02
3.283018310512238713e+02 1.515779860091440168e-01 -1.505518680716505693e-02
3.288931547772864974e+02 1.578230672991056682e-01 -1.720686409571150349e-02
3.294847433630363298e+02 1.640681485890674030e-01 -1.808650433977047195e-02
3.300765943230036896e+02 1.701330574457599609e-01 -1.686045115655587096e-02
3.306687052015502104e+02 1.737700057033183532e-01 -1.959834842231810217e-02
3.312610735722702771e+02 1.792120311101953467e-01 -1.879271772094378082e-02
3.318536970373066879e+02 1.855383539854232600e-01 -1.984804507755823927e-02
3.324465732273498588e+02 1.904423003580488494e-01 -2.089212917839024936e-02
3.330396998015522172e+02 1.962884332883104432e-01 -2.116210325428188530e-02
3.336330744462445068e+02 2.012987397863346128e-01 -2.157899585846964619e-02
3.342266948745944433e+02 2.072942796173391777e-01 -2.056022908015665840e-02
3.348205588274603315e+02 2.125589160417490076e-01 -2.244591572504206489e-02
3.354146640713387910e+02 2.169309721153828974e-01 -2.600045859642513904e-02
3.360090083990060066e+02 2.227042937010005330e-01 -2.692118093937572593e-02
3.366035896287900187e+02 2.280134694675531315e-01 -2.707718841513080330e-02
3.371984056046989053e+02 2.340232242280016473e-01 -2.798672931904717248e-02
3.377934541949240952e+02 2.397711351494016818e-01 -2.737295977127086541e-02
3.383887332927799321e+02 2.448942258115468784e-01 -2.880730541861518598e-02
3.389842408156353599e+02 2.489472326385689660e-01 -3.002595349604713151e-02
3.395799747044426908e+02 2.527562565214743207e-01 -3.087413478074714154e-02
3.401759329237802945e+02 2.579356263311503028e-01 -3.162011554310672351e-02
3.407721134616807035e+02 2.625925287571235778e-01 -3.063077561971557991e-02
3.413685143286048742e+02 2.666770723931018439e-01 -3.018260178606695099e-02
3.419651335576980387e+02 2.703234360641446066e-01 -2.890617713875610548e-02
3.425619692042762381e+02 2.755612344992311447e-01 -2.753879286956029127e-02
3.431590193458260387e+02 2.791294651685938266e-01 -2.685089704024050741e-02
3.437562820806791706e+02 2.835049943220225299e-01 -2.752384146958988115e-02
3.443537555295079073e+02 2.867730464221336373e-01 -2.838077770703653635e-02
3.449514378332305569e+02 2.898803474535688873e-01 -2.764393734633080468e-02
3.455493271530532979e+02 2.928854182154714270e-01 -2.341450148135478665e-02
3.461474216720522463e+02 2.957722681320287816e-01 -2.108362587181773079e-02
3.467457195918380535e+02 2.991276336494719246e-01 -1.783452675875303595e-02
3.473442191347788821e+02 3.027869698744525828e-01 -1.595806274224361929e-02
3.479429185425039464e+02 3.057263207111917125e-01 -1.707263467905723031e-02
3.485418160761593640e+02 3.084618640772027742e-01 -1.785371432815505144e-02
3.491409100158095953e+02 3.113613703492417728e-01 -2.022099586519574693e-02
3.497401986603086925e+02 3.145011835208209039e-01 -2.460105453920056681e-02
3.503396803266589927e+02 3.169793416449095957e-01 -2.316725262653600292e-02
3.509393533509086751e+02 3.210651993388411451e-01 -1.998771205383133645e-02
3.515392160865266078e+02 3.236750662942164403e-01 -2.096813656509398729e-02
3.521392669052570454e+02 3.266953656679690843e-01 -2.187261834533327926e-02
3.527395041959655941e+02 3.299855843644319275e-01 -2.337958543887415711e-02
3.533399263646814461e+02 3.330013608809154757e-01 -2.093109517777339348e-02
3.539405318353233838e+02 3.363263364818475654e-01 -1.766776885022005791e-02
3.545413190479047785e+02 3.384281029228974336e-01 -1.778953459007818691e-02
3.551422864592171891e+02 3.403479102168101567e-01 -1.681886399524753703e-02
3.557434325427011572e+02 3.427757552290217613e-01 -1.626582659979813883e-02
3.563447557878054113e+02 3.449578083119755334e-01 -1.599783002514866895e-02
3.569462547004143858e+02 3.462445435721781539e-01 -1.325555246266871268e-02
3.575479278011367796e+02 3.466334194633941546e-01 -1.071130080311614302e-02
3.581497736272301040e+02 3.484470504448269335e-01 -8.221946333887494851e-03
3.587517907307618543e+02 3.499440654620869506e-01 -6.486747959932613605e-03
3.593539776791653821e+02 3.504081136601108204e-01 -6.009572147623536142e-03
3.599563330548970157e+02 3.510172953944140639e-01 -4.685244859058939303e-03
3.605588554546666842e+02 3.528728422440421397e-01 -3.095777058682087045e-03
3.611615434904637141e+02 3.551015511757905085e-01 -2.626889943597937073e-03
3.617643957882742711e+02 3.592416042448617897e-01 -1.431088870726068135e-03
3.623674109884652808e+02 3.633308963729642294e-01 2.412071066573932138e-03
3.629705877452722689e+02 3.656117297132404631e-01 9.329202611599753244e-04
3.635739247267975998e+02 3.674403608362150631e-01 1.849049547863405862e-03
3.641774206149694919e+02 3.688848229514306021e-01 8.823728900256401844e-04
3.647810741051125092e+02 3.714776410680794561e-01 -1.912503059298186229e-03
3.653848839058630347e+02 3.721804715177570166e-01 -3.100203007110679393e-03
3.659888487389972624e+02 3.732239928113944005e-01 -4.812112253290055930e-03
3.665929673393462167e+02 3.749186758353674209e-01 -1.938511763756144667e-03
3.671972384545815657e+02 3.771173308639299560e-01 -1.924161879958592725e-04
3.678016608449584055e+02 3.789458326038794289e-01 3.907815964004093812e-03
3.684062332833586311e+02 3.806043073334128835e-01 1.003804501881903899e-02
3.690109545549483983e+02 3.813415862684555457e-01 1.272833160652544690e-02
3.696158234569214187e+02 3.819472733169454459e-01 1.365927801541870316e-02
3.702208387988405889e+02 3.819385958811493675e-01 1.539257448611217743e-02
3.708259994018688985e+02 3.827578602639584715e-01 1.714359258987819407e-02
3.714313040992388437e+02 3.847450917554637861e-01 2.081756202097884839e-02
3.720367517357823886e+02 3.938071263345178097e-01 2.406522011104192393e-02
3.726423411670759265e+02 3.986561161368115669e-01 2.561965372263287286e-02
3.732480712607219289e+02 4.009696049329228851e-01 2.604653160382316285e-02
3.738539408957513501e+02 4.016475950037939335e-01 2.182217483971430477e-02
3.744599489615108610e+02 4.023747338333175105e-01 1.770190665397121041e-02
3.750660943585614291e+02 4.059540266304407230e-01 1.529590205125444871e-02
3.756723759985918036e+02 4.159061433368864691e-01 1.442644347392045556e-02
3.762787928031791012e+02 4.195896444058350161e-01 1.406673317963584927e-02
3.768853437051565720e+02 4.213804454677019806e-01 1.231206205948161964e-02
3.774920276472884098e+02 4.228621640066680398e-01 1.308805398226850318e-02
3.780988435828247134e+02 4.238169132773911274e-01 1.219772591600270725e-02
3.787057904752027184e+02 4.242304659181996285e-01 1.093169888823779592e-02
3.793128672975335007e+02 4.252288284052998524e-01 8.975126064477239457e-03
3.799200730335849130e+02 4.245667723640508817e-01 7.699318401147665566e-03
3.805274066758151434e+02 4.240133708591897199e-01 9.002945945142559747e-03
3.811348672271251417e+02 4.252738275736864804e-01 8.894762578253915739e-03
3.817424537000890155e+02 4.271988320713857590e-01 1.284674184520057105e-02
3.823501651161847121e+02 4.280222816466078828e-01 1.519977639786064191e-02
3.829580005064349848e+02 4.286081364123504600e-01 1.669542612616176092e-02
3.835659589111928085e+02 4.296070022145139777e-01 1.795637634321198967e-02
3.841740393798004902e+02 4.311732220046753383e-01 2.013123804354901170e-03
3.847822409705031532e+02 4.325605101406672648e-01 -2.830260196387787350e-03
3.853905627508335670e+02 4.335869310474017024e-01 -4.746379821173567735e-03
3.859990037966716159e+02 4.352864651171726718e-01 -4.047803570712015832e-03
3.866075631929284100e+02 4.362802931530417316e-01 -3.619875818957895251e-03
3.872162400328614353e+02 4.376474917395176689e-01 -1.041254136820481298e-02
3.878250334184173767e+02 4.393033316471274263e-01 -3.224295660202187302e-02
3.884339424596325898e+02 4.418082703561701519e-01 -3.813462745134381382e-02
3.890429662751040496e+02 4.449823679738305060e-01 -3.821457165723637223e-02
3.896521039917747657e+02 4.465180764018333304e-01 -3.721834695658819692e-02
3.902613547444638584e+02 4.472176026026729034e-01 -3.857827875674428586e-02
3.908707176758668425e+02 4.486626303060137211e-01 -4.122058186971142707e-02
3.914801919367254186e+02 4.503059619532520097e-01 -4.191565930561932940e-02
3.920897766856571707e+02 4.517780304323283924e-01 -3.944703189106764374e-02
3.926994710894969103e+02 4.528445749658693287e-01 -3.474138361798020935e-02
3.933092743217160887e+02 4.549658263876256714e-01 -2.832356461149749052e-02
3.939191855640456765e+02 4.550678658182484848e-01 -2.569371228348636682e-02
3.945292040054932272e+02 4.565364428387342355e-01 -2.568549561258519701e-02
3.951393288427707375e+02 4.571483405069078909e-01 -2.586731938591902216e-02
3.957495592791833587e+02 4.574486488581458454e-01 -2.507478916973823052e-02
3.963598945261663857e+02 4.585010198860569042e-01 -2.602190518763304941e-02
3.969703338019195371e+02 4.588694368969116755e-01 -2.497158412205617226e-02
3.975808763311918597e+02 4.601183546158830184e-01 -2.497140664350154179e-02
3.981915213468208208e+02 4.612069305870524216e-01 -2.425771984089717184e-02
3.988022680872952037e+02 4.623941466212914131e-01 -2.326450390468876722e-02
3.994131157991497503e+02 4.637115498667809255e-01 -2.367272068233602228e-02
4.000240637348270525e+02 4.653748132354388889e-01 -2.423583186774926068e-02
4.006351111537030647e+02 4.666909977656169550e-01 -2.718290537532646114e-02
4.012462573221305888e+02 4.683819399865142841e-01 -3.316396660683417624e-02
4.018575015121566594e+02 4.690382161539399797e-01 -3.424167624272328458e-02
4.024688430032315409e+02 4.710798026598716493e-01 -3.195211405252744441e-02
4.030802810809266816e+02 4.732092615974939909e-01 -1.428236699458333009e-02
4.036918150364227813e+02 4.743899030772473213e-01 -6.268462321543712482e-03
4.043034441682597162e+02 4.745685241254439801e-01 -4.696362725252487338e-03
4.049151677805011218e+02 4.735124064663564503e-01 -5.128755157997213002e-03
4.055269851834167412e+02 4.721430437294689142e-01 -5.195045116612801578e-03
4.061388956934393946e+02 4.722904577165187856e-01 1.127844979932060760e-04
4.067508986329949607e+02 4.731969744766326147e-01 1.914302344877657353e-02
4.073629933303735129e+02 4.744035894589158087e-01 2.385671971913782413e-02
4.079751791193868371e+02 4.750714426836909476e-01 2.318414789468589005e-02
4.085874553406086989e+02 4.779276941918341737e-01 2.173341638811719656e-02
4.091998213393652577e+02 4.804054034071903456e-01 1.997970023151618424e-02
4.098122764670177958e+02 4.824707731484232931e-01 1.899032947951210734e-02
4.104248200807480771e+02 4.823555708125568664e-01 1.839405541846672945e-02
4.110374515430036695e+02 4.830298715905628204e-01 1.608948079969578851e-02
4.116501702219674144e+02 4.837046008556836196e-01 1.576740901271514797e-02
4.122629754906597555e+02 4.852285956862953942e-01 1.530983979060582603e-02
4.128758667283490240e+02 4.875057538399756862e-01 1.537506670470192502e-02
4.134888433190558885e+02 4.892587168335995607e-01 1.286819134867070447e-02
4.141019046523224461e+02 4.903242032783365900e-01 1.231344548793449067e-02
4.147150501225281118e+02 4.899972035243282953e-01 1.167995393042151921e-02
4.153282791297441463e+02 4.828181893387467061e-01 1.189956167261619138e-02
4.159415910787511166e+02 4.804052984351928068e-01 1.221705765160482904e-02
4.165549853795514537e+02 4.806675759450494967e-01 1.289933195050231400e-02
4.171684614469845656e+02 4.824730607904155755e-01 1.330672578511689699e-02
4.177820187010260611e+02 4.833554736192331447e-01 1.296474081129977800e-02
4.183956565662750222e+02 4.817821635115329126e-01 1.161346108482542994e-02
4.190093744727226976e+02 4.745952250620212864e-01 1.063748959894598653e-02
4.196231718544280511e+02 4.734389213360003512e-01 1.137648359123813804e-02
4.202370481506711144e+02 4.740646424751369659e-01 1.350708184088448768e-02
4.208510028053981387e+02 4.747621258777555697e-01 9.415466950153716930e-03
4.214650352665370292e+02 4.755043446182985467e-01 2.610292498655395789e-03
4.220791449877066270e+02 4.763589100885878835e-01 -1.953451458277326823e-03
4.226933314265931472e+02 4.768925404529528178e-01 -1.885457923629565730e-03
4.233075940448648566e+02 4.775549819336388224e-01 -3.526056315528692219e-03
4.239219323093673211e+02 4.787860524012019781e-01 -3.562991615831020455e-03
4.245363456908428930e+02 4.802063936159958191e-01 -4.455382796115808612e-03
4.251508336650833257e+02 4.808605808710659235e-01 -7.147684060097045898e-03
4.257653957112638636e+02 4.815023942797667655e-01 -6.906156503590106348e-03
4.263800313134808562e+02 4.820598987313043371e-01 -7.880716545887735472e-03
4.269947399597692765e+02 4.825410385341278863e-01 -6.673330145909656640e-03
4.276095211429145024e+02 4.830122092830106961e-01 -5.306789746524053636e-03
4.282243743590847203e+02 4.832380770993388031e-01 -5.140097317337899603e-03
4.288392991089418160e+02 4.830178766444003235e-01 -5.633199456446242974e-03
4.294542948971717351e+02 4.830247036347788958e-01 -7.244117984691511060e-03
4.300693612325267168e+02 4.832270796106443167e-01 -6.752993600030208349e-03
4.306844976275685895e+02 4.836385413502425901e-01 -7.573186344497451379e-03
4.312997035988830703e+02 4.850054009511227116e-01 -9.786241499556272427e-03
4.319149786671217726e+02 4.852723951894174492e-01 -1.071379676218935095e-02
4.325303223565326221e+02 4.843524695646263534e-01 -9.065763008031763742e-03
4.331457341954295543e+02 4.847080871851686124e-01 -8.950287151692290152e-03
4.337612137158505448e+02 4.857540541849931226e-01 -8.191623194022485885e-03
4.343767604536429303e+02 4.861344261885534035e-01 -8.803299018864308226e-03
4.349923739477378035e+02 4.867898314636962542e-01 -8.884667710668155138e-03
4.356080537419433654e+02 4.871043016919012203e-01 -8.455925714655670999e-03
4.362237993825524995e+02 4.874706869507631213e-01 -9.919945249091493417e-03
4.368396104200521677e+02 4.881217971010897716e-01 -1.086606988079321517e-02
4.374554864085674808e+02 4.887355101041260808e-01 -1.038374232055152592e-02
4.380714269055630439e+02 4.892876117727227303e-01 -1.074360880819205666e-02
4.386874314717567813e+02 4.903038093651240770e-01 -1.036325408910488723e-02
4.393034996719321157e+02 4.904509139007781626e-01 -9.949352035983675957e-03
4.399196310736558644e+02 4.903069906288391455e-01 -6.157250638402450224e-03
4.405358252483898127e+02 4.903307015892905962e-01 -6.379053018546307265e-04
4.411520817708482127e+02 4.905877157834875879e-01 3.898149636973317032e-03
4.417684002188712498e+02 4.908072625912705544e-01 3.666705247303306443e-03
4.423847801736378074e+02 4.910048557160064386e-01 5.196546463425976217e-03
4.430012212200494446e+02 4.919055885587896859e-01 4.759181324329769119e-03
4.436177229454070243e+02 4.927393890289975542e-01 3.764341655943970189e-03
4.442342849409478731e+02 4.934399284399353380e-01 4.552730696441251515e-03
4.448509068008633562e+02 4.929768553516983287e-01 3.890404629492436994e-03
4.454675881224694081e+02 4.936206334318841704e-01 3.652713450657932553e-03
4.460843285061646384e+02 4.938005667651313990e-01 2.036734206240844395e-03
4.467011275552585516e+02 4.944558831044261749e-01 1.630483647578838055e-03
4.473179848766546911e+02 4.948629541708010615e-01 1.742272917532931582e-03
4.479349000794424001e+02 4.953401553045623795e-01 2.311185891078898057e-03
4.485518727765611970e+02 4.962565189705371305e-01 4.251143719168342695e-03
4.491689025833914570e+02 4.966648361593380967e-01 3.834561960919042906e-03
4.497859891186947152e+02 4.969405203963741524e-01 3.540195137817380225e-03
4.504031320035451813e+02 4.972357611209126116e-01 4.338538725563094271e-03
4.510203308623123917e+02 4.972327294950529830e-01 3.589763613080216090e-03
4.516375853224042203e+02 4.975702669998535166e-01 3.477695715264516284e-03
4.522548950133279959e+02 4.965221114581566675e-01 3.418078995899249961e-03
4.528722595680999916e+02 4.944016707064010641e-01 2.839634235816401731e-03
4.534896786221335674e+02 4.930202700289109119e-01 2.994464885917000416e-03
4.541071518140524290e+02 4.939451385168647235e-01 2.950411804820033540e-03
4.547246787846639222e+02 4.939960285009992180e-01 1.621921974801449756e-03
4.553422591778570450e+02 4.947395678896978066e-01 2.010745080466896581e-03
4.559598926396622005e+02 4.947450597140440887e-01 2.917124154863484121e-03
4.565775788194469555e+02 4.940568493176626386e-01 2.934944995787309042e-03
4.571953173687206231e+02 4.946167834652133166e-01 3.033378422750653263e-03
4.578131079420303990e+02 4.948464595806197908e-01 2.353150888856005759e-03
4.584309501959797899e+02 4.957179326054614310e-01 2.382085772386041342e-03
4.590488437900821737e+02 4.962347113748945548e-01 2.032571688567263481e-03
4.596667883864616897e+02 4.961496552590877185e-01 1.769270493082258054e-03
4.602847836492986175e+02 4.960479178524638821e-01 7.049085745398591231e-04
4.609028292454694906e+02 4.954672356730911442e-01 -1.080869803972267160e-03
4.615209248447604864e+02 4.953508672236672239e-01 -1.986900211371231927e-03
4.621390701184157024e+02 4.953955631091029876e-01 -3.003085335896643789e-03
4.627572647413148275e+02 4.950039037182807911e-01 -1.346375652785440635e-03
4.633755083897953000e+02 4.950067698714020747e-01 3.281030723802333166e-04
4.639938007429331037e+02 4.959139530191791212e-01 -1.293523717173812452e-04
4.646121414819455140e+02 4.979283134683444301e-01 -6.883709661318996318e-04
4.652305302907025748e+02 4.988631130496479771e-01 6.998074708363180574e-05
4.658489668553008869e+02 4.994269463937823783e-01 -1.506228183087628147e-04
4.664674508639776036e+02 4.996832225367432434e-01 -3.208119140279213320e-04
4.670859820071105446e+02 5.005621088788888562e-01 -8.963769541490101793e-04
4.677045599774315860e+02 5.006797252377844787e-01 -1.305426196550774076e-03
4.683231844704112063e+02 5.001597463587088566e-01 -3.001763346144239856e-04
4.689418551830197543e+02 5.003713618955444309e-01 1.612822498217108495e-04
4.695605718147950824e+02 5.009109709811074840e-01 4.725123237906478499e-04
4.701793340670741372e+02 5.014778041278405984e-01 1.407607602614922761e-03
4.707981416439743043e+02 5.021762805276686059e-01 1.155672672254689148e-03
4.714169942510276883e+02 5.023543565278284495e-01 1.223440882554055129e-03
4.720358915965471169e+02 5.027625204170177442e-01 1.787009250343729681e-03
4.726548333901744741e+02 5.033955638890095230e-01 2.032275783906987120e-03
4.732738193446312494e+02 5.036644890340173930e-01 2.112397036575111228e-03
4.738928491735406396e+02 5.040358271879128438e-01 3.173083446437834337e-03
4.745119225933494818e+02 5.043278691282100379e-01 4.138293400869844617e-03
4.751310393224736686e+02 5.040733567620275801e-01 4.546700759788649404e-03
4.757501990807858192e+02 5.035717172353063598e-01 5.038290715051032230e-03
4.763694015910247117e+02 5.040123727723651026e-01 3.380055749102332547e-03
4.769886465769587858e+02 5.044727545007764435e-01 1.839488668509802599e-04
4.776079337648807268e+02 5.044627544303648126e-01 -9.444640998821267688e-04
4.782272628828813481e+02 5.048809421669704367e-01 -1.468282908184098678e-03
4.788466336610634926e+02 5.052510723346584909e-01 -1.324870980022375445e-03
4.794660458312425817e+02 5.058409336874697404e-01 -1.905378943905051666e-03
4.800854991269040397e+02 5.066560633252680246e-01 -1.644094840898418629e-03
4.807049932838012865e+02 5.067650977812669932e-01 -5.855324266474020226e-04
4.813245280397417787e+02 5.069296013840656201e-01 -9.218351362378284994e-05
4.819441031336058359e+02 5.071143556235131467e-01 -1.157094969690154350e-03
4.825637183066685338e+02 5.074776330207806385e-01 -2.264361278281592539e-03
4.831833733020033037e+02 5.076653754607270974e-01 -2.896349251462132252e-03
4.838030678643113447e+02 5.080420379136501019e-01 -2.152744180602537971e-03
4.844228017396638961e+02 5.079471578207966909e-01 -2.671550175034550188e-03
4.850425746768271438e+02 5.081144525384623245e-01 -2.947114003303432424e-03
4.856623864252120484e+02 5.083918071087772939e-01 -1.811702263139833378e-03
4.862822367371379073e+02 5.086642659624635021e-01 -1.173061857895781957e-03
4.869021253655257624e+02 5.088953803509035367e-01 -7.085130705199891785e-04
4.875220520656068857e+02 5.089210166280465630e-01 -1.100143918090895449e-03
4.881420165941113396e+02 5.092124691209557463e-01 -6.695152377501525486e-04
4.887620187093108939e+02 5.096183330915612375e-01 -1.005861370273564669e-03
4.893820581718720746e+02 5.098118927865183947e-01 -1.735107132377226207e-03
4.900021347428935314e+02 5.096720863639886412e-01 -1.325837452822052707e-03
4.906222481861672691e+02 5.095908145712567672e-01 -1.467665598830817774e-03
4.912423982663441961e+02 5.098811571000070320e-01 -2.313056556379225644e-03
4.918625847501706403e+02 5.100619895452265240e-01 -3.235543804130778470e-03
4.924828074055933484e+02 5.101003751013661880e-01 -4.373942495428433108e-03
4.931030660025272709e+02 5.100326370800627451e-01 -5.220346289516554668e-03
4.937233603122145951e+02 5.099780864210414766e-01 -5.728395160530601674e-03
4.943436901070975864e+02 5.101690697650467232e-01 -6.168998428875535969e-03
4.949640551620131532e+02 5.113326142166243482e-01 -7.651132295778029398e-03
4.955844552525711038e+02 5.123547651233721911e-01 -5.970741808875025883e-03
4.962048901560497711e+02 5.121897916579101206e-01 -2.094641316665886606e-03
4.968253596515684194e+02 5.133495468694929675e-01 -8.687229043574835885e-05
4.974458635189752158e+02 5.139227465883581258e-01 1.257706673736946152e-03
4.980664015403854705e+02 5.140429760100847512e-01 1.468086198470439909e-03
4.986869734991564087e+02 5.138745669385528236e-01 1.760649555151091528e-03
4.993075791798022465e+02 5.141230711443622869e-01 2.021986995053690842e-03
4.999282183685057248e+02 5.145854918557269952e-01 1.775654422158800313e-03
5.005488908525637726e+02 5.148965796731557187e-01 1.704106209923207226e-03
5.011695964212837566e+02 5.153136323756813963e-01 2.211224554603770376e-03
5.017903348646594281e+02 5.156938701544232506e-01 2.487462089878513666e-03
5.024111059746961701e+02 5.156115173394258955e-01 4.564477045298664069e-03
5.030319095445116773e+02 5.158519631071796230e-01 4.989441851689066336e-03
5.036527453682530791e+02 5.162841267009488089e-01 5.191916220510153952e-03
5.042736132419491355e+02 5.164297315547882183e-01 5.337667905422757535e-03
5.048945129625719233e+02 5.175376998609174661e-01 4.186903667995761635e-03
5.055154443289325741e+02 5.187409532957316660e-01 4.344811234594844057e-03
5.061364071404439073e+02 5.194507254117618489e-01 4.167570447627735875e-03
5.067574011980594264e+02 5.199134865742908174e-01 4.729029265897482896e-03
5.073784263048274283e+02 5.201632896753147772e-01 2.441133160860339650e-03
5.079994822640140910e+02 5.197517278661045736e-01 5.453118849774888982e-04
5.086205688803830185e+02 5.182258772819748893e-01 1.324086362614897237e-03
5.092416859607076276e+02 5.177392476739954841e-01 -6.612674705389154448e-04
5.098628333116799922e+02 5.174598610938822008e-01 -1.293282530628952869e-03
5.104840107427272073e+02 5.178747547532033257e-01 -9.481830670126637677e-04
5.111052180632807449e+02 5.184319451877106300e-01 1.488796686957294130e-04
5.117264550847813780e+02 5.184959832098253729e-01 9.563133220276596146e-04
5.123477216197831012e+02 5.191226995805839906e-01 1.117309619598019299e-03
5.129690174813566728e+02 5.194826538225429946e-01 1.211743756103358678e-03
5.135903424845386098e+02 5.192508184315071107e-01 9.397627436785560388e-04
5.142116964456505457e+02 5.188948164134153940e-01 1.762164530714388109e-03
5.148330791811877134e+02 5.187684474060028084e-01 1.970929244786646852e-03
5.154544905097407081e+02 5.194212366402485292e-01 2.149766483741060233e-03
5.160759302507998427e+02 5.193878151933859488e-01 1.284688008694635699e-03
5.166973982250538029e+02 5.196924831713809478e-01 1.337646754021258686e-03
5.173188942540919015e+02 5.204591569898134873e-01 -7.482815845200861422e-04
5.179404181608715589e+02 5.209857320940878278e-01 -2.037445841065396723e-03
5.185619697694215802e+02 5.217091254670174205e-01 -2.278109480972349572e-03
5.191835489047552983e+02 5.221658833084975582e-01 -2.915538774048567934e-03
5.198051553930421278e+02 5.226424399669442611e-01 -2.334382970219647108e-03
5.204267890616072236e+02 5.227234826051756489e-01 -2.122195076833025950e-03
5.210484497389738863e+02 5.228007291711262994e-01 -1.377420966253629052e-03
5.216701372544800961e+02 5.232749027999633595e-01 -1.708100756796144572e-03
5.222918514387047253e+02 5.235279152521208346e-01 -1.796706603964419837e-03
5.229135921233820454e+02 5.237991909768595633e-01 -1.965154374357703897e-03
5.235353591407622389e+02 5.239334362290699598e-01 -3.415951438367298160e-03
5.241571523246774404e+02 5.238314533894689040e-01 -3.194192490916381542e-03
5.247789715102863966e+02 5.239269390946029725e-01 -3.653291862431367124e-03
5.254008165327937832e+02 5.241168133090351455e-01 -4.034314898175918838e-03
5.260226872290289748e+02 5.245224167124937775e-01 -4.041043954006166838e-03
5.266445834371054389e+02 5.244601907400171514e-01 -1.561616989243082027e-03
5.272665049954805454e+02 5.247441949090982938e-01 5.308276054974648758e-04
5.278884517442370452e+02 5.249422189616937962e-01 -4.853048951697965657e-04
5.285104235237170087e+02 5.254382230956825550e-01 1.848178102510169641e-03
5.291324201759297239e+02 5.259668017202736578e-01 2.302905912568693845e-03
5.297544415434000484e+02 5.265292175977226430e-01 1.991666822201019951e-03
5.303764874702345651e+02 5.266232832338747505e-01 1.032030448039650055e-03
5.309985578006713922e+02 5.268169206179162956e-01 4.370941408670579948e-04
5.316206523804454491e+02 5.273094217409990403e-01 1.748303666589340680e-05
5.322427710559343268e+02 5.274992406632749153e-01 1.924573488072537416e-05
5.328649136747566217e+02 5.277006356774631701e-01 4.192668060210340492e-04
5.334870800852594357e+02 5.278249503340892712e-01 3.839906775207468231e-04
5.341092701368597773e+02 5.285229997199955010e-01 -4.515747942388480263e-04
5.347314836794042776e+02 5.289820122414816694e-01 -5.936710108810864389e-04
5.353537205645349104e+02 5.292899760957414657e-01 -1.040642060560809014e-03
5.359759806440248440e+02 5.296586009550637852e-01 -1.923472858592712408e-03
5.365982637706740661e+02 5.298075387573335515e-01 -2.681347268820267419e-04
5.372205697986511268e+02 5.304918289481482807e-01 1.464659958250660778e-03
5.378428985822558843e+02 5.310647587656955881e-01 2.206268162815188359e-03
5.384652499774549597e+02 5.318348834979066408e-01 1.934595971464650368e-03
5.390876238402606759e+02 5.314547133679083935e-01 1.212149325219621021e-03
5.397100200280964373e+02 5.308631712768583366e-01 1.296603327368082634e-03
5.403324383993700621e+02 5.313908592627789584e-01 1.180503178498578830e-03
5.409548788127906391e+02 5.308922435217400260e-01 8.716044004042321214e-04
5.415773411283079213e+02 5.310231619398991798e-01 2.725498530640405449e-04
5.421998252065999395e+02 5.315617634009576209e-01 6.293310914088587902e-05
5.428223309088592714e+02 5.319677520136734117e-01 1.367647190248879631e-03
5.434448580978175869e+02 5.322219490300567069e-01 1.352933386678738031e-03
5.440674066365080535e+02 5.326312575721093845e-01 1.444129357347701936e-03
5.446899763885643324e+02 5.330117700408687487e-01 1.798991787126574425e-03
5.453125672192859383e+02 5.331445116903368309e-01 1.347105930118631337e-03
5.459351789937633157e+02 5.333757380400531156e-01 5.255400439115697061e-04
5.465578115781552242e+02 5.339939808363651785e-01 7.209809139874950347e-04
5.471804648402021485e+02 5.345787624846704000e-01 1.561966887512315511e-03
5.478031386473487601e+02 5.349538544686842645e-01 9.398470710653785733e-04
5.484258328684078379e+02 5.356783203584395414e-01 9.055101562696207199e-04
5.490485473727069348e+02 5.355862637811563687e-01 1.220029913187316642e-03
5.496712820303865783e+02 5.353368499011832427e-01 1.130333470566343562e-03
5.502940367128703656e+02 5.353225594244629404e-01 1.365413705812446032e-03
5.509168112912860806e+02 5.354147823643532478e-01 1.348443002091334218e-03
5.515396056382990082e+02 5.359042543763609112e-01 1.176158094627336847e-03
5.521624196272613290e+02 5.363288422260427124e-01 9.370085678194659505e-04
5.527852531318254705e+02 5.368829009786917350e-01 7.644210965458242239e-04
5.534081060270970056e+02 5.375242632954825295e-01 1.063176497352367935e-03
5.540309781877157320e+02 5.379901809690517123e-01 7.537752435133236945e-04
5.546538694904990052e+02 5.383138022675283407e-01 5.248689768393002613e-04
5.552767798118409246e+02 5.380991344365625428e-01 1.059680208434742466e-03
5.558997090295874841e+02 5.384080561457631475e-01 1.115620183842333610e-03
5.565226570214607591e+02 5.387204010239026175e-01 5.825851183643659904e-04
5.571456236668481097e+02 5.392452628035783180e-01 2.570197512369060567e-04
5.577686088450544730e+02 5.398748241476317711e-01 6.381656096517974693e-04
5.583916124365825908e+02 5.405814622418460003e-01 8.164937701705746176e-04
5.590146343223630083e+02 5.407989004180434600e-01 3.443532021788415273e-04
5.596376743837561207e+02 5.407213435015784109e-01 -2.199871623746587962e-04
5.602607325037035935e+02 5.412482459058004514e-01 -6.317109236101976083e-04
5.608838085648073957e+02 5.415492436681034194e-01 -8.399584497556958178e-04
5.615069024506116193e+02 5.415812528230360412e-01 -1.235783977175877171e-03
5.621300140458137093e+02 5.415680375708146199e-01 -1.567974505871528017e-03
5.627531432350289151e+02 5.415473443442975210e-01 -1.218994842732152879e-03
5.633762899040689263e+02 5.415440006047772536e-01 -8.650025448021190231e-04
5.639994539390040700e+02 5.419435799743543836e-01 -9.227957361210310100e-04
5.646226352271868336e+02 5.424183438882238528e-01 -1.180795104703645385e-03
5.652458336556733229e+02 5.424750628159860089e-01 -1.350072106688754306e-03
5.658690491129726752e+02 5.424238154636203957e-01 -1.487226281057989728e-03
5.664922814877243127e+02 5.427700460742428401e-01 -1.521869465310317316e-03
5.671155306691676969e+02 5.433426672072806385e-01 -1.654317901258720198e-03
5.677387965476098088e+02 5.440508574863991420e-01 -1.716956024860234699e-03
5.683620790138306802e+02 5.445028960991089573e-01 -1.834070054128192524e-03
5.689853779586119344e+02 5.449441192867149342e-01 -1.437247531278091186e-03
5.696086932740174689e+02 5.454578808016498082e-01 -1.676932872571266228e-03
5.702320248528384354e+02 5.458343139135709565e-01 -1.342350286338076047e-03
5.708553725876128055e+02 5.461267982998382342e-01 -1.330284896066020583e-03
5.714787363724157103e+02 5.466004491874689730e-01 -1.035110546663895251e-03
5.721021161011123013e+02 5.471153069387704182e-01 -6.087591491451047445e-04
5.727255116685929579e+02 5.475375570317007057e-01 -5.576651312793415045e-04
5.733489229704755417e+02 5.479650721168132232e-01 -4.340772344550775292e-04
5.739723499025088813e+02 5.482391513110393966e-01 4.996189473230990474e-04
5.745957923613389084e+02 5.484667188108631741e-01 6.025869438990411834e-04
5.752192502441259876e+02 5.487035057480306177e-01 7.295553765072571245e-04
5.758427234484166775e+02 5.490702315326028149e-01 1.391045000097245604e-03
5.764662118723144886e+02 5.494895075515069394e-01 1.490214977643054741e-03
5.770897154147777428e+02 5.499437875357817695e-01 1.224959637227230041e-03
5.777132339753641190e+02 5.503653912763115663e-01 1.688720121967989419e-03
5.783367674534208618e+02 5.506789142574020079e-01 2.473273326985773318e-03
5.789603157497042503e+02 5.512507569419275999e-01 2.952451965129287287e-03
5.795838787650583299e+02 5.517510671529557431e-01 2.118526410995768584e-03
5.802074564010971471e+02 5.521905365616328609e-01 1.346200576659887897e-03
5.808310485597778552e+02 5.526518559596376168e-01 1.818168991118482639e-03
5.814546551436998243e+02 5.528187471992710433e-01 2.012479788700575079e-03
5.820782760558054179e+02 5.529607075822566831e-01 1.565966481147492090e-03
5.827019111997647087e+02 5.530232969181377856e-01 6.697608578422626496e-04
5.833255604798464447e+02 5.533807930769052419e-01 4.113027991599566891e-04
5.839492238002796967e+02 5.537352936422185179e-01 4.104843816695197961e-04
5.845729010667014336e+02 5.539270325949269269e-01 4.281282126713564957e-04
5.851965921844539480e+02 5.542569667552330603e-01 6.868582322553853231e-04
5.858202970596488512e+02 5.546386683793380623e-01 2.647663634437150571e-04
5.864440155992942891e+02 5.547652516456339500e-01 2.521861625954977763e-04
5.870677477099333146e+02 5.551652813227310190e-01 6.123455323455706534e-04
5.876914932996871812e+02 5.555832701636836957e-01 8.184688984766626827e-04
5.883152522764672767e+02 5.559708345871110513e-01 8.482254760309921628e-04
5.889390245492522808e+02 5.563818174761026025e-01 1.498142379808250439e-03
5.895628100265972762e+02 5.567264944107916946e-01 1.490441879098825754e-03
5.901866086185087852e+02 5.569886428545709478e-01 1.380720569012372804e-03
5.908104202346116836e+02 5.571924663987806170e-01 1.407638278287793535e-03
5.914342447857271736e+02 5.574117749936121635e-01 8.318983460704833287e-04
5.920580821828486933e+02 5.578715742283103518e-01 3.395998452778682068e-04
5.926819323373558746e+02 5.580741155418360577e-01 6.807477878567581246e-05
5.933057951612693159e+02 5.581362281800470448e-01 -5.508441231462604280e-04
5.939296705667833294e+02 5.585430777585178586e-01 -1.023803749132829767e-03
5.945535584671167726e+02 5.592486693884812787e-01 -1.093556750537307085e-03
5.951774587751496028e+02 5.599348514099470320e-01 -1.223330695051521233e-03
5.958013714046591076e+02 5.604851646981150459e-01 -1.267673525576615626e-03
5.964252962700215903e+02 5.606895065183377103e-01 -1.174393738585811789e-03
5.970492332857437532e+02 5.611477253672922938e-01 -1.578996115031553338e-03
5.976731823671863140e+02 5.616366010030637845e-01 -2.064682312289848470e-03
5.982971434295418476e+02 5.619090253486722641e-01 -2.349035496652414692e-03
5.989211163888572855e+02 5.620996628256881289e-01 -1.451502373885582998e-03
5.995451011615658672e+02 5.624608127912864575e-01 -1.246374111162101188e-04
6.001690976645286355e+02 5.628501765106627142e-01 1.143434749729773845e-04
6.007931058148645889e+02 5.632361878673579625e-01 -1.482684434291606701e-04
6.014171255301635028e+02 5.632776266886609928e-01 -7.186718525283236972e-05
6.020411567286569152e+02 5.635418917578148834e-01 5.348355485374078769e-04
6.026651993290046221e+02 5.640519707846416431e-01 9.330295813806755226e-04
6.032892532498253786e+02 5.645774250207505895e-01 1.221585543542601194e-03
6.039133184108059140e+02 5.653560927722522944e-01 1.450658260181031736e-03
6.045373947315497389e+02 5.657973170282126762e-01 1.041883308396481704e-03
6.051614821320457622e+02 5.661430465251565680e-01 1.413603725504024083e-03
6.057855805327965300e+02 5.665513520479863452e-01 1.566658795296726981e-03
6.064096898550736796e+02 5.671595265907334316e-01 8.934772174522041897e-04
6.070338100200659710e+02 5.676548633376019559e-01 2.299320376097101258e-04
6.076579409498583573e+02 5.681785097308019727e-01 -9.023744722333037344e-05
6.082820825659844104e+02 5.685645599435741326e-01 -3.912339268130932851e-04
6.089062347914285738e+02 5.686745895315576949e-01 -1.403257299528822466e-05
6.095303975490493258e+02 5.693447020668584990e-01 -2.097665542037012519e-04
6.101545707621759220e+02 5.701956463287217725e-01 -6.802278059515114118e-04
6.107787543543099673e+02 5.707667415256030274e-01 3.911028650418408898e-05
6.114029482499356618e+02 5.709979615200699854e-01 6.939895592833192003e-04
6.120271523731122443e+02 5.711086427952294375e-01 8.963072665555296518e-04
6.126513666490519654e+02 5.714767115498553540e-01 1.035723586508221009e-03
6.132755910025854291e+02 5.717621625516221551e-01 1.016692565850703129e-03
6.138998253596532777e+02 5.721413929242015195e-01 1.058564327041823863e-03
6.145240696461551124e+02 5.723602514173099509e-01 9.785697453233519610e-04
6.151483237883338688e+02 5.726733816581470737e-01 6.892319301994655244e-04
6.157725877127318199e+02 5.731194185400722008e-01 6.254007706770546397e-04
6.163968613464908231e+02 5.732769943834509219e-01 -2.817161917029546150e-04
6.170211446173503873e+02 5.734322722930725869e-01 -4.831366278169600985e-04
6.176454374526260835e+02 5.736482606777655313e-01 -2.751581396352220698e-04
6.182697397806155095e+02 5.739706246159202996e-01 2.092596598233647251e-05
6.188940515299162826e+02 5.746079035078106578e-01 -3.320933743074176822e-04
6.195183726292132178e+02 5.752631451965658504e-01 -3.746158694812371350e-04
6.201427030075763014e+02 5.757007358908694528e-01 -4.825818921805687692e-05
6.207670425948018647e+02 5.759422662922735192e-01 7.565950523197100767e-05
6.213913913206029065e+02 5.762638054444736424e-01 3.261107753051960267e-04
6.220157491152482407e+02 5.766794874623225597e-01 -1.524150180637053812e-04
6.226401159091788031e+02 5.771235073227634071e-01 -8.639685992740426135e-04
6.232644916333487117e+02 5.774767455101559310e-01 -1.210595941075671457e-03
6.238888762190974830e+02 5.777672231312201978e-01 -1.540939884756543270e-03
6.245132695977661115e+02 5.782742236836242444e-01 -2.101321967895644020e-03
6.251376717012943800e+02 5.786304950344304254e-01 -2.285050385732598915e-03
6.257620824620921667e+02 5.787446617766501822e-01 -1.736509105029076377e-03
6.263865018123585742e+02 5.791418752936328129e-01 -1.334412958694666286e-03
6.270109296852311900e+02 5.797198933477947236e-01 -1.059875669984534268e-03
6.276353660137646102e+02 5.802380788990815219e-01 -6.606040981150128246e-04
6.282598107313986020e+02 5.806342173038420151e-01 -1.088798445844239762e-03
6.288842637722563040e+02 5.810341544046050410e-01 -2.744460206411518952e-04
6.295087250702923711e+02 5.813015272310424475e-01 8.280329463703425819e-04
6.301331945598037692e+02 5.816323230431696967e-01 5.944016219000862683e-04
6.307576721757284304e+02 5.817474892674918685e-01 3.314392637535917710e-04
6.313821578532616741e+02 5.819776425081853999e-01 1.237952300058548058e-04
6.320066515275153733e+02 5.821233461947594723e-01 -2.214600161116634194e-04
6.326311531343698107e+02 5.821657412192707826e-01 -2.632453902391846670e-04
6.332556626097499475e+02 5.824472334662511575e-01 -8.148555198598281084e-06
6.338801798899229425e+02 5.833006254776214039e-01 -6.990134248766868494e-05
6.345047049116262770e+02 5.849315086771627037e-01 1.096198920304853751e-04
6.351292376116847436e+02 5.860732817821713292e-01 3.999621254531309737e-04
6.357537779273928891e+02 5.867087062345414106e-01 8.732856635892654717e-04
6.363783257957920796e+02 5.868793492487822672e-01 8.048026213185528917e-04
6.370028811554583399e+02 5.873069262894025089e-01 2.274392911410213819e-04
6.376274439437337378e+02 5.877793970283966551e-01 -2.294867855226536421e-04
6.382520140992837696e+02 5.880365754798232425e-01 4.560965360933999426e-04
6.388765915609446893e+02 5.882790876506258648e-01 6.026142341680533433e-04
6.395011762672573923e+02 5.884006794178102684e-01 3.395337989321526835e-04
6.401257681577434369e+02 5.885286553034960733e-01 -1.263208222146449034e-05
6.407503671717979614e+02 5.890127726853289225e-01 -5.714424768939516510e-04
6.413749732493301963e+02 5.892464203994918215e-01 -3.591484978053477222e-04
6.419995863301645613e+02 5.895255265364848229e-01 4.943041109146459463e-04
6.426242063548517081e+02 5.901020939732242176e-01 7.642284095597761100e-04
6.432488332639442206e+02 5.905066578162833091e-01 1.929708972050444291e-03
6.438734669983366530e+02 5.908088311585911745e-01 2.977063946811133680e-03
6.444981074990531624e+02 5.912131351615749209e-01 3.665179542222630690e-03
6.451227547077158988e+02 5.914775709739400478e-01 3.843649046023025866e-03
6.457474085663316146e+02 5.918940625366156949e-01 4.004038145489032842e-03
6.463720690161848097e+02 5.922077469508951753e-01 3.023310821099501298e-03
6.469967359998403253e+02 5.922366079764421753e-01 2.587122734226567750e-04
6.476214094597773965e+02 5.923166262206174260e-01 -1.209598682050423398e-03
6.482460893390322099e+02 5.922008569438756975e-01 -2.232230318350872551e-03
6.488707755801310668e+02 5.925697642199529991e-01 -2.826779694482950064e-03
6.494954681267513479e+02 5.929757956540427921e-01 -3.074741424562998666e-03
6.501201669221039765e+02 5.936325200294273463e-01 -3.385452443229243838e-03
6.507448719104664860e+02 5.939132189455856858e-01 -3.332437941131773367e-03
6.513695830354354257e+02 5.942746704387749102e-01 -3.191987412011845510e-03
6.519943002415469664e+02 5.944947620186463721e-01 -2.918030786055372978e-03
6.526190234730828479e+02 5.946965288848993225e-01 -3.107275567324714605e-03
6.532437526753061547e+02 5.950664205230437043e-01 -3.268321255016651272e-03
6.538684877927149728e+02 5.954228240467535072e-01 -3.243576437989619150e-03
6.544932287709578986e+02 5.954930114152652276e-01 -3.569080848895590189e-03
6.551179755558570150e+02 5.957278889289652213e-01 -3.588743234798726610e-03
6.557427280925106743e+02 5.958472845335679446e-01 -3.356256258713088449e-03
6.563674863273392930e+02 5.958553436146715176e-01 -2.817335865501107220e-03
6.569922502066372090e+02 5.960542777904408451e-01 -2.906702647559598549e-03
6.576170196768705409e+02 5.963800765702187423e-01 -3.383781380059590772e-03
6.582417946846346695e+02 5.965037264595082211e-01 -3.480739014728296762e-03
6.588665751770803354e+02 5.966387274332065616e-01 -3.055578493907280292e-03
6.594913611015293782e+02 5.969977063809001061e-01 -2.343170985936956097e-03
6.601161524052638470e+02 5.969676319123339292e-01 -1.820493165678216656e-03
6.607409490357788400e+02 5.969957606188692756e-01 -1.667123358254295326e-03
6.613657509413810658e+02 5.973031834354922687e-01 -2.225553872059256744e-03
6.619905580701224608e+02 5.972432613342719687e-01 -2.321466378305215173e-03
6.626153703701419317e+02 5.972350156236212460e-01 -3.404834050912906515e-03
6.632401877901339731e+02 5.968663290587148396e-01 -4.029543331789900255e-03
6.638650102790915071e+02 5.964108915487843499e-01 -4.718998289899065113e-03
6.644898377860525898e+02 5.968894808719424905e-01 -4.923158602018236872e-03
6.651146702600134404e+02 5.995646627043452748e-01 -4.733018586910289760e-03
6.657395076505679299e+02 6.008216119848608372e-01 -3.480808266881920809e-03
6.663643499079081494e+02 6.011821667964030169e-01 -1.140230066760823755e-03
6.669891969810347518e+02 6.013323334358536831e-01 5.175765990349630785e-04
6.676140488208661736e+02 6.013865396542963371e-01 1.016718565262770841e-03
6.682389053776408900e+02 6.014317900700448805e-01 7.368118015690194693e-04
6.688637666015990817e+02 6.014190365008973416e-01 1.038430803529191660e-03
6.694886324439186183e+02 6.014489099875429678e-01 1.301417207287176598e-03
6.701135028552686208e+02 6.017582911925888345e-01 1.476117748118038102e-03
6.707383777869571304e+02 6.019033159107993747e-01 1.922610890170252992e-03
6.713632571908059390e+02 6.019572539677412459e-01 1.939597788234041342e-03
6.719881410177430325e+02 6.020576714408318875e-01 1.577063828458540344e-03
6.726130292202312830e+02 6.021924030951518736e-01 2.091102419010251907e-03
6.732379217500957793e+02 6.023754643031684619e-01 3.168104857418120590e-03
6.738628185593763646e+02 6.027692899842973517e-01 4.026205101037139307e-03
6.744877196010079388e+02 6.029858603553011065e-01 5.072128443267234950e-03
6.751126248272883004e+02 6.033228163305266456e-01 5.501446021348731924e-03
6.757375341909850022e+02 6.036285101418026322e-01 6.539345257252433992e-03
6.763624476452081353e+02 6.040684928012493016e-01 7.867642858466618316e-03
6.769873651436643058e+02 6.045636711412142317e-01 7.037358179861168128e-03
6.776122866394657649e+02 6.047345534968542324e-01 1.812431452066253336e-03
6.782372120860668474e+02 6.045153600059077759e-01 -7.158381647057017677e-04
6.788621414376472103e+02 6.036828968803978901e-01 -1.583595911000033581e-03
6.794870746480464732e+02 6.032044755313279438e-01 -1.742787627271752968e-03
6.801120116717453357e+02 6.033645573497515846e-01 -1.963124175721304814e-03
6.807369524628842328e+02 6.037182519436915529e-01 -1.593758829540903657e-03
6.813618969763722362e+02 6.036871728674314541e-01 -1.499665178289494565e-03
6.819868451666930014e+02 6.037453877444908246e-01 -7.880148108577054913e-04
6.826117969890558470e+02 6.038453018985245890e-01 -4.264808436177630179e-04
6.832367523985866455e+02 6.038615778313809468e-01 -2.967937035745337598e-05
6.838617113507521026e+02 6.040648618714787865e-01 -1.775383710192963201e-04
6.844866738009789060e+02 6.043022514252504029e-01 -5.757107917666020452e-04
6.851116397050345768e+02 6.045513671726815419e-01 -9.093698562647029547e-04
6.857366090189439092e+02 6.045875905839311892e-01 -6.316320493312373640e-04
6.863615816986051641e+02 6.044957734770574076e-01 -8.686265444035690467e-04
6.869865577005568866e+02 6.044981668201144798e-01 -9.135195493594210243e-04
6.876115369810825086e+02 6.046810085438893978e-01 -5.863009130989945208e-04
6.882365194969787581e+02 6.050382543763467291e-01 -5.204159687233022961e-04
6.888615052050851091e+02 6.050765337387239429e-01 -6.150496010025208616e-04
6.894864940620732341e+02 6.050559978637918279e-01 -1.001848989046295879e-03
6.901114860253816232e+02 6.052491661124385081e-01 -1.120241042097106302e-03
6.907364810524496761e+02 6.055265387652823961e-01 -1.475750893248970515e-03
6.913614791008043312e+02 6.057756571846950600e-01 -1.683996685784076982e-03
6.919864801279724134e+02 6.058657245372672806e-01 -2.294369909442751671e-03
6.926114840917813353e+02 6.059346628497306320e-01 -3.789853685846818719e-03
6.932364909503995705e+02 6.058124913169722348e-01 -4.645150505307062486e-03
6.938615006621242856e+02 6.057073233242692423e-01 -5.117139153356893740e-03
6.944865131855104892e+02 6.054911794763453425e-01 -5.755857062673567365e-03
6.951115284785169024e+02 6.052855408281482275e-01 -6.931525382149645274e-03
6.957365465004668295e+02 6.053942770235480886e-01 -8.007274242386695773e-03
6.963615672096202616e+02 6.058335483975169078e-01 -7.221186310752899205e-03
6.969865905658133443e+02 6.064445155165777424e-01 -1.903305333600441643e-03
6.976116165276491756e+02 6.069876499516307922e-01 1.928711915490037945e-04
6.982366450545833914e+02 6.070234285326734369e-01 9.456887510475695978e-04
6.988616761064984075e+02 6.071268182905289468e-01 1.205413226874425510e-03
6.994867096426816033e+02 6.070950294270397452e-01 1.322103539659106285e-03
7.001117456234442216e+02 6.069201219090470945e-01 1.111332880882265816e-03
7.007367840082461043e+02 6.068901384046753167e-01 6.073505928126834812e-04
7.013618247578261844e+02 6.067837096770150040e-01 2.819019355023712984e-04
7.019868678322860660e+02 6.068990575897716955e-01 3.433787926689732973e-04
7.026119131921534517e+02 6.072883420866118653e-01 -8.663127584919495827e-05
7.032369607979578632e+02 6.074059302019628737e-01 -3.782480618687847546e-04
7.038620106107408674e+02 6.073217906199082083e-01 -1.901930219956363913e-04
7.044870625912468540e+02 6.076877099756740064e-01 2.822095920932481366e-04
7.051121167006049291e+02 6.081264041711159640e-01 5.519876730618816047e-04
7.057371729004556755e+02 6.086028257547614340e-01 1.039146490745796771e-03
7.063622311517178787e+02 6.092769809094391587e-01 1.538729330016888565e-03
7.069872914163322548e+02 6.098270741003173345e-01 1.565156118125505310e-03
7.076123536559433660e+02 6.106384778723219497e-01 1.950322031443046077e-03
7.082374178321964564e+02 6.112355396255868545e-01 1.869345975097999428e-03
7.088624839071642327e+02 6.110161272687395506e-01 1.632509939205527456e-03
7.094875518433882462e+02 6.089477624693323543e-01 6.608680408903837462e-04
7.101126216029433635e+02 6.080803781934535079e-01 2.380226539777279273e-05
7.107376931483728413e+02 6.079994950487955796e-01 2.348653081940147509e-04
7.113627664419243501e+02 6.081525423537333941e-01 4.196420894399050991e-04
7.119878414468252004e+02 6.082139107717655646e-01 1.207540331465650285e-03
7.126129181260056384e+02 6.083182769640740339e-01 1.979495813243554482e-03
7.132379964419714042e+02 6.084534048489458335e-01 2.126477255790006678e-03
7.138630763584220631e+02 6.085778726191143351e-01 2.656609740438185038e-03
7.144881578382909311e+02 6.086365439707701608e-01 2.684459991538094403e-03
7.151132408454921006e+02 6.088003895857073688e-01 2.135306468665077242e-03
7.157383253431745516e+02 6.089129722344591711e-01 2.183139803692732764e-03
7.163634112954669035e+02 6.089391989111200276e-01 2.374156680025657842e-03
7.169884986659889137e+02 6.091151589211819539e-01 2.418128341292652417e-03
7.176135874189990318e+02 6.093204157964513534e-01 2.327854434982473512e-03
7.182386775182894780e+02 6.094207548368782978e-01 1.603908007631173280e-03
7.188637689284191765e+02 6.095837797401486569e-01 8.481421382478273284e-04
7.194888616139053283e+02 6.099533774908203476e-01 3.180335178077598954e-04
7.201139555391813474e+02 6.102934962199395574e-01 2.480737534635774674e-04
7.207390506688524283e+02 6.104425868584802961e-01 2.376771247338386496e-04
7.213641469678651674e+02 6.104112782947007654e-01 -1.920408285894830347e-04
7.219892444012518808e+02 6.105961487863567072e-01 -2.998810655088939882e-04
7.226143429340886541e+02 6.105665840369262076e-01 -2.888160438183594303e-04
7.232394425313256079e+02 6.105988136919001663e-01 -5.210285434033408653e-04
7.238645431587218582e+02 6.104679914823208930e-01 -9.756665726348401867e-04
7.244896447816545333e+02 6.101137623321748471e-01 -1.350808004856010559e-03
7.251147473652899862e+02 6.098897231518130013e-01 -1.727171098913078901e-03
7.257398508759437163e+02 6.100523997182774050e-01 -2.472384343835597794e-03
7.263649552795067166e+02 6.100584276051376209e-01 -2.891370723368521210e-03
7.269900605415742803e+02 6.100073097035135783e-01 -3.557010264082240223e-03
7.276151666284645216e+02 6.099877261350021840e-01 -3.783045703915056523e-03
7.282402735062428292e+02 6.100342313333253497e-01 -3.661552026750404618e-03
7.288653811416979806e+02 6.100179932003806371e-01 -2.998901172224978200e-03
7.294904895010251948e+02 6.097117180814419779e-01 -2.487879998462700672e-03
7.301155985509298034e+02 6.095789474611035264e-01 -2.449772617693216255e-03
7.307407082580349424e+02 6.096133206626876966e-01 -2.528855718814774622e-03
7.313658185893884820e+02 6.093863727429043031e-01 -2.838870596152054653e-03
7.319909295118706041e+02 6.090091272909480269e-01 -3.552923370631962553e-03
7.326160409928299941e+02 6.083444143233778245e-01 -4.117063382483627902e-03
7.332411529989353767e+02 6.075182372864944558e-01 -4.578441126463837600e-03
7.338662654980486195e+02 6.065978367404359917e-01 -4.408576717077297702e-03
7.344913784574357578e+02 6.051128366197422448e-01 -3.811272953714650320e-03
7.351164918449181869e+02 6.035247505584367955e-01 -3.556413634962138446e-03
7.357416056277222651e+02 6.017908703836246653e-01 -3.764825531505943713e-03
7.363667197740538768e+02 5.997121116062984481e-01 -2.976580616138035495e-03
7.369918342517793235e+02 5.974844388242506188e-01 -2.412234227297760120e-03
7.376169490288516499e+02 5.976189896917627475e-01 -1.449815092133141092e-03
7.382420640736075939e+02 6.036741928321752715e-01 -5.477097056044925426e-04
7.388671793542570185e+02 6.122374438483310088e-01 2.687604794057412284e-04
7.394922948389258863e+02 6.165549425853265042e-01 1.272134869274426164e-03
7.401174104965923561e+02 6.164470233558400070e-01 1.801759359918334068e-03
7.407425262955970311e+02 6.172941549470806200e-01 2.145741851184310156e-03
7.413676422047919914e+02 6.186865711483123809e-01 2.904189480478811848e-03
7.419927581929040343e+02 6.197853589174541211e-01 3.842752542104349751e-03
7.426178742288715284e+02 6.207121528817222122e-01 4.840014795529928512e-03
7.432429902819753806e+02 6.212343021277823008e-01 5.502984884325771292e-03
7.438681063211998890e+02 6.215174103501963643e-01 6.440207511139340799e-03
7.444932223157428552e+02 6.215651839847262661e-01 7.608839343875428186e-03
7.451183382353135585e+02 6.215124318602885944e-01 9.297423648770562418e-03
7.457434540491964299e+02 6.211852607079862976e-01 1.156922314196388510e-02
7.463685697269755792e+02 6.206182429805746636e-01 1.435352580996217611e-02
7.469936852385758357e+02 6.200309707390776470e-01 1.824944825560144770e-02
7.476188005536251922e+02 6.196572349726044981e-01 2.238574520226875239e-02
7.482439156421784219e+02 6.195197267338982128e-01 2.693110376628756256e-02
7.488690304739084240e+02 6.191593460464999144e-01 3.260647713778144080e-02
7.494941450195942707e+02 6.191025170794566268e-01 3.834450335769544471e-02
7.501192592489965136e+02 6.188952507061150632e-01 3.864761308098889347e-02
7.507443731325560066e+02 6.185237463674805314e-01 2.552181646529267170e-02
7.513694866408002326e+02 6.181079256208685813e-01 6.615554799752287017e-03
7.519945997442579255e+02 6.178384125577672803e-01 -2.312013839041674595e-03
7.526197124135857166e+02 6.177519958373017817e-01 -2.050019061823730743e-03
7.532448246194419426e+02 6.175240078953747602e-01 -4.570406257716892913e-03
7.538699363329957350e+02 6.173784834707447544e-01 -8.604306857668457889e-03
7.544950475249497686e+02 6.172594538450920654e-01 -1.215574680158139353e-02
7.551201581662202216e+02 6.170336196126881001e-01 -1.434655908271305000e-02
7.557452682281921170e+02 6.168924248208245142e-01 -1.602250936155893632e-02
7.563703776820808571e+02 6.167995474553710222e-01 -1.704782143099833197e-02
7.569954864991885870e+02 6.166426226380964382e-01 -1.723589495155491286e-02
7.576205946511585125e+02 6.165290971507771944e-01 -1.692616408941269995e-02
7.582457021092944842e+02 6.165311965661046667e-01 -1.597533849244826831e-02
7.588708088452838183e+02 6.166836323657279850e-01 -1.508617431977782655e-02
7.594959148309002330e+02 6.165766537149252047e-01 -1.463594555316874088e-02
7.601210200380880906e+02 6.163314705171550889e-01 -1.390723499982955344e-02
7.607461244385380041e+02 6.160172943290891379e-01 -1.369926554539505764e-02
7.613712280047071772e+02 6.156120773307652838e-01 -1.376992089560656607e-02
7.619963307082025494e+02 6.153935353560257004e-01 -1.424215572234529235e-02
7.626214325215681811e+02 6.151074037205506162e-01 -1.460155493675625339e-02
7.632465334170933602e+02 6.148118862924556449e-01 -1.521780010309741089e-02
7.638716333670267886e+02 6.143658691640974112e-01 -1.590802130640803225e-02
7.644967323441700273e+02 6.139717205936782163e-01 -1.714498548624024399e-02
7.651218303207303961e+02 6.135225723769918149e-01 -1.910898067984564963e-02
7.657469272695971085e+02 6.131718974818567425e-01 -2.138177979188434982e-02
7.663720231633618596e+02 6.128765882237512397e-01 -2.480364398014720667e-02
7.669971179751706813e+02 6.125676837609925762e-01 -2.837614396485839408e-02
7.676222116776174289e+02 6.121811045071688939e-01 -3.224047488186702198e-02
7.682473042443175473e+02 6.120114714909082876e-01 -3.725986474185351283e-02
7.688723956477822412e+02 6.117648304324705411e-01 -4.259160452817338516e-02
7.694974858615011044e+02 6.114522333703030776e-01 -4.227473727924868641e-02
7.701225748587519320e+02 6.112145175883796355e-01 -2.875897506428931952e-02
7.707476626130265913e+02 6.109443464092281229e-01 -9.317386288607430039e-03
7.713727490977322532e+02 6.107583132396308123e-01 -4.416262238397935733e-05
7.719978342862356158e+02 6.106487361281455195e-01 2.828197128697538046e-04
7.726229181526258571e+02 6.106037480158219566e-01 3.476158682953486324e-03
7.732480006703985964e+02 6.107463782122719564e-01 8.247901020363794175e-03
7.738730818131774640e+02 6.107728500702341856e-01 1.188861797968144944e-02
7.744981615553099346e+02 6.105744989795084399e-01 1.399185705810672073e-02
7.751232398705068363e+02 6.103789821029329543e-01 1.522707048810680204e-02
7.757483167328628042e+02 6.103400413554205262e-01 1.565005210482619050e-02
7.763733921165999163e+02 6.105459646978540489e-01 1.538853742086552026e-02
7.769984659961551188e+02 6.108956975960715408e-01 1.485125823802414813e-02
7.776235383454124985e+02 6.115312974479084618e-01 1.385891925034206905e-02
7.782486091390654792e+02 6.125608507365259969e-01 1.268722824247347537e-02
7.788736783517653066e+02 6.136844677615523880e-01 1.174934649267761130e-02
7.794987459579097049e+02 6.150537555284832925e-01 1.098618644632903124e-02
7.801238119321942577e+02 6.167050319544777892e-01 1.048752126513046758e-02
7.807488762490614818e+02 6.185943208774897784e-01 9.995105285362489503e-03
7.813739388839734374e+02 6.207678904980423740e-01 1.017353293279787615e-02
7.819989998112887406e+02 6.209784926361894275e-01 1.057112528299790355e-02
7.826240590061755711e+02 6.151160757137662527e-01 1.037007464089193150e-02
7.832491164434605935e+02 6.068861663837745724e-01 1.004866101377247141e-02
7.838741720988660973e+02 6.029333979168560731e-01 1.005339960146582785e-02
7.844992259472217029e+02 6.028822587501102559e-01 9.816970052174628716e-03
7.851242779639529772e+02 6.016952442638507925e-01 8.921469577927878744e-03
7.857493281241046361e+02 5.999365472267647048e-01 8.203196667459389246e-03
7.863743764035290269e+02 5.983799966761617073e-01 7.978412199328609872e-03
7.869994227776546722e+02 5.971742735709302252e-01 8.040835990811741329e-03
7.876244672221657765e+02 5.965499052931150237e-01 7.898759110471571115e-03
7.882495097122805419e+02 5.963070993633755590e-01 7.720506834750995133e-03
7.888745502243226611e+02 5.961721164488011926e-01 6.977274723401218591e-03
7.894995887338513967e+02 5.959926558327590662e-01 6.415427585085322661e-03
7.901246252168951969e+02 5.959137764136412940e-01 5.931317626407263920e-03
7.907496596493550669e+02 5.959291070441410376e-01 5.263707646961430023e-03
7.913746920073884894e+02 5.957038714916587097e-01 4.757989982874925340e-03
7.919997222672811859e+02 5.955279022939260480e-01 3.623554634357974754e-03
7.926247504046399399e+02 5.953148328594487504e-01 2.469132026437224556e-03
7.932497763962618365e+02 5.951898406066787883e-01 2.212063199111462351e-03
7.938748002185204768e+02 5.947060055974349169e-01 2.036094883437424355e-03
7.944998218474498799e+02 5.942299281173328840e-01 7.478017712131268665e-04
7.951248412600624533e+02 5.941580563439967655e-01 -1.869569427291915354e-05
7.957498584324798685e+02 5.939115949419815355e-01 -1.390303396786771260e-03
7.963748733415882270e+02 5.933610065693939450e-01 -2.378459659164306773e-03
7.969998859641057152e+02 5.929517319409906007e-01 -3.177817031826767231e-03
7.976248962769205946e+02 5.927367997867085680e-01 -3.899579663080048140e-03
7.982499042566252001e+02 5.924445516851644111e-01 -4.686990267917318792e-03
7.988749098800244610e+02 5.919164294487305744e-01 -5.476742086073732932e-03
7.994999131246895558e+02 5.914931191676610078e-01 -5.886096327361488995e-03
8.001249139670027262e+02 5.910406837398619606e-01 -6.617669064043463743e-03
8.007499123847493365e+02 5.910044487115397871e-01 -7.760860841134042259e-03
8.013749083547803593e+02 5.912368629255808639e-01 -8.476055366001997507e-03
8.019999018543732063e+02 5.908248993005205119e-01 -8.419723377108121257e-03
8.026248928609758195e+02 5.901841313529846422e-01 -8.014317527291153417e-03
8.032498813517390772e+02 5.895681803597588866e-01 -7.697185291563307837e-03
8.038748673045384976e+02 5.889464991353403622e-01 -7.072062748689709674e-03
8.044998506966959440e+02 5.886209693931264697e-01 -6.115143891206540824e-03
8.051248315058334128e+02 5.881851969454066076e-01 -5.181281657015718994e-03
8.057498097097004575e+02 5.876664861069140766e-01 -4.999325716924185592e-03
8.063747852857926546e+02 5.872123819447231385e-01 -4.901970636517975766e-03
8.069997582122434778e+02 5.868002574198858401e-01 -4.701330280787842722e-03
8.076247284669755118e+02 5.863422328465636157e-01 -5.345754183680564986e-03
8.082496960276143909e+02 5.860022612896668148e-01 -5.128400745690746970e-03
8.088746608723381541e+02 5.855179303513660116e-01 -4.432170153120472932e-03
8.094996229791997848e+02 5.852405883193351199e-01 -4.129003040964031659e-03
8.101245823263370767e+02 5.851007847458272737e-01 -3.672495419732995335e-03
8.107495388918458730e+02 5.848193423218018827e-01 -3.975298306573598478e-03
8.113744926542489111e+02 5.847191027891985859e-01 -3.358340250561096633e-03
8.119994435916864859e+02 5.846499134335118031e-01 -2.646231603465098829e-03
8.126243916823850668e+02 5.846058058127702184e-01 -2.490451282254386393e-03
8.132493369052086791e+02 5.845782767038638639e-01 -2.971294598434968438e-03
8.138742792383429787e+02 5.845617111459316950e-01 -2.942759698779771112e-03
8.144992186606970108e+02 5.840968299415065790e-01 -2.209866788847973489e-03
8.151241551504151630e+02 5.838250138677744117e-01 -5.180158834109803608e-04
8.157490886865775792e+02 5.836688361579265294e-01 6.750612828841063510e-04
8.163740192477553137e+02 5.832898960558292600e-01 1.784482575004026376e-03
8.169989468129458601e+02 5.826048962405775411e-01 2.438831444673373022e-03
8.176238713610615605e+02 5.818279434511354209e-01 3.782010289528235300e-03
8.182487928707611218e+02 5.814360533912024120e-01 4.878516209007525105e-03
8.188737113215109957e+02 5.811299419160371738e-01 5.208444872238271635e-03
8.194986266917597959e+02 5.807772833074678065e-01 5.890389733778544218e-03
8.201235389611451865e+02 5.807094189691555108e-01 6.755388463745337461e-03
8.207484481087117274e+02 5.802972940088807485e-01 6.939778288433131291e-03
8.213733541136741678e+02 5.797654700315190146e-01 7.095759319851485669e-03
8.219982569552487348e+02 5.793520789443172836e-01 6.565549342794700996e-03
8.226231566129919202e+02 5.789270592347660616e-01 5.772069722018619703e-03
8.232480530661638340e+02 5.786646677430778984e-01 4.989093862619067322e-03
8.238729462941100792e+02 5.780564900613824886e-01 4.079033127893620311e-03
8.244978362769838895e+02 5.774600987475412284e-01 3.289963006389062805e-03
8.251227229935814194e+02 5.770782287880494854e-01 2.651683171133580128e-03
8.257476064240572668e+02 5.763338586548343301e-01 1.816757268469232963e-03
8.263724865479731534e+02 5.751280700499115106e-01 1.200189732315951746e-03
8.269973633450186981e+02 5.742885998436541017e-01 1.954465971566920514e-03
8.276222367953089361e+02 5.733386358342086320e-01 1.771584041099589319e-03
8.282471068784503814e+02 5.728719297593787285e-01 9.593040030739937666e-04
8.288719735743048886e+02 5.725182555316546962e-01 7.530853265018677689e-04
8.294968368631176645e+02 5.720461383441051151e-01 1.044704663840792698e-03
8.301216967246674585e+02 5.711481474880084619e-01 1.530976538828577975e-03
8.307465531395830567e+02 5.703766894660485809e-01 1.107294274446918953e-03
8.313714060871774336e+02 5.698782363098575665e-01 1.049151656056486167e-03
8.319962555484632958e+02 5.698542641302730694e-01 8.586219504059689357e-04
8.326211015031379929e+02 5.699319403575212606e-01 9.684393329390655067e-04
8.332459439318332670e+02 5.701044791089170394e-01 1.947392601919332999e-03
8.338707828148000090e+02 5.700879006305252794e-01 1.982077558221472576e-03
8.344956181325015905e+02 5.700154732260850343e-01 1.387306484518389862e-03
8.351204498652758730e+02 5.698233888333469332e-01 7.990531422826544980e-04
8.357452779939699212e+02 5.695314214164306499e-01 8.246377976827867393e-05
8.363701024988380368e+02 5.692405142334309165e-01 2.257965315043266121e-04
8.369949233606439520e+02 5.688906990026194599e-01 -8.594757635810148578e-05
8.376197405603232937e+02 5.685286235848830971e-01 -3.994915160990712764e-04
8.382445540781742466e+02 5.683517369559907273e-01 2.472842820334626235e-04
8.388693638954307517e+02 5.680541395521517822e-01 9.619260816067336239e-04
8.394941699925205967e+02 5.674542894661449566e-01 1.233519839615891548e-03
8.401189723504666063e+02 5.671695771007695397e-01 1.405888599699539696e-03
8.407437709502926282e+02 5.668143355179792175e-01 5.120974403835718263e-04
8.413685657731930405e+02 5.663546300180851700e-01 4.172992480233481604e-06
8.419933567997687760e+02 5.657874866815146842e-01 1.405687629910593170e-04
8.426181440114281713e+02 5.650502170804915236e-01 8.606412450724216547e-04
8.432429273894526887e+02 5.649015739013912851e-01 1.691748546799553632e-03
8.438677069145305722e+02 5.649614484786812385e-01 2.352860543879423290e-03
8.444924825682423943e+02 5.655407685448281541e-01 1.664994235760049873e-03
8.451172543320842578e+02 5.655429652409316166e-01 3.628945611595622302e-04
8.457420221871288959e+02 5.649292477439289417e-01 -7.066833301537577905e-04
8.463667861148312568e+02 5.647165174376294061e-01 -1.608456750748946161e-03
8.469915460965635248e+02 5.646015747275824337e-01 -1.605653729271289045e-03
8.476163021140791898e+02 5.644028957875781849e-01 -1.163940875411703440e-03
8.482410541484968007e+02 5.643233284965398777e-01 -7.162998285144064892e-04
8.488658021816569317e+02 5.640700514633156804e-01 -6.577922757229530751e-04
8.494905461953159147e+02 5.639506034162241610e-01 -6.691014305607518361e-04
8.501152861709762192e+02 5.638398623981466518e-01 -5.250293268003734283e-04
8.507400220904391972e+02 5.635311794569660693e-01 -7.135354510308974767e-04
8.513647539355052913e+02 5.631132601147641470e-01 -6.285072711119059742e-04
8.519894816879768769e+02 5.629241108581294339e-01 -1.969242522098339776e-05
8.526142053297415941e+02 5.625247439218696854e-01 -3.405220983132952253e-05
8.532389248426458153e+02 5.623198987027214768e-01 3.082386428663356440e-04
8.538636402089605326e+02 5.621268007393710464e-01 7.517242373893653819e-04
8.544883514102792788e+02 5.615385005792011830e-01 1.531237357599778744e-03
8.551130584287467400e+02 5.610874138490457019e-01 2.296432731755693960e-03
8.557377612468492316e+02 5.605599405829029269e-01 1.867929511370609863e-03
8.563624598462671429e+02 5.599016874178979197e-01 1.080014972148304799e-03
8.569871542096148005e+02 5.592572134678404083e-01 -9.846975186693384709e-04
8.576118443187864386e+02 5.588971423350095336e-01 -3.218449792047063315e-03
8.582365301562282411e+02 5.585157490252127266e-01 -4.618431997730021096e-03
8.588612117043875287e+02 5.584195166665398835e-01 -5.388598612623902648e-03
8.594858889452033281e+02 5.580254366962598134e-01 -5.682138562731911188e-03
8.601105618617182245e+02 5.574354318481444803e-01 -5.191954511179969374e-03
8.607352304360426842e+02 5.570181622186346493e-01 -4.796563441896585511e-03
8.613598946506268703e+02 5.567349962613751257e-01 -4.702214513179906255e-03
8.619845544882609829e+02 5.562967931837015101e-01 -5.196075916418265578e-03
8.626092099313547124e+02 5.559864159223801838e-01 -5.651905478596687925e-03
8.632338609627000778e+02 5.556598208792659088e-01 -5.826002230057386599e-03
8.638585075648354632e+02 5.551997610624386237e-01 -4.338060013001155193e-03
8.644831497205544792e+02 5.546395358266402731e-01 -2.956410324355803095e-03
8.651077874126090137e+02 5.542073289431718175e-01 -1.541054668828525150e-03
8.657324206239215982e+02 5.537512476630696012e-01 -1.008783990088091449e-03
8.663570493372452574e+02 5.531787369663846432e-01 -1.310884731561236076e-03
8.669816735355470882e+02 5.524278418711019434e-01 -1.267173507539143436e-03
8.676062932016665172e+02 5.517945155011080294e-01 -1.779183124442015873e-03
8.682309083186988801e+02 5.514092597589927980e-01 -2.262747638575805798e-03
8.688555188695708011e+02 5.509649009537694875e-01 -2.482821398757296353e-03
8.694801248375054001e+02 5.504918450948520503e-01 -2.613461555235889033e-03
8.701047262053463101e+02 5.499793117638368534e-01 -3.154036126580441260e-03
8.707293229564885451e+02 5.496187255323596865e-01 -3.699534778810199907e-03
8.713539150740733703e+02 5.491987696036848554e-01 -4.230345135922857977e-03
8.719785025412854793e+02 5.486496258106672297e-01 -4.312701366615266305e-03
8.726030853413953992e+02 5.475227955210596464e-01 -4.762092483124504699e-03
8.732276634576734295e+02 5.464201374268464750e-01 -5.261757010725927677e-03
8.738522368735618784e+02 5.455554245408139602e-01 -5.833345171146588418e-03
8.744768055725442082e+02 5.449708559477353109e-01 -6.245505511185214104e-03
8.751013695378096600e+02 5.445155677330447697e-01 -6.531957773689712685e-03
8.757259287530985148e+02 5.436337869146953272e-01 -5.947130930306627865e-03
8.763504832015585180e+02 5.423272684864431925e-01 -3.995646478409460751e-03
8.769750328671010493e+02 5.413532882660944123e-01 -2.821552076164320251e-03
8.775995777331299905e+02 5.404837079233592023e-01 -2.464486221495621864e-03
8.782241177832611356e+02 5.401503812288453998e-01 -2.101809098591678714e-03
8.788486530014516802e+02 5.399024303018438165e-01 -1.910664094473390768e-03
8.794731833710220599e+02 5.397087760148565616e-01 -1.557233701607000243e-03
8.800977088758875198e+02 5.395133136578528221e-01 -1.383859527576480420e-03
8.807222294999223777e+02 5.392897884076575110e-01 -1.365847328831568206e-03
8.813467452267892668e+02 5.387107454799887618e-01 -1.403889498625361882e-03
8.819712560404475425e+02 5.376603508449899760e-01 -1.396676717428079308e-03
8.825957619249011259e+02 5.367977413345903503e-01 -7.956358232026195096e-04
8.832202628638572151e+02 5.358795788076416988e-01 -7.237882677238872790e-04
8.838447588413627045e+02 5.347667308156394128e-01 -4.332304916830681724e-04
8.844692498415081445e+02 5.338506222555661207e-01 -4.569696365560916326e-04
8.850937358481727415e+02 5.332928234157968683e-01 1.890546551330020972e-04
8.857182168457447915e+02 5.327877552329802757e-01 1.187549006693621335e-03
8.863426928181048652e+02 5.323488997638735620e-01 1.414149804303683729e-03
8.869671637494740253e+02 5.317888085557990197e-01 1.909377602576024097e-03
8.875916296241156260e+02 5.311441816236660562e-01 2.060313543382616928e-03
8.882160904262087797e+02 5.303423220460751208e-01 2.693879628993578728e-03
8.888405461400192280e+02 5.289392336150289253e-01 2.946338361965586145e-03
8.894649967497281295e+02 5.274603933769793640e-01 2.451749400577685634e-03
8.900894422397715289e+02 5.261644777524036032e-01 1.871181987324188091e-03
8.907138825947560008e+02 5.250427834504224345e-01 8.628906886980447196e-04
8.913383177989920796e+02 5.241316693534960880e-01 -1.284902366932645819e-04
8.919627478364519675e+02 5.231626018498685138e-01 -1.254168830667687796e-03
8.925871726925075791e+02 5.223692396862351650e-01 -1.982455992791512349e-03
8.932115923507509478e+02 5.217799485041862972e-01 -2.739160772906529175e-03
8.938360067964282507e+02 5.210598099924714788e-01 -3.133763851072722626e-03
8.944604160137262170e+02 5.202520796436876926e-01 -2.022000051949266429e-03
8.950848199876388662e+02 5.194069435539543367e-01 -1.741072596681664123e-03
8.957092187023118868e+02 5.187573167747407954e-01 -1.410491906200480802e-03
8.963336121429093737e+02 5.178980613010625289e-01 -3.973525645045394264e-04
8.969580002938337202e+02 5.169437992009278116e-01 -2.111595516001455938e-04
8.975823831401232837e+02 5.156579926580273643e-01 -5.900710558579599224e-04
8.982067606665208359e+02 5.141586761371502723e-01 -1.290922053163966838e-03
8.988311328576423875e+02 5.128691746565224863e-01 -2.209803426037723964e-03
8.994554996984441004e+02 5.115673515717003017e-01 -2.601857456392990629e-03
9.000798611739249964e+02 5.104734626934557262e-01 -3.441777458721355636e-03
9.007042172690851203e+02 5.092771936150887191e-01 -4.398477612214338715e-03
9.013285679686281355e+02 5.079406956852070554e-01 -5.313372699783415476e-03
9.019529132578093140e+02 5.066376885818797415e-01 -6.307368241207618811e-03
9.025772531214195169e+02 5.053040961621655391e-01 -6.538636597441308679e-03
9.032015875448853421e+02 5.038502170431872207e-01 -6.689304594199011259e-03
9.038259165127434471e+02 5.021636908762157070e-01 -7.136227798453480611e-03
9.044502400106764526e+02 5.004093335331402104e-01 -7.972212955793055167e-03
9.050745580235624175e+02 4.985381228423314548e-01 -9.223216717392943020e-03
9.056988705366611612e+02 4.965942530232331231e-01 -1.068705989687915997e-02
9.063231775352330715e+02 4.948955023430223754e-01 -1.177325357070524610e-02
9.069474790044130259e+02 4.926498038426623260e-01 -1.230207245760529811e-02
9.075717749295901058e+02 4.903546785846248368e-01 -1.339326868724561616e-02
9.081960652960694915e+02 4.881028103055323197e-01 -1.420591548061446267e-02
9.088203500892846023e+02 4.858819289191052548e-01 -1.389409283462531355e-02
9.094446292943296157e+02 4.842732842201442622e-01 -1.310038784536726383e-02
9.100689028971484049e+02 4.834626047953741179e-01 -1.123148086256574134e-02
9.106931708827092962e+02 4.823208584718476355e-01 -9.517608219311255238e-03
9.113174332367460693e+02 4.810122162245201727e-01 -7.789941634680589214e-03
9.119416899445250237e+02 4.796621691137442078e-01 -6.584241277985843771e-03
9.125659409918648635e+02 4.785001894573204240e-01 -5.882663931117739983e-03
9.131901863641620594e+02 4.776193350739711962e-01 -5.512543062853175746e-03
9.138144260472790847e+02 4.769939746693381277e-01 -5.839145837523828514e-03
9.144386600264010667e+02 4.767768471745893466e-01 -6.256964750289249408e-03
9.150628882877314254e+02 4.765137678208992700e-01 -6.752358025138483280e-03
9.156871108163296640e+02 4.761849554352372560e-01 -7.403015675628708998e-03
9.163113275984848087e+02 4.757826205027114175e-01 -6.610615798464661817e-03
9.169355386196823474e+02 4.750325813845426848e-01 -5.156402237275974076e-03
9.175597438656611757e+02 4.737730605831984576e-01 -3.333124229210165414e-03
9.181839433225860603e+02 4.718669173093893998e-01 -1.228797612233640309e-03
9.188081369758594974e+02 4.701672182406763656e-01 2.347471211305450414e-04
9.194323248115197202e+02 4.682387460340626806e-01 2.892863239813205176e-03
9.200565068156485040e+02 4.666575108732931021e-01 6.147946867878183001e-03
9.206806829738623037e+02 4.654082161341692170e-01 9.274655842941485415e-03
9.213048532724549204e+02 4.637912320193940952e-01 1.135155725433147252e-02
9.219290176970455377e+02 4.622156351598677992e-01 1.160046274378742290e-02
9.225531762340142450e+02 4.600540583877523737e-01 1.040008064224791882e-02
9.231773288690231993e+02 4.576525093811646405e-01 1.023706328635408218e-02
9.238014755884967144e+02 4.552198740179375092e-01 1.046205867181293318e-02
9.244256163786484422e+02 4.530910185939828749e-01 1.099219231389079315e-02
9.250497512251848775e+02 4.512205690595039731e-01 1.139458050521332221e-02
9.256738801144899753e+02 4.497272438930883798e-01 1.076833946551284706e-02
9.262980030326103815e+02 4.483798300391967917e-01 9.354303060120229552e-03
9.269221199661443507e+02 4.465076995781608327e-01 7.466165201014932432e-03
9.275462309008845523e+02 4.448799673006447741e-01 5.566691362608738522e-03
9.281703358233459085e+02 4.433111586619344902e-01 3.529311367410218388e-03
9.287944347198317701e+02 4.415221160052033023e-01 1.112226452436824997e-03
9.294185275766038785e+02 4.397602775615324089e-01 -5.940166035521762811e-04
9.300426143800513046e+02 4.380984677453166887e-01 -1.290104036611243801e-03
9.306666951163952035e+02 4.362353698659707790e-01 -8.520545856605852252e-04
9.312907697723229603e+02 4.340997265654938375e-01 -6.744467196500459217e-04
9.319148383341838553e+02 4.318623316462255057e-01 1.398520995205261401e-04
9.325389007884120929e+02 4.296428349172848882e-01 4.514318989427897489e-04
9.331629571215280521e+02 4.273500711571966426e-01 -6.273268576704797662e-04
9.337870073200947445e+02 4.257928410500829708e-01 -1.463905893514425363e-03
9.344110513703795959e+02 4.243142941302195381e-01 -2.502637347934428061e-03
9.350350892592858827e+02 4.223839774288249416e-01 -2.879125931138575706e-03
9.356591209732094967e+02 4.201542052959489348e-01 -3.218308762489881583e-03
9.362831464990549648e+02 4.180964566040161756e-01 -3.786963521242373010e-03
9.369071658231772517e+02 4.160560668442997989e-01 -4.917805860171074912e-03
9.375311789324400706e+02 4.135868296134980748e-01 -6.840021285706217313e-03
9.381551858132845609e+02 4.112492823125395991e-01 -8.711386019346789578e-03
9.387791864525331675e+02 4.090944573226376613e-01 -1.064392225928775804e-02
9.394031808373906642e+02 4.069241282761787426e-01 -1.228161560150653302e-02
9.400271689539615636e+02 4.046116053601606644e-01 -1.428905363373365010e-02
9.406511507896211697e+02 4.022405922979868653e-01 -1.562585350883259616e-02
9.412751263308560965e+02 3.999845593525137577e-01 -1.583803566478460961e-02
9.418990955646622751e+02 3.982475030945077377e-01 -1.477709951955658886e-02
9.425230584778664706e+02 3.968324395831108187e-01 -1.494673208567119140e-02
9.431470150574659783e+02 3.954862125386879868e-01 -1.519234034103781814e-02
9.437709652901191930e+02 3.937596560050166117e-01 -1.435610924974037479e-02
9.443949091631641295e+02 3.917435941506495767e-01 -1.331284832070552156e-02
9.450188466634723454e+02 3.897452113306698052e-01 -1.181896129617570311e-02
9.456427777780436372e+02 3.877701743405057577e-01 -9.531758083779037077e-03
9.462667024938363056e+02 3.855756602911600273e-01 -8.070733896539282123e-03
9.468906207978940301e+02 3.833864948551229945e-01 -6.123217265164150429e-03
9.475145326773878196e+02 3.812002450492178451e-01 -3.194154818892020430e-03
9.481384381194898197e+02 3.792400933141340524e-01 -5.484206334466236162e-05
9.487623371110338439e+02 3.774321735439079006e-01 1.466703138847965000e-03
9.493862296395320755e+02 3.756839110626420397e-01 1.306247642900195934e-03
9.500101156919889718e+02 3.739297724925813582e-01 3.804375334516468051e-04
9.506339952557485731e+02 3.720485351164793397e-01 -4.990175295803571972e-05
9.512578683177324592e+02 3.704709406573333808e-01 -9.261295710716464964e-04
9.518817348654976058e+02 3.691984548418318357e-01 -1.593159460552808805e-03
9.525055948861360093e+02 3.680187646171002580e-01 -9.362859588763119273e-04
9.531294483671638318e+02 3.665138858946727640e-01 1.361033760219108955e-04
9.537532952957594716e+02 3.644472258082642191e-01 1.518034584191389844e-03
9.543771356591013273e+02 3.617283947554872925e-01 1.468245491702655555e-03
9.550009694450467350e+02 3.592228034759391564e-01 -1.822479576017526325e-05
9.556247966404366707e+02 3.569043970893335804e-01 -1.749539576603163045e-03
9.562486172331299485e+02 3.545931336893842212e-01 -2.446882646371908738e-03
9.568724312101384157e+02 3.520719078835569116e-01 -2.406585304872248254e-03
9.574962385593640875e+02 3.492340809230082277e-01 -1.867043813112439447e-03
9.581200392681591893e+02 3.460724137565427960e-01 -1.733350844740706026e-03
9.587438333238341102e+02 3.426593320876062942e-01 -2.380971338814221426e-03
9.593676207141242003e+02 3.390674106310149760e-01 -2.575790687902390977e-03
9.599914014265102651e+02 3.355717479526372227e-01 -2.833195366886060319e-03
9.606151754486010077e+02 3.319826561732094894e-01 -2.710800608981949692e-03
9.612389427678373295e+02 3.289455824820021745e-01 -2.277600137671137795e-03
9.618627033723371369e+02 3.265127526160978566e-01 -1.435423745089629876e-03
9.624864572490765795e+02 3.245254672824151032e-01 -8.258488451030012627e-04
9.631102043860909134e+02 3.222835733580307616e-01 -1.243695782360892824e-03
9.637339447712462288e+02 3.201702556590156346e-01 -1.409950746341834347e-03
9.643576783917742432e+02 3.179553678951954621e-01 -1.609160577942955316e-03
9.649814052356707634e+02 3.151442630948957935e-01 -2.312594538515529326e-03
9.656051252908454217e+02 3.122980787184110318e-01 -1.632524385100656006e-03
9.662288385448291592e+02 3.094598789743542300e-01 -1.290131903419148435e-03
9.668525449854913631e+02 3.067970323190698512e-01 -1.905346557300507861e-03
9.674762446006607206e+02 3.044368371780561966e-01 -2.610226982696943563e-03
9.680999373784190993e+02 3.022296302381589639e-01 -2.890833542997461435e-03
9.687236233061732946e+02 2.996928442578861707e-01 -2.793026464884041521e-03
9.693473023720914625e+02 2.969086077747311592e-01 -3.264624952558926960e-03
9.699709745642164762e+02 2.939613734064454587e-01 -3.661638378261253962e-03
9.705946398699140900e+02 2.912777868822379879e-01 -3.595980191003390544e-03
9.712182982779472695e+02 2.887991865367963151e-01 -3.407765465082963994e-03
9.718419497756834744e+02 2.861947293447733021e-01 -3.136427687996894056e-03
9.724655943511255600e+02 2.836827944788478661e-01 -3.362392770053247801e-03
9.730892319926576874e+02 2.809863866994295467e-01 -3.479451960609277611e-03
9.737128626879029980e+02 2.781807451261800734e-01 -2.972781525141196448e-03
9.743364864253313726e+02 2.752942027550098203e-01 -2.100779581640125054e-03
9.749601031927375061e+02 2.725427300462711644e-01 -9.178624353914288311e-04
9.755837129780850319e+02 2.701727530754346462e-01 -2.533602185337179230e-04
9.762073157700144748e+02 2.675897220017003919e-01 1.175906495597425728e-04
9.768309115560265354e+02 2.648766661980413994e-01 2.357528147954821582e-04
9.774545003246792021e+02 2.622481536040802697e-01 3.271065236168436453e-04
9.780780820640236470e+02 2.590411740236526206e-01 1.683691585786255187e-04
9.787016567625340713e+02 2.560831610646012169e-01 -2.289959987571232685e-04
9.793252244079675393e+02 2.533569701492656145e-01 -3.592790809782446721e-04
9.799487849888421351e+02 2.507389788025977673e-01 -6.075316179710505467e-04
9.805723384934657361e+02 2.481409516413869421e-01 -1.065831894741843490e-03
9.811958849097657094e+02 2.452536225767465994e-01 -1.193105016396731489e-03
9.818194242262629814e+02 2.425491191434552551e-01 -1.544016647280780242e-03
9.824429564314358458e+02 2.400192576760415697e-01 -1.745959093670493723e-03
9.830664815134681476e+02 2.373250474254780251e-01 -1.906914096009560333e-03
9.836899994605859092e+02 2.345713448014174474e-01 -1.532942407855765032e-03
9.843135102613974823e+02 2.319234123376733570e-01 -1.017271003473644046e-03
9.849370139043834342e+02 2.292522091326411326e-01 -7.841896673592676972e-04
9.855605103775617408e+02 2.265798517135833301e-01 -3.019443468139809163e-04
9.861839996695407535e+02 2.236226793533915291e-01 1.910659589124415582e-04
9.868074817689750944e+02 2.205294392888423605e-01 1.003687484359051146e-04
9.874309566639243485e+02 2.172404673270182385e-01 1.101364590644007954e-05
9.880544243434665077e+02 2.141624010091306707e-01 1.601739118473333168e-04
9.886778847954525418e+02 2.112256270904168953e-01 5.504636443266609867e-04
9.893013380088756321e+02 2.083950981481350051e-01 9.886299489279665696e-04
9.899247839722229401e+02 2.057397310783270761e-01 1.290912491509201140e-03
9.905482226739397902e+02 2.029926245557880649e-01 1.521766942021936068e-03
9.911716541026414689e+02 2.002747227037444677e-01 1.275225626878682267e-03
9.917950782468583384e+02 1.976381853258574184e-01 1.698917102974434844e-03
9.924184950953348334e+02 1.950979457546538343e-01 1.882242422061599762e-03
9.930419046366445173e+02 1.925801254243637850e-01 1.702141990116073445e-03
9.936653068595752529e+02 1.899375839295252555e-01 1.931833972955192963e-03
9.942887017527026501e+02 1.874024640321398094e-01 2.044377938540634532e-03
9.949120893047306708e+02 1.849367271941352864e-01 1.707684773328973886e-03
9.955354695044475193e+02 1.824290830347148062e-01 1.645317781141669451e-03
9.961588423403899242e+02 1.798317546421973334e-01 1.754049704857563305e-03
9.967822078013896316e+02 1.770129859304832298e-01 1.628509221947847243e-03
9.974055658762803205e+02 1.742943597492049024e-01 1.941909258546462794e-03
9.980289165538531506e+02 1.715858116280291890e-01 2.621895511998155633e-03
9.986522598230698122e+02 1.688327972973208413e-01 2.936433213931007903e-03
9.992755956722576229e+02 1.661290108661118425e-01 2.838236293729478731e-03
9.998989240905908673e+02 1.634468785722876794e-01 3.329291270203109301e-03
1.000522245067117410e+03 1.607823964050935639e-01 3.647034183397642078e-03
1.001145558590293945e+03 1.580001925140482322e-01 3.840585277287169880e-03
1.001768864649507464e+03 1.553165764821970718e-01 3.938969979600170576e-03
1.002392163233216365e+03 1.527242928308491787e-01 3.854176794442415888e-03
1.003015454330471130e+03 1.501316773449783704e-01 3.686159401689508529e-03
1.003638737930068714e+03 1.476457088623748803e-01 3.652750272060369639e-03
1.004262014021442155e+03 1.450406989893465448e-01 3.621738838695859070e-03
1.004885282593135798e+03 1.425642629780613790e-01 3.371422513985478965e-03
1.005508543634499574e+03 1.401135198729214215e-01 3.175221366902515087e-03
1.006131797134206522e+03 1.375401546950989207e-01 3.543689693651160856e-03
1.006755043081606686e+03 1.351747169965889506e-01 3.810559761258157027e-03
1.007378281465375039e+03 1.327008298408253462e-01 3.815777709042927901e-03
1.008001512274862876e+03 1.300492941774230027e-01 3.725717404917990548e-03
1.008624735498957762e+03 1.275955395267411863e-01 3.538662203586446890e-03
1.009247951126970634e+03 1.252019657527117247e-01 3.576940587499966451e-03
1.009871159147959020e+03 1.227518044842588890e-01 3.475669058289121600e-03
1.010494359550854369e+03 1.202688152223879148e-01 3.607733761110600013e-03
1.011117552324969324e+03 1.178451973691282267e-01 3.442934879221945174e-03
1.011740737459575257e+03 1.155252001215369972e-01 3.344395909488062126e-03
1.012363914943732425e+03 1.131813396856355403e-01 3.673470317225180012e-03
1.012987084766797921e+03 1.108956630665361293e-01 3.697252466295854623e-03
1.013610246917452741e+03 1.085527115792171704e-01 3.842117655876964213e-03
1.014233401385519642e+03 1.063834647062976008e-01 4.245083098245016479e-03
1.014856548160104921e+03 1.041597873395299217e-01 4.523477306023265462e-03
1.015479687230313743e+03 1.020715985158991007e-01 4.795432968091166773e-03
1.016102818585421915e+03 9.992615046046061933e-02 5.191056751295623252e-03
1.016725942215043801e+03 9.777932920077571366e-02 5.356059150331051247e-03
1.017349058107991596e+03 9.583947789101507353e-02 5.363723194500455600e-03
1.017972166254176841e+03 9.387858739741090919e-02 5.330508700743723759e-03
1.018595266642412753e+03 9.168530846379717436e-02 5.676312961019521972e-03
1.019218359262443300e+03 8.953671070742837135e-02 5.426193910323630007e-03
1.019841444103378649e+03 8.755385813565985664e-02 5.411421834373850853e-03
1.020464521154584304e+03 8.557643307248916087e-02 5.863851535799438457e-03
1.021087590405762853e+03 8.366429588034908493e-02 5.894095755991970650e-03
1.021710651846027304e+03 8.182867827200469846e-02 6.210746175370427009e-03
1.022333705465082630e+03 8.004087619938766995e-02 6.264932289644246921e-03
1.022956751252295362e+03 7.825510079036035460e-02 6.268656396664268327e-03
1.023579789196865590e+03 7.670869202110057461e-02 6.627419729049115193e-03
1.024202819288837190e+03 7.515219078789431295e-02 6.878364641142696752e-03
1.024825841517073059e+03 7.334204486434162118e-02 7.056682182467216569e-03
1.025448855871661181e+03 7.163333350640771480e-02 7.185748644393743709e-03
1.026071862341548695e+03 7.001808734374974363e-02 7.503156951384913967e-03
1.026694860916700236e+03 6.821335438717858468e-02 7.764457367008306340e-03
1.027317851586613415e+03 6.642413024659982179e-02 8.115369675999132421e-03
1.027940834340703304e+03 6.481050521056977431e-02 8.502173149552639392e-03
1.028563809168934768e+03 6.312792558551412470e-02 8.681395881081617125e-03
1.029186776060512329e+03 6.154515233225749116e-02 8.835655840121336632e-03
1.029809735005106177e+03 6.016654792202501961e-02 8.817354384233122219e-03
1.030432685992641836e+03 5.869636281071715506e-02 8.779496023739905355e-03
1.031055629012325198e+03 5.718932425986465035e-02 8.825414992486348489e-03
1.031678564054166827e+03 5.587591767328542458e-02 8.855360375374069989e-03
1.032301491107839411e+03 5.447778091506663006e-02 8.797052489866254849e-03
1.032924410162720505e+03 5.314745599622563293e-02 8.717076755527491949e-03
1.033547321208991889e+03 5.192951534614515668e-02 8.779807721374648100e-03
1.034170224235948126e+03 5.070803639816212627e-02 8.763360864547781875e-03
1.034793119233559764e+03 4.954896980339214274e-02 8.601240305554931631e-03
1.035416006191334418e+03 4.836801900828972822e-02 8.219688987864719881e-03
1.036038885099540721e+03 4.714603629122129935e-02 7.717055684764710655e-03
1.036661755947306119e+03 4.598056587580982846e-02 7.326739805725950017e-03
1.037284618724942675e+03 4.482466243393740113e-02 7.237991037524937193e-03
1.037907473422002795e+03 4.370454737543597729e-02 7.072799258204582121e-03
1.038530320028502956e+03 4.255113143711595353e-02 7.078950501220033012e-03
1.039153158533996930e+03 4.137835579539243802e-02 6.845637874909858006e-03
1.039775988928630568e+03 4.019965788709665977e-02 6.462373294062522151e-03
1.040398811202041770e+03 3.910051820967831715e-02 6.307912935994379813e-03
1.041021625344167205e+03 3.817277780567466389e-02 6.225235182280124992e-03
1.041644431345067915e+03 3.725825050524481097e-02 6.213424277465756478e-03
1.042267229194302672e+03 3.631881866152599642e-02 6.033356619660549570e-03
1.042890018882229469e+03 3.532102128726512247e-02 5.856903635469818369e-03
1.043512800398491208e+03 3.438490052300031963e-02 5.604144796491245493e-03
1.044135573732942021e+03 3.360749884159692363e-02 5.459158651905378183e-03
1.044758338875816889e+03 3.269050547969984399e-02 5.480498211974440051e-03
1.045381095817014057e+03 3.191377092684639927e-02 5.106804773449944226e-03
1.046003844546641631e+03 3.104316529503126434e-02 4.796522555973380293e-03
1.046626585054177440e+03 3.013767712074711183e-02 4.204415556975359472e-03
1.047249317330154099e+03 2.951986233927335335e-02 3.712743665058754281e-03
1.047872041364514189e+03 2.881564675604163586e-02 3.285736026020023414e-03
1.048494757147116388e+03 2.804838703757129431e-02 2.973900276247447468e-03
1.049117464668242064e+03 2.742725205851917827e-02 2.803144485835496868e-03
1.049740163917751715e+03 2.667744523521463004e-02 2.634515924655988096e-03
1.050362854885928300e+03 2.600936884832215704e-02 2.423016149552490676e-03
1.050985537562674608e+03 2.531317723798205688e-02 2.289252138745867526e-03
1.051608211938232898e+03 2.476586296413398058e-02 2.317847075876077606e-03
1.052230878002803820e+03 2.444413649198112770e-02 2.269187615107920528e-03
1.052853535746377247e+03 2.405860471110811416e-02 2.088078935956282686e-03
1.053476185158943281e+03 2.361521962158289259e-02 1.920995780407007240e-03
1.054098826230999748e+03 2.313497590749791569e-02 1.694353318397910473e-03
1.054721458952370540e+03 2.267401738403156813e-02 1.757816125796211708e-03
1.055344083313595775e+03 2.222711564259133299e-02 2.197600981721590813e-03
1.055966699304584836e+03 2.183717974735529394e-02 2.536040602077379528e-03
1.056589306915922407e+03 2.136026547025542816e-02 2.354050173510900418e-03
1.057211906137391679e+03 2.094037820461012653e-02 2.406848942389105614e-03
1.057834496959536864e+03 2.065936170131223507e-02 2.463761127907373571e-03
1.058457079372479711e+03 2.027251336959718514e-02 2.533780003606844657e-03
1.059079653366386083e+03 1.993919302787151848e-02 2.572775025594434360e-03
1.059702218931801781e+03 1.955598605893687017e-02 2.346616201488552125e-03
1.060324776058723955e+03 1.932419498629377175e-02 2.271948156961134824e-03
1.060947324737826193e+03 1.898336865971783291e-02 2.328833581264744008e-03
1.061569864958896915e+03 1.856553906469251072e-02 2.346933402458786615e-03
1.062192396712652908e+03 1.827397712017336459e-02 2.389253222175892304e-03
1.062814919989432838e+03 1.803427190553441584e-02 2.524672674081913492e-03
1.063437434779363002e+03 1.781334088527965209e-02 2.558903625765240365e-03
1.064059941072868014e+03 1.742570158905104236e-02 2.276932795015706220e-03
1.064682438860582806e+03 1.718351640244338702e-02 2.073159842571557429e-03
1.065304928132467694e+03 1.698423428080883535e-02 1.832974451404407795e-03
1.065927408879117593e+03 1.672389382908983854e-02 1.985992359202050275e-03
1.066549881091338420e+03 1.654055412633347044e-02 2.079675709284633644e-03
1.067172344758839017e+03 1.623281985419752424e-02 2.013150425228711626e-03
1.067794799872553767e+03 1.571807656027884512e-02 2.144548952137458313e-03
1.068417246422573271e+03 1.533905871575636654e-02 2.143187092916199431e-03
1.069039684399705493e+03 1.516694922874627267e-02 2.264649755782950635e-03
1.069662113794337756e+03 1.498734796943951633e-02 2.266516457579653959e-03
1.070284534596816229e+03 1.470638233828530129e-02 2.034669318652193408e-03
1.070906946797570754e+03 1.438222621205571122e-02 1.921832842613562312e-03
1.071529350387413842e+03 1.430739472708181075e-02 1.746854937581888804e-03
1.072151745356607080e+03 1.431795497663714174e-02 1.883585175788600160e-03
1.072774131695709912e+03 1.417829284111822921e-02 1.827525886077119213e-03
1.073396509395366820e+03 1.405355874702491660e-02 1.997424762818395504e-03
1.074018878446012195e+03 1.383995752856491401e-02 2.096366688328452077e-03
1.074641238838417394e+03 1.379599284575927162e-02 1.730837796308775040e-03
1.075263590562806939e+03 1.367335997718340836e-02 1.447688253437382768e-03
1.075885933610249140e+03 1.347568229661162686e-02 1.444104377974555174e-03
1.076508267971011719e+03 1.346421621594738605e-02 1.388025612557624395e-03
1.077130593635658897e+03 1.323654641816358370e-02 1.276914188240834466e-03
1.077752910594922923e+03 1.306000503113991483e-02 9.900686319027100432e-04
1.078375218839453737e+03 1.293317155316531762e-02 6.721189567067347532e-04
1.078997518359943342e+03 1.280633807519072562e-02 6.591500787021478290e-04
1.079619809146746775e+03 1.267950459721613535e-02 4.899313222075843801e-04
1.080242091190894826e+03 1.255267111924154334e-02 5.072798541099225646e-04
1.080864364482955125e+03 1.242583764126695134e-02 6.369956460432907048e-04
1.081486629013622405e+03 1.229900416329235933e-02 2.695065396338201368e-04
1.082108884773550244e+03 1.217217068531776733e-02 -6.632905758403948721e-06
1.082731131753264663e+03 1.204533720734317706e-02 2.518854705967893252e-05
1.083353369943843290e+03 1.191850372936858506e-02 2.310688119268669571e-04
1.083975599335813740e+03 1.179167025139399305e-02 2.109965642089026584e-04
1.084597819920042866e+03 1.166483677341940278e-02 5.210798591916861980e-05
1.085220031687186975e+03 1.153800329544481078e-02 1.493581943254802293e-04
1.085842234627986954e+03 1.141116981747021877e-02 1.812422174832120734e-04
1.086464428733143450e+03 1.128433633949562677e-02 2.614057612719107799e-04
1.087086613993651781e+03 1.115750286152103476e-02 -4.042649340504641620e-05
1.087708790400297403e+03 1.103066938354644450e-02 -1.331673348045101326e-04
1.088330957943739577e+03 1.090383590557185249e-02 -1.705670082331787009e-04
1.088953116614976352e+03 1.077700242759726049e-02 -3.594128692923056535e-04
1.089575266404625154e+03 1.065016894962267022e-02 -1.532821879604892145e-04
1.090197407303686305e+03 1.052333547164807821e-02 -2.682324777490119848e-04
1.090819539303073952e+03 1.039650199367348621e-02 -3.821656109612031355e-04
1.091441662393240449e+03 1.026966851569889420e-02 -4.960987441733938526e-04
1.092063776565481476e+03 1.014283503772430220e-02 -6.100318773855847865e-04
1.092685881810630008e+03 1.001600155974971193e-02 -7.239650105977752867e-04
1.093307978119561540e+03 9.889168081775119926e-03 -8.378981438099662206e-04
1.093930065483025601e+03 9.762334603800527921e-03 -9.518312770221567208e-04
1.094552143891898140e+03 9.635501125825937652e-03 -1.065764410234347655e-03
1.095174213337310675e+03 9.508667647851345647e-03 -1.179697543446538155e-03
1.095796273810099137e+03 9.381834169876753643e-03 -1.293630676658729089e-03
1.096418325301394134e+03 9.255000691902161639e-03 -1.407563809870919589e-03
1.097040367801780576e+03 9.128167213927569634e-03 -1.521496943083110523e-03
1.097662401302433864e+03 9.001333735952979365e-03 -1.635430076295301023e-03
1.098284425794487106e+03 8.874500257978387360e-03 -1.749363209507491957e-03
1.098906441268736899e+03 8.747666780003795356e-03 -1.863296342719682457e-03
1.099528447716107394e+03 8.620833302029205086e-03 -1.977229475931873391e-03
