3.350000000000000000e+02 1.000000000000000000e+00 0.000000000000000000e+00
3.427272727272727479e+02 1.000000000000000000e+00 0.000000000000000000e+00
3.504545454545454390e+02 1.000000000000000000e+00 0.000000000000000000e+00
3.581818181818181870e+02 1.000000000000000000e+00 0.000000000000000000e+00
3.659090909090909349e+02 1.000000000000000000e+00 0.000000000000000000e+00
3.736363636363636260e+02 1.000000000000000000e+00 0.000000000000000000e+00
3.813636363636363740e+02 1.000000000000000000e+00 0.000000000000000000e+00
3.890909090909091219e+02 1.000000000000000000e+00 0.000000000000000000e+00
3.968181818181818130e+02 1.000000000000000000e+00 0.000000000000000000e+00
4.045454545454545610e+02 1.000000000000000000e+00 0.000000000000000000e+00
4.122727272727272521e+02 1.000000000000000000e+00 0.000000000000000000e+00
4.200000000000000000e+02 1.000000000000000000e+00 0.000000000000000000e+00
4.277272727272727479e+02 1.000000000000000000e+00 0.000000000000000000e+00
4.354545454545454390e+02 1.000000000000000000e+00 0.000000000000000000e+00
4.431818181818181870e+02 1.000000000000000000e+00 0.000000000000000000e+00
4.509090909090908781e+02 1.000000000000000000e+00 0.000000000000000000e+00
4.586363636363636260e+02 1.000000000000000000e+00 0.000000000000000000e+00
4.663636363636363740e+02 1.000000000000000000e+00 0.000000000000000000e+00
4.740909090909091219e+02 1.000000000000000000e+00 0.000000000000000000e+00
4.818181818181818130e+02 1.000000000000000000e+00 0.000000000000000000e+00
4.895454545454545610e+02 1.000000000000000000e+00 0.000000000000000000e+00
4.972727272727272521e+02 1.000000000000000000e+00 0.000000000000000000e+00
5.050000000000000000e+02 1.000000000000000000e+00 0.000000000000000000e+00
5.127272727272727479e+02 1.000000000000000000e+00 0.000000000000000000e+00
5.204545454545454959e+02 1.000000000000000000e+00 0.000000000000000000e+00
5.281818181818182438e+02 1.000000000000000000e+00 0.000000000000000000e+00
5.359090909090908781e+02 1.000000000000000000e+00 0.000000000000000000e+00
5.436363636363636260e+02 1.000000000000000000e+00 0.000000000000000000e+00
5.513636363636363740e+02 1.000000000000000000e+00 0.000000000000000000e+00
5.590909090909091219e+02 1.000000000000000000e+00 0.000000000000000000e+00
5.668181818181817562e+02 1.000000000000000000e+00 0.000000000000000000e+00
5.745454545454545041e+02 1.000000000000000000e+00 0.000000000000000000e+00
5.822727272727272521e+02 1.000000000000000000e+00 0.000000000000000000e+00
5.900000000000000000e+02 1.000000000000000000e+00 0.000000000000000000e+00
5.977272727272727479e+02 1.000000000000000000e+00 0.000000000000000000e+00
6.054545454545454959e+02 1.000000000000000000e+00 0.000000000000000000e+00
6.131818181818182438e+02 1.000000000000000000e+00 0.000000000000000000e+00
6.209090909090909918e+02 1.000000000000000000e+00 0.000000000000000000e+00
6.286363636363636260e+02 1.000000000000000000e+00 0.000000000000000000e+00
6.363636363636363740e+02 1.000000000000000000e+00 0.000000000000000000e+00
6.440909090909091219e+02 1.000000000000000000e+00 0.000000000000000000e+00
6.518181818181817562e+02 1.000000000000000000e+00 0.000000000000000000e+00
6.595454545454545041e+02 1.000000000000000000e+00 0.000000000000000000e+00
6.672727272727272521e+02 1.000000000000000000e+00 0.000000000000000000e+00
6.750000000000000000e+02 1.000000000000000000e+00 0.000000000000000000e+00
6.827272727272727479e+02 1.000000000000000000e+00 0.000000000000000000e+00
6.904545454545454959e+02 1.000000000000000000e+00 0.000000000000000000e+00
6.981818181818182438e+02 1.000000000000000000e+00 0.000000000000000000e+00
7.059090909090909918e+02 1.000000000000000000e+00 0.000000000000000000e+00
7.136363636363636260e+02 1.000000000000000000e+00 0.000000000000000000e+00
7.213636363636363740e+02 1.000000000000000000e+00 0.000000000000000000e+00
7.290909090909091219e+02 1.000000000000000000e+00 0.000000000000000000e+00
7.368181818181817562e+02 1.000000000000000000e+00 0.000000000000000000e+00
7.445454545454545041e+02 1.000000000000000000e+00 0.000000000000000000e+00
7.522727272727272521e+02 1.000000000000000000e+00 0.000000000000000000e+00
7.600000000000000000e+02 1.000000000000000000e+00 0.000000000000000000e+00
7.677272727272727479e+02 1.000000000000000000e+00 0.000000000000000000e+00
7.754545454545454959e+02 1.000000000000000000e+00 0.000000000000000000e+00
7.831818181818182438e+02 1.000000000000000000e+00 0.000000000000000000e+00
7.909090909090909918e+02 1.000000000000000000e+00 0.000000000000000000e+00
7.986363636363636260e+02 1.000000000000000000e+00 0.000000000000000000e+00
8.063636363636363740e+02 1.000000000000000000e+00 0.000000000000000000e+00
8.140909090909091219e+02 1.000000000000000000e+00 0.000000000000000000e+00
8.218181818181817562e+02 1.000000000000000000e+00 0.000000000000000000e+00
8.295454545454545041e+02 1.000000000000000000e+00 0.000000000000000000e+00
8.372727272727272521e+02 1.000000000000000000e+00 0.000000000000000000e+00
8.450000000000000000e+02 1.000000000000000000e+00 0.000000000000000000e+00
8.527272727272727479e+02 1.000000000000000000e+00 0.000000000000000000e+00
8.604545454545454959e+02 1.000000000000000000e+00 0.000000000000000000e+00
8.681818181818182438e+02 1.000000000000000000e+00 0.000000000000000000e+00
8.759090909090908781e+02 1.000000000000000000e+00 0.000000000000000000e+00
8.836363636363636260e+02 1.000000000000000000e+00 0.000000000000000000e+00
8.913636363636363740e+02 1.000000000000000000e+00 0.000000000000000000e+00
8.990909090909091219e+02 1.000000000000000000e+00 0.000000000000000000e+00
9.068181818181818699e+02 1.000000000000000000e+00 0.000000000000000000e+00
9.145454545454546178e+02 1.000000000000000000e+00 0.000000000000000000e+00
9.222727272727272521e+02 1.000000000000000000e+00 0.000000000000000000e+00
9.300000000000000000e+02 1.000000000000000000e+00 0.000000000000000000e+00
9.377272727272727479e+02 1.000000000000000000e+00 0.000000000000000000e+00
9.454545454545454959e+02 1.000000000000000000e+00 0.000000000000000000e+00
9.531818181818182438e+02 1.000000000000000000e+00 0.000000000000000000e+00
9.609090909090908781e+02 1.000000000000000000e+00 0.000000000000000000e+00
9.686363636363636260e+02 1.000000000000000000e+00 0.000000000000000000e+00
9.763636363636363740e+02 1.000000000000000000e+00 0.000000000000000000e+00
9.840909090909091219e+02 1.000000000000000000e+00 0.000000000000000000e+00
9.918181818181818699e+02 1.000000000000000000e+00 0.000000000000000000e+00
9.995454545454546178e+02 1.000000000000000000e+00 0.000000000000000000e+00
1.007272727272727252e+03 1.000000000000000000e+00 0.000000000000000000e+00
1.015000000000000000e+03 1.000000000000000000e+00 0.000000000000000000e+00
1.022727272727272748e+03 1.000000000000000000e+00 0.000000000000000000e+00
1.030454545454545496e+03 1.000000000000000000e+00 0.000000000000000000e+00
1.038181818181818244e+03 1.000000000000000000e+00 0.000000000000000000e+00
1.045909090909090992e+03 1.000000000000000000e+00 0.000000000000000000e+00
1.053636363636363512e+03 1.000000000000000000e+00 0.000000000000000000e+00
1.061363636363636488e+03 1.000000000000000000e+00 0.000000000000000000e+00
1.069090909090909008e+03 1.000000000000000000e+00 0.000000000000000000e+00
1.076818181818181984e+03 1.000000000000000000e+00 0.000000000000000000e+00
1.084545454545454504e+03 1.000000000000000000e+00 0.000000000000000000e+00
1.092272727272727252e+03 1.000000000000000000e+00 0.000000000000000000e+00
1.100000000000000000e+03 1.000000000000000000e+00 0.000000000000000000e+00
