3.350000000000000000e+02 0.000000000000000000e+00 1.000000000000000021e-02
3.427272727272727479e+02 0.000000000000000000e+00 1.000000000000000021e-02
3.504545454545454390e+02 0.000000000000000000e+00 1.000000000000000021e-02
3.581818181818181870e+02 0.000000000000000000e+00 1.000000000000000021e-02
3.659090909090909349e+02 0.000000000000000000e+00 1.000000000000000021e-02
3.736363636363636260e+02 0.000000000000000000e+00 1.000000000000000021e-02
3.813636363636363740e+02 0.000000000000000000e+00 1.000000000000000021e-02
3.890909090909091219e+02 0.000000000000000000e+00 1.000000000000000021e-02
3.968181818181818130e+02 0.000000000000000000e+00 1.000000000000000021e-02
4.045454545454545610e+02 0.000000000000000000e+00 1.000000000000000021e-02
4.122727272727272521e+02 0.000000000000000000e+00 1.000000000000000021e-02
4.200000000000000000e+02 0.000000000000000000e+00 1.000000000000000021e-02
4.277272727272727479e+02 0.000000000000000000e+00 1.000000000000000021e-02
4.354545454545454390e+02 0.000000000000000000e+00 1.000000000000000021e-02
4.431818181818181870e+02 0.000000000000000000e+00 1.000000000000000021e-02
4.509090909090908781e+02 0.000000000000000000e+00 1.000000000000000021e-02
4.586363636363636260e+02 0.000000000000000000e+00 1.000000000000000021e-02
4.663636363636363740e+02 0.000000000000000000e+00 1.000000000000000021e-02
4.740909090909091219e+02 0.000000000000000000e+00 1.000000000000000021e-02
4.818181818181818130e+02 0.000000000000000000e+00 1.000000000000000021e-02
4.895454545454545610e+02 0.000000000000000000e+00 1.000000000000000021e-02
4.972727272727272521e+02 0.000000000000000000e+00 1.000000000000000021e-02
5.050000000000000000e+02 0.000000000000000000e+00 1.000000000000000021e-02
5.127272727272727479e+02 0.000000000000000000e+00 1.000000000000000021e-02
5.204545454545454959e+02 0.000000000000000000e+00 1.000000000000000021e-02
5.281818181818182438e+02 0.000000000000000000e+00 1.000000000000000021e-02
5.359090909090908781e+02 0.000000000000000000e+00 1.000000000000000021e-02
5.436363636363636260e+02 0.000000000000000000e+00 1.000000000000000021e-02
5.513636363636363740e+02 0.000000000000000000e+00 1.000000000000000021e-02
5.590909090909091219e+02 0.000000000000000000e+00 1.000000000000000021e-02
5.668181818181817562e+02 0.000000000000000000e+00 1.000000000000000021e-02
5.745454545454545041e+02 0.000000000000000000e+00 1.000000000000000021e-02
5.822727272727272521e+02 0.000000000000000000e+00 1.000000000000000021e-02
5.900000000000000000e+02 4.714641045141922115e-02 1.630275460220821995e-03
5.977272727272727479e+02 2.489575480176150768e-01 7.488863156187852699e-03
6.054545454545454959e+02 5.622604912863899962e-01 1.687798228372640319e-02
6.131818181818182438e+02 7.891735745466651464e-01 2.368446720321551111e-02
6.209090909090909918e+02 8.899459780839037437e-01 2.670783624841414211e-02
6.286363636363636260e+02 9.073537176260979553e-01 2.722979484145521614e-02
6.363636363636363740e+02 9.216096578475667656e-01 2.765698907979103130e-02
6.440909090909091219e+02 9.315930387695505743e-01 2.795687167730677436e-02
6.518181818181817562e+02 9.348243806607865469e-01 2.805380429592750635e-02
6.595454545454545041e+02 9.374878537392208333e-01 2.813372902867727551e-02
6.672727272727272521e+02 9.392584132587531442e-01 2.818673922283033637e-02
6.750000000000000000e+02 9.387928535525491558e-01 2.817233666140703599e-02
6.827272727272727479e+02 9.401198755740496349e-01 2.821223909394204171e-02
6.904545454545454959e+02 9.413958578778557351e-01 2.825064504388151779e-02
6.981818181818182438e+02 9.422486201787143578e-01 2.827665286705722744e-02
7.059090909090909918e+02 9.260672376956426977e-01 2.779090764281914178e-02
7.136363636363636260e+02 9.316525328111138204e-01 2.795930025511440820e-02
7.213636363636363740e+02 9.281160290194071516e-01 2.785297196507204379e-02
7.290909090909091219e+02 9.421747617538992481e-01 2.827503670992406043e-02
7.368181818181817562e+02 9.559029265010198229e-01 2.868724308521544697e-02
7.445454545454545041e+02 9.197621128349732222e-01 2.760277933106325063e-02
7.522727272727272521e+02 9.215332201949137936e-01 2.765501787129028000e-02
7.600000000000000000e+02 9.260683016433822745e-01 2.779151678065722164e-02
7.677272727272727479e+02 9.306033830918507554e-01 2.792801569002416676e-02
7.754545454545454959e+02 9.088548901144684056e-01 2.727616970655161177e-02
7.831818181818182438e+02 9.057160983491283623e-01 2.718173160311206787e-02
7.909090909090909918e+02 9.361805571861442354e-01 2.809717412917130119e-02
7.986363636363636260e+02 9.311381827988889359e-01 2.794561398628763599e-02
8.063636363636363740e+02 9.238922679515547687e-01 2.772824818918979278e-02
8.140909090909091219e+02 9.228970033672028173e-01 2.769886901552303868e-02
8.218181818181817562e+02 9.219017387828508658e-01 2.766948984185628457e-02
8.295454545454545041e+02 9.209064741984989144e-01 2.764011066818953394e-02
8.372727272727272521e+02 9.177861297648574057e-01 2.754647576976902365e-02
8.450000000000000000e+02 9.189078620732250569e-01 2.758046213016386930e-02
8.527272727272727479e+02 9.194012174088490585e-01 2.759695870801108161e-02
8.604545454545454959e+02 9.166857040535282275e-01 2.751546430716097363e-02
8.681818181818182438e+02 9.194677010511652648e-01 2.759883509112201830e-02
8.759090909090908781e+02 9.198440991689681434e-01 2.761090530131399615e-02
8.836363636363636260e+02 9.214685557176164332e-01 2.765993802249257921e-02
8.913636363636363740e+02 9.149800749396502786e-01 2.746615050687654241e-02
8.990909090909091219e+02 9.114369212941970666e-01 2.736445104684348539e-02
9.068181818181818699e+02 9.134085485957815775e-01 2.742663894762505453e-02
9.145454545454546178e+02 9.153801758973660885e-01 2.748882684840662019e-02
9.222727272727272521e+02 9.173518031989505994e-01 2.755101474918818238e-02
9.300000000000000000e+02 9.193234305005351104e-01 2.761320264996974805e-02
9.377272727272727479e+02 9.212950578021196213e-01 2.767539055075131718e-02
9.454545454545454959e+02 9.232666851037041322e-01 2.773757845153288285e-02
9.531818181818182438e+02 9.252383124052886432e-01 2.779976635231444851e-02
9.609090909090908781e+02 9.272099397068731541e-01 2.786195425309601070e-02
9.686363636363636260e+02 9.225567811917407823e-01 2.772999628333798483e-02
9.763636363636363740e+02 9.182048550079585647e-01 2.761169723039915910e-02
9.840909090909091219e+02 9.178845995808831981e-01 2.761270563368742326e-02
9.918181818181818699e+02 9.107359837234214606e-01 2.741806699545082382e-02
9.995454545454546178e+02 8.957308769872660559e-01 2.700828208862496652e-02
1.007272727272727252e+03 8.779925022720340699e-01 2.653768377285669125e-02
1.015000000000000000e+03 8.463949342448118252e-01 2.569855617825938035e-02
1.022727272727272748e+03 8.107366555807615782e-01 2.484623913807251089e-02
1.030454545454545496e+03 7.268626076157127525e-01 2.279788870044834395e-02
1.038181818181818244e+03 6.203872274444610646e-01 2.059288716939279562e-02
1.045909090909090992e+03 5.180465522825005165e-01 1.854220020235639727e-02
1.053636363636363512e+03 3.822810731299787768e-01 1.914957649767707118e-02
1.061363636363636488e+03 2.461154415122864259e-01 1.490386555979937924e-02
1.069090909090909008e+03 0.000000000000000000e+00 1.000000000000000021e-02
1.076818181818181984e+03 0.000000000000000000e+00 1.000000000000000021e-02
1.084545454545454504e+03 0.000000000000000000e+00 1.000000000000000021e-02
1.092272727272727252e+03 0.000000000000000000e+00 1.000000000000000021e-02
1.100000000000000000e+03 0.000000000000000000e+00 1.000000000000000021e-02
