3.000000000000000000e+02 0.000000000000000000e+00 5.000000000000000278e-02
3.010000000000000000e+02 0.000000000000000000e+00 5.000000000000000278e-02
3.020000000000000000e+02 0.000000000000000000e+00 5.000000000000000278e-02
3.030000000000000000e+02 0.000000000000000000e+00 5.000000000000000278e-02
3.040000000000000000e+02 0.000000000000000000e+00 5.000000000000000278e-02
3.050000000000000000e+02 0.000000000000000000e+00 5.000000000000000278e-02
3.060000000000000000e+02 0.000000000000000000e+00 5.000000000000000278e-02
3.070000000000000000e+02 0.000000000000000000e+00 5.000000000000000278e-02
3.080000000000000000e+02 0.000000000000000000e+00 5.000000000000000278e-02
3.090000000000000000e+02 0.000000000000000000e+00 5.000000000000000278e-02
3.100000000000000000e+02 0.000000000000000000e+00 5.000000000000000278e-02
3.110000000000000000e+02 0.000000000000000000e+00 5.000000000000000278e-02
3.120000000000000000e+02 0.000000000000000000e+00 5.000000000000000278e-02
3.130000000000000000e+02 0.000000000000000000e+00 5.000000000000000278e-02
3.140000000000000000e+02 0.000000000000000000e+00 5.000000000000000278e-02
3.150000000000000000e+02 0.000000000000000000e+00 5.000000000000000278e-02
3.160000000000000000e+02 0.000000000000000000e+00 5.000000000000000278e-02
3.170000000000000000e+02 0.000000000000000000e+00 5.000000000000000278e-02
3.180000000000000000e+02 0.000000000000000000e+00 5.000000000000000278e-02
3.190000000000000000e+02 0.000000000000000000e+00 5.000000000000000278e-02
3.200000000000000000e+02 0.000000000000000000e+00 5.000000000000000278e-02
3.210000000000000000e+02 0.000000000000000000e+00 5.000000000000000278e-02
3.220000000000000000e+02 0.000000000000000000e+00 5.000000000000000278e-02
3.230000000000000000e+02 0.000000000000000000e+00 5.000000000000000278e-02
3.240000000000000000e+02 0.000000000000000000e+00 5.000000000000000278e-02
3.250000000000000000e+02 0.000000000000000000e+00 5.000000000000000278e-02
3.260000000000000000e+02 0.000000000000000000e+00 5.000000000000000278e-02
3.270000000000000000e+02 0.000000000000000000e+00 5.000000000000000278e-02
3.280000000000000000e+02 0.000000000000000000e+00 5.000000000000000278e-02
3.290000000000000000e+02 0.000000000000000000e+00 5.000000000000000278e-02
3.300000000000000000e+02 0.000000000000000000e+00 5.000000000000000278e-02
3.310000000000000000e+02 0.000000000000000000e+00 5.000000000000000278e-02
3.320000000000000000e+02 0.000000000000000000e+00 5.000000000000000278e-02
3.330000000000000000e+02 0.000000000000000000e+00 5.000000000000000278e-02
3.340000000000000000e+02 0.000000000000000000e+00 5.000000000000000278e-02
3.350000000000000000e+02 0.000000000000000000e+00 5.000000000000000278e-02
3.360000000000000000e+02 0.000000000000000000e+00 5.000000000000000278e-02
3.370000000000000000e+02 0.000000000000000000e+00 5.000000000000000278e-02
3.380000000000000000e+02 0.000000000000000000e+00 5.000000000000000278e-02
3.390000000000000000e+02 0.000000000000000000e+00 5.000000000000000278e-02
3.400000000000000000e+02 0.000000000000000000e+00 5.000000000000000278e-02
3.410000000000000000e+02 0.000000000000000000e+00 5.000000000000000278e-02
3.420000000000000000e+02 0.000000000000000000e+00 5.000000000000000278e-02
3.430000000000000000e+02 0.000000000000000000e+00 5.000000000000000278e-02
3.440000000000000000e+02 0.000000000000000000e+00 5.000000000000000278e-02
3.450000000000000000e+02 6.596470420284596126e-02 5.000000000000000278e-02
3.460000000000000000e+02 7.326533859773780299e-02 5.000000000000000278e-02
3.470000000000000000e+02 8.056597299262963086e-02 5.000000000000000278e-02
3.480000000000000000e+02 8.786660738752147259e-02 5.000000000000000278e-02
3.490000000000000000e+02 9.516724178241330045e-02 5.000000000000000278e-02
3.500000000000000000e+02 1.024678761773051422e-01 5.000000000000000278e-02
3.510000000000000000e+02 1.097685105721969701e-01 5.000000000000000278e-02
3.520000000000000000e+02 1.170691449670888118e-01 5.000000000000000278e-02
3.530000000000000000e+02 1.243697793619806535e-01 5.000000000000000278e-02
3.540000000000000000e+02 1.316704137568724953e-01 5.000000000000000278e-02
3.550000000000000000e+02 1.389710481517642815e-01 5.000000000000000278e-02
3.560000000000000000e+02 1.467476042376911205e-01 5.000000000000000278e-02
3.570000000000000000e+02 1.539310549274068574e-01 5.000000000000000278e-02
3.580000000000000000e+02 1.607445548322123385e-01 5.000000000000000278e-02
3.590000000000000000e+02 1.679441840707307787e-01 5.000000000000000278e-02
3.600000000000000000e+02 1.750319259836236041e-01 3.245149743182527795e-03
3.610000000000000000e+02 1.815547301188555340e-01 3.198666295084451848e-03
3.620000000000000000e+02 1.878882884955013211e-01 3.145919792023217903e-03
3.630000000000000000e+02 1.940735269031288457e-01 3.102523748432780420e-03
3.640000000000000000e+02 2.001884829434312785e-01 3.107467487232500047e-03
3.650000000000000000e+02 2.065674149276164329e-01 3.076046936777430182e-03
3.660000000000000000e+02 2.136486818901036644e-01 3.090283110706959317e-03
3.670000000000000000e+02 2.211365955102148617e-01 3.096610583625308312e-03
3.680000000000000000e+02 2.285917370564503337e-01 3.123239750840265273e-03
3.690000000000000000e+02 2.360557014894245631e-01 3.147091718823999320e-03
3.700000000000000000e+02 2.432319318949876241e-01 3.163182441050676509e-03
3.710000000000000000e+02 2.500742258602988155e-01 3.197769933345613082e-03
3.720000000000000000e+02 2.568114329749316971e-01 5.160741162392631920e-02
3.730000000000000000e+02 2.637356984545068950e-01 5.208854954448767505e-02
3.740000000000000000e+02 2.707515285127243265e-01 5.136259119744125690e-02
3.750000000000000000e+02 2.775897129488409387e-01 5.016427551602889445e-02
3.760000000000000000e+02 2.843872384329789171e-01 4.874590246181614850e-02
3.770000000000000000e+02 2.913623382350473134e-01 4.815337938363391940e-02
3.780000000000000000e+02 2.987441720480960017e-01 4.857863029284353179e-02
3.790000000000000000e+02 3.060514667728868599e-01 4.891996545735832064e-02
3.800000000000000000e+02 3.128501067987777828e-01 4.939377783253106474e-02
3.810000000000000000e+02 3.192334772441426383e-01 5.041125560596129707e-02
3.820000000000000000e+02 3.256226610916718722e-01 5.061936082395892406e-02
3.830000000000000000e+02 3.323429643466139782e-01 4.978196900727061697e-02
3.840000000000000000e+02 3.390530294103791253e-01 4.941758508449638904e-02
3.850000000000000000e+02 3.457041833216363269e-01 4.992945482390152845e-02
3.860000000000000000e+02 3.530736760895964998e-01 5.060939777199491979e-02
3.870000000000000000e+02 3.610187587837119794e-01 5.036369636526751709e-02
3.880000000000000000e+02 3.682927359071567208e-01 4.932676902572629557e-02
3.890000000000000000e+02 3.745784556299936452e-01 4.916695264433665336e-02
3.900000000000000000e+02 3.803410668853391963e-01 5.045639837203178685e-02
3.910000000000000000e+02 3.859791238895445842e-01 5.188563277707495397e-02
3.920000000000000000e+02 3.919561785569941614e-01 5.186511371775982815e-02
3.930000000000000000e+02 3.980072088829748056e-01 4.226334161095237837e-03
3.940000000000000000e+02 4.035594439091911845e-01 5.132043885620401341e-02
3.950000000000000000e+02 4.086610411821195443e-01 5.079040605617612947e-02
3.960000000000000000e+02 4.135916266964504429e-01 4.806269209630778527e-02
3.970000000000000000e+02 4.183707043973351469e-01 4.576101757704304634e-02
3.980000000000000000e+02 4.229125295687908292e-01 4.658018329704105565e-02
3.990000000000000000e+02 4.280171317424052435e-01 4.881874623574684186e-02
4.000000000000000000e+02 4.327321607696441585e-01 4.999141264276830282e-02
4.010000000000000000e+02 4.376633659403412202e-01 4.534985523961043014e-03
4.020000000000000000e+02 4.429172426068532786e-01 4.580186704314709832e-03
4.030000000000000000e+02 4.479825749515283784e-01 4.629924945203075203e-03
4.040000000000000000e+02 4.526116405216391581e-01 4.669270998637327884e-03
4.050000000000000000e+02 4.572634198050728460e-01 4.719765107537298408e-03
4.060000000000000000e+02 4.617322432012844202e-01 4.764248870679911423e-03
4.070000000000000000e+02 4.650550766820199522e-01 5.187765232100421259e-02
4.080000000000000000e+02 4.672163832925427807e-01 5.158671813963014441e-02
4.090000000000000000e+02 4.679881375703910940e-01 5.018857463978430855e-02
4.100000000000000000e+02 4.687598918482393517e-01 4.910976777314911279e-02
4.110000000000000000e+02 4.695316461260876650e-01 4.897659782734502254e-02
4.120000000000000000e+02 4.726247229311609788e-01 4.935101880876748004e-02
4.130000000000000000e+02 4.761228612313410657e-01 4.966713823032405106e-02
4.140000000000000000e+02 4.797109348297253217e-01 4.985828907877120492e-02
4.150000000000000000e+02 4.829909559592058810e-01 4.951647663278034052e-03
4.160000000000000000e+02 4.859478797765725000e-01 4.976037281213050237e-03
4.170000000000000000e+02 4.888437347201858296e-01 5.006041550183143972e-03
4.180000000000000000e+02 4.918931364584644417e-01 5.033245331920943415e-03
4.190000000000000000e+02 4.954136572313384557e-01 5.069376692346185161e-03
4.200000000000000000e+02 4.994403768753031825e-01 5.111277126439788335e-03
4.210000000000000000e+02 5.032902562490856324e-01 5.145510781873143327e-03
4.220000000000000000e+02 5.056676054993478608e-01 5.172396173681012392e-03
4.230000000000000000e+02 5.085491702550397619e-01 5.196184799549271802e-03
4.240000000000000000e+02 5.110944078214898489e-01 5.221500495820555199e-03
4.250000000000000000e+02 5.134966636079169033e-01 5.248114569362079956e-03
4.260000000000000000e+02 5.158647848915324241e-01 5.269617296727136663e-03
4.270000000000000000e+02 5.181876197646881899e-01 5.296762542861557788e-03
4.280000000000000000e+02 5.202622044532201340e-01 5.313345115811670717e-03
4.290000000000000000e+02 5.221106712406528017e-01 5.336753551485591204e-03
4.300000000000000000e+02 5.238608000013217358e-01 5.352296281355772324e-03
4.310000000000000000e+02 5.255764217471351474e-01 4.934843450558912270e-02
4.320000000000000000e+02 5.274685934933525111e-01 4.990168246344027503e-02
4.330000000000000000e+02 5.281561943399307735e-01 4.966835820336638896e-02
4.340000000000000000e+02 5.288437951865091469e-01 4.897809148249719635e-02
4.350000000000000000e+02 5.295313960330874092e-01 4.917504385975610126e-02
4.360000000000000000e+02 5.315344019881529380e-01 4.996138956069883647e-02
4.370000000000000000e+02 5.333775932452274882e-01 5.024768715024440641e-02
4.380000000000000000e+02 5.351853347998769550e-01 5.444077425807214432e-03
4.390000000000000000e+02 5.369904437455144119e-01 5.464644740991952965e-03
4.400000000000000000e+02 5.387702095874884467e-01 5.478612811982084760e-03
4.410000000000000000e+02 5.404656336320909915e-01 5.496316016015525066e-03
4.420000000000000000e+02 5.418118497119409627e-01 5.508818262735097962e-03
4.430000000000000000e+02 5.428156510853762162e-01 5.516144115030180428e-03
4.440000000000000000e+02 5.438487461567768078e-01 5.528170139747682829e-03
4.450000000000000000e+02 5.450935311861458965e-01 5.535293924838298116e-03
4.460000000000000000e+02 5.458403246202077064e-01 5.545556202316030345e-03
4.470000000000000000e+02 5.468743560614218735e-01 5.553172333633653139e-03
4.480000000000000000e+02 5.479296654089049756e-01 5.563658050732950798e-03
4.490000000000000000e+02 5.489403736049628391e-01 5.575053711437155668e-03
4.500000000000000000e+02 5.498916282397933175e-01 5.579263115412475688e-03
4.510000000000000000e+02 5.509084692618340107e-01 5.593244893411872080e-03
4.520000000000000000e+02 5.520067094046549050e-01 5.600708495289859722e-03
4.530000000000000000e+02 5.531147465644439265e-01 5.611448072699328979e-03
4.540000000000000000e+02 5.542283671300708425e-01 5.623835542899215806e-03
4.550000000000000000e+02 5.552235656281796494e-01 5.629346170147839744e-03
4.560000000000000000e+02 5.560990685545581513e-01 5.641301385822587028e-03
4.570000000000000000e+02 5.569740780275329595e-01 5.646424721948900549e-03
4.580000000000000000e+02 5.578657608633409426e-01 5.656072832284904026e-03
4.590000000000000000e+02 5.587358700524550637e-01 5.663230188444417189e-03
4.600000000000000000e+02 5.595929610259217091e-01 5.672404417951748545e-03
4.610000000000000000e+02 5.604502589923445743e-01 5.682805224424153714e-03
4.620000000000000000e+02 5.612963609099697049e-01 5.685449079818240097e-03
4.630000000000000000e+02 5.621189038239693403e-01 5.696983995913551362e-03
4.640000000000000000e+02 5.628782027918172171e-01 5.700918367847996986e-03
4.650000000000000000e+02 5.636585485172245225e-01 5.709082702967096731e-03
4.660000000000000000e+02 5.645229178326981456e-01 5.719412084461552442e-03
4.670000000000000000e+02 5.655094625724023105e-01 5.725324692941127606e-03
4.680000000000000000e+02 5.665796689234738892e-01 5.738796877343802644e-03
4.690000000000000000e+02 5.677237350888908463e-01 5.747028998354956376e-03
4.700000000000000000e+02 5.688417485876959834e-01 5.759526009612758561e-03
4.710000000000000000e+02 5.698347448025576911e-01 5.770136817793028103e-03
4.720000000000000000e+02 5.706199623443286573e-01 5.776415176988743995e-03
4.730000000000000000e+02 5.711939988938871116e-01 5.784125735154622278e-03
4.740000000000000000e+02 5.717664090572849300e-01 5.786407899049742128e-03
4.750000000000000000e+02 5.730625775993111182e-01 5.801392409453339991e-03
4.760000000000000000e+02 5.740012881918319376e-01 5.809504114295753474e-03
4.770000000000000000e+02 5.748272989793841159e-01 5.816232397517855611e-03
4.780000000000000000e+02 5.756217616386657410e-01 5.826869877535935556e-03
4.790000000000000000e+02 5.765238176331736186e-01 5.831718526899682363e-03
4.800000000000000000e+02 5.775530234460516388e-01 5.845312705418297637e-03
4.810000000000000000e+02 5.785724814983015385e-01 5.853281052016997589e-03
4.820000000000000000e+02 5.795296618755523266e-01 5.864228713447862396e-03
4.830000000000000000e+02 5.803495796181900035e-01 5.111446749160469122e-02
4.840000000000000000e+02 5.810200700711003474e-01 5.097142072757316483e-02
4.850000000000000000e+02 5.812085321889660650e-01 5.012530752059683042e-02
4.860000000000000000e+02 5.813969943068318935e-01 4.931931317663169889e-02
4.870000000000000000e+02 5.815854564246976111e-01 4.954030814539981536e-02
4.880000000000000000e+02 5.820228146317680817e-01 5.010068302096556958e-02
4.890000000000000000e+02 5.823730760556394825e-01 5.019341886437821143e-02
4.900000000000000000e+02 5.827005155788139712e-01 5.014148561112145158e-02
4.910000000000000000e+02 5.830431602918897394e-01 5.893987807727150627e-03
4.920000000000000000e+02 5.834761739474915165e-01 5.900910962558295753e-03
4.930000000000000000e+02 5.840480316458175336e-01 5.904930975275318912e-03
4.940000000000000000e+02 5.847703867897362517e-01 5.910937297887193000e-03
4.950000000000000000e+02 5.855957821356853055e-01 5.921144549839297069e-03
4.960000000000000000e+02 5.864511438572815871e-01 5.927369471395780957e-03
4.970000000000000000e+02 5.871581660119332691e-01 5.937155023788972912e-03
4.980000000000000000e+02 5.870280638409716145e-01 5.932415046538183807e-03
4.990000000000000000e+02 5.872244036988059079e-01 5.937594331137822923e-03
5.000000000000000000e+02 5.875086956022695928e-01 5.938673747910581772e-03
5.010000000000000000e+02 5.877889469804082889e-01 5.940964646734609410e-03
5.020000000000000000e+02 5.879273568455503085e-01 5.944444429092234083e-03
5.030000000000000000e+02 5.879045722236738714e-01 5.939128130504918619e-03
5.040000000000000000e+02 5.878431947429352267e-01 5.942409992351260252e-03
5.050000000000000000e+02 5.878157921644361350e-01 5.940036269452744072e-03
5.060000000000000000e+02 5.879563687808105898e-01 5.940531461351187051e-03
5.070000000000000000e+02 5.882293373286051619e-01 5.944858003314315749e-03
5.080000000000000000e+02 5.884646825376417256e-01 5.944659943940969367e-03
5.090000000000000000e+02 5.886669862091569172e-01 5.949143782325900728e-03
5.100000000000000000e+02 5.888710369466535477e-01 5.948787017334718381e-03
5.110000000000000000e+02 5.890670489555521749e-01 5.951328564418576633e-03
5.120000000000000000e+02 5.892191224372937963e-01 5.952380142026761183e-03
5.130000000000000000e+02 5.892350051586564552e-01 5.952266576882509971e-03
5.140000000000000000e+02 5.891323412690657735e-01 5.953934813142691337e-03
5.150000000000000000e+02 5.890446902958917930e-01 5.949107363648190039e-03
5.160000000000000000e+02 5.891690743357490545e-01 5.954195050768965221e-03
5.170000000000000000e+02 5.894583655902609909e-01 5.955028783552900745e-03
5.180000000000000000e+02 5.897144195090815444e-01 5.957065633397387594e-03
5.190000000000000000e+02 5.899017528037554525e-01 5.960725875891029896e-03
5.200000000000000000e+02 5.900269676203491187e-01 5.958334509407941203e-03
5.210000000000000000e+02 5.901243949755339280e-01 5.962500535615898774e-03
5.220000000000000000e+02 5.902263479154042924e-01 5.960078011328084902e-03
5.230000000000000000e+02 5.903913888702503332e-01 5.962969542693031394e-03
5.240000000000000000e+02 5.906597671129490967e-01 5.965116669211898912e-03
5.250000000000000000e+02 5.910060828246533893e-01 5.968300672123423058e-03
5.260000000000000000e+02 5.914101192514079619e-01 5.975039293244496091e-03
5.270000000000000000e+02 5.917994493488418772e-01 5.974389261597608247e-03
5.280000000000000000e+02 5.921548624852587261e-01 5.981894097516038400e-03
5.290000000000000000e+02 5.926120415717668344e-01 5.984367435605933254e-03
5.300000000000000000e+02 5.931188791583643649e-01 5.989078696046209495e-03
5.310000000000000000e+02 5.935854852473887444e-01 5.995935394737547317e-03
5.320000000000000000e+02 5.939296873847730307e-01 5.996716369755579479e-03
5.330000000000000000e+02 5.942648364874438816e-01 6.003055688852580209e-03
5.340000000000000000e+02 5.947876155467488601e-01 6.005262060945462145e-03
5.350000000000000000e+02 5.954650378765108387e-01 6.013292853927794737e-03
5.360000000000000000e+02 5.961863231643581562e-01 6.020498217616516816e-03
5.370000000000000000e+02 5.968362971597060973e-01 6.025800255230986946e-03
5.380000000000000000e+02 5.973930730301652003e-01 6.034362880014710988e-03
5.390000000000000000e+02 5.979801307444773117e-01 6.036809442322425834e-03
5.400000000000000000e+02 5.985807514097387649e-01 6.045311113506982720e-03
5.410000000000000000e+02 5.991017698921897727e-01 6.048509655252480403e-03
5.420000000000000000e+02 5.995532661979445788e-01 6.054555506316044305e-03
5.430000000000000000e+02 6.000323117013250940e-01 6.061103780780262469e-03
5.440000000000000000e+02 6.005367009921345200e-01 6.062616037959045467e-03
5.450000000000000000e+02 6.010523301859935774e-01 6.070860657549536493e-03
5.460000000000000000e+02 6.016179377800520145e-01 6.073666643116645142e-03
5.470000000000000000e+02 6.021413884638199265e-01 6.080054035251457670e-03
5.480000000000000000e+02 6.026424289315308602e-01 6.085150919305717596e-03
5.490000000000000000e+02 6.031879730413780560e-01 6.090355700900680798e-03
5.500000000000000000e+02 6.037042153678945366e-01 6.098423430025820026e-03
5.510000000000000000e+02 6.042270074293026871e-01 6.102614795406959176e-03
5.520000000000000000e+02 6.047998119778910109e-01 6.111020685460219828e-03
5.530000000000000000e+02 6.054530266602401456e-01 6.115444770310366103e-03
5.540000000000000000e+02 6.061597009048852458e-01 6.123989775208571636e-03
5.550000000000000000e+02 6.067313792358532964e-01 6.130947047506025462e-03
5.560000000000000000e+02 6.070952931561480748e-01 6.131600307052436499e-03
5.570000000000000000e+02 6.074196834244944831e-01 6.138654794326027161e-03
5.580000000000000000e+02 6.077162304714599506e-01 6.138414172347863434e-03
5.590000000000000000e+02 6.080747500948031625e-01 6.143505910347799373e-03
5.600000000000000000e+02 6.084863377131793927e-01 6.148174927440513450e-03
5.610000000000000000e+02 6.089372873541957221e-01 6.151401934924557828e-03
5.620000000000000000e+02 6.095060130188553194e-01 6.159386595976520072e-03
5.630000000000000000e+02 6.101782386305826256e-01 6.163695175339928625e-03
5.640000000000000000e+02 6.108500047855892623e-01 6.172315843940373581e-03
5.650000000000000000e+02 6.114787609082568132e-01 6.176436485816519384e-03
5.660000000000000000e+02 6.120877130204648298e-01 6.184615086395175813e-03
5.670000000000000000e+02 6.126924783603026059e-01 6.191238805539432850e-03
5.680000000000000000e+02 6.133561825151364610e-01 6.195031612027369905e-03
5.690000000000000000e+02 6.140702204579195911e-01 6.205790068847478157e-03
5.700000000000000000e+02 6.148809968617944266e-01 6.210812662525554834e-03
5.710000000000000000e+02 6.157085582076810004e-01 6.221899985440961824e-03
5.720000000000000000e+02 6.165304348212723440e-01 6.229092196236648768e-03
5.730000000000000000e+02 6.173255484488979761e-01 6.237501363285991897e-03
5.740000000000000000e+02 6.180834759195164008e-01 6.246512117817827614e-03
5.750000000000000000e+02 6.187763675833444221e-01 6.250821275288130988e-03
5.760000000000000000e+02 6.194390850050245367e-01 6.260080512829010492e-03
5.770000000000000000e+02 6.201110163737895142e-01 6.264477243910757977e-03
5.780000000000000000e+02 6.207871111948389808e-01 6.272471991465822586e-03
5.790000000000000000e+02 6.215054061016507259e-01 6.279683479944097799e-03
5.800000000000000000e+02 6.221705782930108120e-01 6.284203425641395752e-03
5.810000000000000000e+02 6.227439910518479671e-01 6.292827027836114459e-03
5.820000000000000000e+02 6.232933827692496154e-01 6.294783306282126373e-03
5.830000000000000000e+02 6.238688951126081239e-01 6.302865488920269231e-03
5.840000000000000000e+02 6.244221303335758533e-01 6.307270202969233672e-03
5.850000000000000000e+02 6.249268685119802047e-01 6.312669497393773657e-03
5.860000000000000000e+02 6.254279262642716830e-01 6.318611789049391816e-03
5.870000000000000000e+02 6.259064711911102030e-01 6.321795513502199808e-03
5.880000000000000000e+02 6.263536415944570557e-01 6.328886176698753432e-03
5.890000000000000000e+02 6.268047204693047991e-01 6.330906899802454628e-03
5.900000000000000000e+02 6.271946634374898633e-01 6.336062081851768363e-03
5.910000000000000000e+02 6.274821605052589568e-01 6.338433739241013977e-03
5.920000000000000000e+02 6.278019194855732898e-01 6.341187091445323401e-03
5.930000000000000000e+02 6.281557821673333653e-01 6.346481305914448458e-03
5.940000000000000000e+02 6.285627047813423518e-01 6.347694999483525537e-03
5.950000000000000000e+02 6.290408714031477944e-01 6.355052217148815345e-03
5.960000000000000000e+02 6.295859910076259114e-01 6.359068109686226086e-03
5.970000000000000000e+02 6.301411586816993982e-01 6.364512111868857180e-03
5.980000000000000000e+02 6.307645414543395779e-01 6.372410048322937892e-03
5.990000000000000000e+02 6.313474172036322996e-01 6.376075471571387987e-03
6.000000000000000000e+02 6.318787200002508042e-01 6.383556322256427572e-03
6.010000000000000000e+02 6.324529422748761398e-01 6.386882968989811109e-03
6.020000000000000000e+02 6.331385491086843897e-01 6.395898874736734123e-03
6.030000000000000000e+02 6.338970461402411161e-01 6.402023220249898790e-03
6.040000000000000000e+02 6.346191755230536913e-01 6.409390690866807391e-03
6.050000000000000000e+02 6.353368955440078514e-01 6.417544944184820459e-03
6.060000000000000000e+02 6.360323917322655563e-01 6.422578743156734035e-03
6.070000000000000000e+02 6.367304429771958318e-01 6.431654229265214642e-03
6.080000000000000000e+02 6.374736250826260608e-01 6.438243937026264484e-03
6.090000000000000000e+02 6.382238447339699805e-01 6.445338174112360055e-03
6.100000000000000000e+02 6.389860023426240376e-01 6.452931512348891903e-03
6.110000000000000000e+02 6.397595041816023231e-01 6.460769672199020291e-03
6.120000000000000000e+02 6.404399788692629603e-01 6.469247785968744967e-03
6.130000000000000000e+02 6.410074306969620883e-01 6.472349755268121986e-03
6.140000000000000000e+02 6.414980704831335645e-01 6.479550320926682518e-03
6.150000000000000000e+02 6.418924277880373452e-01 6.481402132074253267e-03
6.160000000000000000e+02 6.421605634735192414e-01 6.484265716275390903e-03
6.170000000000000000e+02 6.423534803889957567e-01 6.486938130736209437e-03
6.180000000000000000e+02 6.425987604134856257e-01 6.488255533522850962e-03
6.190000000000000000e+02 6.428354910276410372e-01 6.491870000782476793e-03
6.200000000000000000e+02 6.431223753404723409e-01 6.492329089250481813e-03
6.210000000000000000e+02 6.435587295909833694e-01 6.498902505060973923e-03
6.220000000000000000e+02 6.441760817195758548e-01 6.503756241055484028e-03
6.230000000000000000e+02 6.449322266698425121e-01 6.511739192750753621e-03
6.240000000000000000e+02 6.457363239496264340e-01 6.521065132103831714e-03
6.250000000000000000e+02 6.465301684951907379e-01 6.527794983642741002e-03
6.260000000000000000e+02 6.472750282005460543e-01 6.537577993316331243e-03
6.270000000000000000e+02 6.479926394209616358e-01 6.543056469500570585e-03
6.280000000000000000e+02 6.486310001812392034e-01 6.550553890809162304e-03
6.290000000000000000e+02 6.491879411455333537e-01 6.555381874113645063e-03
6.300000000000000000e+02 6.497121805951108220e-01 6.561550729063781763e-03
6.310000000000000000e+02 6.502295972432792226e-01 6.566381533992761942e-03
6.320000000000000000e+02 6.508043163725658609e-01 6.570307459498376905e-03
6.330000000000000000e+02 6.515157698774862727e-01 6.579619921327519577e-03
6.340000000000000000e+02 6.523753021824305609e-01 6.586151836286201905e-03
6.350000000000000000e+02 6.533584036066930611e-01 6.596198088778089212e-03
6.360000000000000000e+02 6.544274455815813907e-01 6.607189096597168056e-03
6.370000000000000000e+02 6.555582687285268495e-01 6.619220179874058668e-03
6.380000000000000000e+02 6.567643561815936781e-01 6.631845882158138999e-03
6.390000000000000000e+02 6.579018819548284602e-01 6.641893377866825779e-03
6.400000000000000000e+02 6.590335210454142389e-01 6.655284065562806078e-03
6.410000000000000000e+02 6.600641947943542975e-01 6.664036659981989116e-03
6.420000000000000000e+02 6.606547011114001222e-01 6.670485475964866781e-03
6.430000000000000000e+02 6.607881446052770169e-01 6.671806854671532075e-03
6.440000000000000000e+02 6.607533759560614284e-01 6.671251234048862326e-03
6.450000000000000000e+02 6.615883905610973059e-01 6.680812593440778671e-03
6.460000000000000000e+02 6.622196593821699784e-01 6.684681939891377010e-03
6.470000000000000000e+02 6.627186444161357048e-01 6.691253589015933555e-03
6.480000000000000000e+02 6.633382798925586687e-01 6.696039020644284009e-03
6.490000000000000000e+02 6.641403160536610839e-01 6.704144277922762483e-03
6.500000000000000000e+02 6.650992815164642469e-01 6.713920476917050947e-03
6.510000000000000000e+02 6.661669180681726310e-01 6.724806451318289871e-03
6.520000000000000000e+02 6.672108526407355411e-01 6.737630592428072406e-03
6.530000000000000000e+02 6.681562092081642090e-01 5.132884336244770279e-02
6.540000000000000000e+02 6.689276215273242121e-01 5.138603680205007518e-02
6.550000000000000000e+02 6.691343226943455846e-01 5.079550161449473272e-02
6.560000000000000000e+02 6.693410238613669572e-01 5.010289426254570244e-02
6.570000000000000000e+02 6.695477250283883297e-01 4.995582953392707637e-02
6.580000000000000000e+02 6.701234725961964234e-01 5.033606183996715278e-02
6.590000000000000000e+02 6.707416718289742619e-01 5.061416583506830880e-02
6.600000000000000000e+02 6.714228845285461489e-01 5.051696493872046001e-02
6.610000000000000000e+02 6.721175588292759295e-01 6.784751228127445209e-03
6.620000000000000000e+02 6.728967590135300769e-01 6.791557800263079044e-03
6.630000000000000000e+02 6.736705184927745949e-01 6.800716609275254433e-03
6.640000000000000000e+02 6.744545841708448064e-01 6.808604936907546555e-03
6.650000000000000000e+02 6.754853520954725576e-01 6.817289989115063974e-03
6.660000000000000000e+02 6.767692562849529914e-01 6.832264909066602596e-03
6.670000000000000000e+02 6.781390385604859627e-01 6.844838078817722105e-03
6.680000000000000000e+02 6.787017598208912039e-01 6.852216699407213084e-03
6.690000000000000000e+02 6.796563340744516957e-01 6.860962412807524238e-03
6.700000000000000000e+02 6.809206095704074535e-01 6.874346765921575224e-03
6.710000000000000000e+02 6.821794865899695193e-01 6.888089471383445316e-03
6.720000000000000000e+02 6.831973894951944848e-01 6.895894331605458005e-03
6.730000000000000000e+02 6.837514059131893918e-01 6.903184652138485283e-03
6.740000000000000000e+02 6.838038805242065976e-01 6.902758617212918953e-03
6.750000000000000000e+02 6.837374208459342517e-01 6.902824925703382984e-03
6.760000000000000000e+02 6.842051279790953844e-01 6.907457319674596349e-03
6.770000000000000000e+02 6.842424338585824106e-01 6.908061806433205866e-03
6.780000000000000000e+02 6.840923133867536921e-01 6.907604638675879892e-03
6.790000000000000000e+02 6.839869982411491689e-01 6.903712708260599691e-03
6.800000000000000000e+02 6.841072088602655477e-01 6.906092819421812481e-03
6.810000000000000000e+02 6.845199453669039702e-01 6.908745507927523816e-03
6.820000000000000000e+02 6.850829951962278397e-01 6.916092141021011261e-03
6.830000000000000000e+02 6.857020301962739595e-01 6.921903589754130164e-03
6.840000000000000000e+02 6.863286278535445373e-01 6.931235218501031504e-03
6.850000000000000000e+02 6.869707171442112070e-01 6.942006055797094941e-03
6.860000000000000000e+02 6.871816458496758928e-01 1.214879085911864387e-02
6.870000000000000000e+02 6.873925745551405786e-01 1.206249210864222474e-02
6.880000000000000000e+02 6.876035032606052644e-01 6.954298363899719636e-03
6.890000000000000000e+02 6.882210071397866225e-01 6.961255510164779739e-03
6.900000000000000000e+02 6.888245586047919700e-01 6.962899778625932651e-03
6.910000000000000000e+02 6.893131963305336729e-01 6.965876532750064735e-03
6.920000000000000000e+02 6.896330679636262229e-01 6.967500734137015671e-03
6.930000000000000000e+02 6.898344731601168123e-01 6.965436186387376216e-03
6.940000000000000000e+02 6.899694649204979324e-01 6.967655649496170937e-03
6.950000000000000000e+02 6.902290363265168871e-01 6.968860474895860815e-03
6.960000000000000000e+02 6.907975978448455123e-01 6.976162126351788569e-03
6.970000000000000000e+02 6.917490313103131783e-01 6.984286988278882481e-03
6.980000000000000000e+02 6.928312311712191418e-01 6.996270449941374703e-03
6.990000000000000000e+02 6.933975842065258632e-01 7.003321276015469013e-03
7.000000000000000000e+02 6.944602148985545842e-01 7.011986451163299862e-03
7.010000000000000000e+02 6.957809203556637456e-01 7.028202979297930829e-03
7.020000000000000000e+02 6.970992156966007158e-01 7.038972765946174652e-03
7.030000000000000000e+02 6.981298387151692042e-01 7.051707337086906939e-03
7.040000000000000000e+02 6.986981026713504628e-01 7.055704143219628313e-03
7.050000000000000000e+02 6.989305965068034476e-01 7.058800510527311022e-03
7.060000000000000000e+02 6.989638107980870041e-01 7.060329086442249796e-03
7.070000000000000000e+02 6.990140596722672628e-01 7.058782895102427499e-03
7.080000000000000000e+02 6.991228427146687352e-01 7.062687802051942874e-03
7.090000000000000000e+02 6.992381551537550921e-01 7.061665339732270050e-03
7.100000000000000000e+02 6.992517393920183455e-01 7.063460943232987947e-03
7.110000000000000000e+02 6.990831100432092216e-01 7.060393968639042117e-03
7.120000000000000000e+02 6.988184936504542311e-01 7.058166050429392699e-03
7.130000000000000000e+02 6.985805117889960503e-01 7.056886397926801814e-03
7.140000000000000000e+02 6.984351845219598509e-01 7.053695929048885149e-03
7.150000000000000000e+02 6.983370673907789428e-01 7.056060608594935148e-03
7.160000000000000000e+02 6.982100578883186914e-01 7.053028472827307938e-03
7.170000000000000000e+02 6.980814718449465106e-01 7.053901421101948892e-03
7.180000000000000000e+02 6.980295334004161800e-01 7.052441472760201217e-03
7.190000000000000000e+02 6.980176923830108127e-01 7.053245974806140843e-03
7.200000000000000000e+02 6.980259398221774214e-01 7.054413888606638622e-03
7.210000000000000000e+02 6.981082992952959421e-01 7.052755103562515296e-03
7.220000000000000000e+02 6.982439899785074511e-01 7.057159412960478662e-03
7.230000000000000000e+02 6.982475557204534944e-01 7.054894632672305092e-03
7.240000000000000000e+02 6.981299762389210350e-01 7.055792297942833566e-03
7.250000000000000000e+02 6.980783325693031838e-01 7.053268880795823120e-03
7.260000000000000000e+02 6.981295787579447909e-01 7.055059784128864080e-03
7.270000000000000000e+02 6.982733815921428056e-01 7.057715759944894335e-03
7.280000000000000000e+02 6.984007907939779880e-01 7.056498657475239640e-03
7.290000000000000000e+02 6.984475440922899292e-01 7.059787711143106735e-03
7.300000000000000000e+02 6.984960093247115642e-01 7.057810758404423762e-03
7.310000000000000000e+02 6.986321403025362864e-01 7.060960328515723979e-03
7.320000000000000000e+02 6.988879364716432674e-01 7.061083412879073928e-03
7.330000000000000000e+02 6.992423716830522551e-01 7.065800306906146883e-03
7.340000000000000000e+02 6.995957580990893598e-01 7.070714169395420946e-03
7.350000000000000000e+02 6.998278694294486346e-01 7.070829927696764723e-03
7.360000000000000000e+02 7.000053880106184012e-01 7.075620116093850158e-03
7.370000000000000000e+02 7.001458971497498407e-01 7.074476897727474504e-03
7.380000000000000000e+02 7.002145346206196663e-01 7.077307073318403127e-03
7.390000000000000000e+02 7.001699967365551114e-01 7.074971732230593210e-03
7.400000000000000000e+02 6.999657776490960659e-01 7.074165019478593532e-03
7.410000000000000000e+02 6.997963544521749180e-01 7.072970241722611150e-03
7.420000000000000000e+02 6.999023307943880168e-01 7.073378020187212969e-03
7.430000000000000000e+02 7.004063861456070184e-01 7.080706583035702162e-03
7.440000000000000000e+02 7.013818049593366633e-01 7.087927196631252889e-03
7.450000000000000000e+02 7.023508142621228689e-01 7.099847505496185984e-03
7.460000000000000000e+02 7.024147536276504900e-01 7.098356267435071594e-03
7.470000000000000000e+02 7.008056683997389014e-01 7.083683162703610474e-03
7.480000000000000000e+02 6.976027008594535284e-01 7.052231807428347224e-03
7.490000000000000000e+02 6.959696767933076789e-01 7.035532588599840466e-03
7.500000000000000000e+02 6.933890128337879544e-01 7.011578415828779477e-03
7.510000000000000000e+02 6.915895465538857145e-01 6.990430088799882979e-03
7.520000000000000000e+02 6.904379987864719403e-01 4.949820643065046266e-02
7.530000000000000000e+02 6.898316512687807656e-01 4.879907886328069266e-02
7.540000000000000000e+02 6.896622299202719297e-01 4.822579177639135101e-02
7.550000000000000000e+02 6.897262537740491695e-01 4.837528591637806769e-02
7.560000000000000000e+02 6.898597616204787952e-01 4.972818148660667487e-02
7.570000000000000000e+02 6.898860033730637165e-01 5.229736234979321524e-02
7.580000000000000000e+02 6.897810175686569512e-01 5.493757460807496829e-02
7.590000000000000000e+02 6.897285195383866530e-01 5.487410906523300380e-02
7.600000000000000000e+02 6.896760215081164658e-01 5.286224576257212565e-02
7.610000000000000000e+02 6.896235234778461676e-01 5.221126233099802894e-02
7.620000000000000000e+02 6.895723240844324753e-01 5.368446142420142675e-02
7.630000000000000000e+02 6.895211246910186720e-01 5.502127861440807288e-02
7.640000000000000000e+02 6.894699252976049797e-01 5.385045812686647254e-02
7.650000000000000000e+02 6.893575196899877078e-01 5.254347470409687082e-02
7.660000000000000000e+02 6.891835991420588448e-01 5.148864778609892057e-02
7.670000000000000000e+02 6.886803881433007923e-01 5.059264015787706681e-02
7.680000000000000000e+02 6.877280930261603364e-01 4.983660190078727237e-02
7.690000000000000000e+02 6.864234847110521898e-01 4.935909691202169242e-02
7.700000000000000000e+02 6.852291927098130842e-01 4.915344403414851487e-02
7.710000000000000000e+02 6.849464437608345779e-01 4.926451437120264037e-02
7.720000000000000000e+02 6.862490497642900200e-01 4.963806298878221945e-02
7.730000000000000000e+02 6.890905270156517659e-01 6.972598012520626887e-03
7.740000000000000000e+02 6.903794392410265157e-01 6.983037594737908325e-03
7.750000000000000000e+02 6.926464184204728092e-01 7.008321311918195781e-03
7.760000000000000000e+02 6.941310914128002718e-01 7.022656424890392352e-03
7.770000000000000000e+02 6.949089513605629653e-01 7.031391298144740350e-03
7.780000000000000000e+02 6.950605965758174243e-01 7.033366167217121323e-03
7.790000000000000000e+02 6.946884321359326764e-01 7.029347145083503397e-03
7.800000000000000000e+02 6.939989727843309808e-01 7.025087782264211045e-03
7.810000000000000000e+02 6.931891030278914956e-01 7.012534464024659797e-03
7.820000000000000000e+02 6.924477519101588374e-01 7.008971721537944101e-03
7.830000000000000000e+02 6.919332766372732202e-01 7.001239601869253468e-03
7.840000000000000000e+02 6.915693791777440813e-01 6.999736863465202442e-03
7.850000000000000000e+02 6.912607642089226845e-01 6.996722981484318656e-03
7.860000000000000000e+02 6.910155465767492400e-01 6.994305858365412742e-03
7.870000000000000000e+02 6.907903886740005550e-01 6.994302536822108451e-03
7.880000000000000000e+02 6.905490958390780865e-01 6.987922800972937859e-03
7.890000000000000000e+02 6.902539689155345881e-01 6.989928829736968656e-03
7.900000000000000000e+02 6.898351452611529711e-01 6.982288397073556016e-03
7.910000000000000000e+02 6.894117567664730384e-01 6.979885441053946746e-03
7.920000000000000000e+02 6.889970267899488965e-01 6.977114675975545910e-03
7.930000000000000000e+02 6.886904843255869935e-01 6.973042044229801721e-03
7.940000000000000000e+02 6.885136837780242436e-01 6.972997398589774777e-03
7.950000000000000000e+02 6.883635337487482575e-01 6.969287642191298628e-03
7.960000000000000000e+02 6.881625665087593990e-01 6.972151224973796753e-03
7.970000000000000000e+02 6.878561212359796118e-01 6.964228308229964380e-03
7.980000000000000000e+02 6.876087744567114246e-01 6.963820343790725828e-03
7.990000000000000000e+02 6.874491381799057166e-01 6.963075317561004396e-03
8.000000000000000000e+02 6.873283898570282657e-01 6.960308919623862424e-03
8.010000000000000000e+02 6.868036287138428175e-01 6.957520539029433959e-03
8.020000000000000000e+02 6.863593317107311575e-01 6.951623816195681878e-03
8.030000000000000000e+02 6.860045675420822775e-01 6.952053358902124738e-03
8.040000000000000000e+02 6.857505576577062056e-01 6.943814376525212460e-03
8.050000000000000000e+02 6.855122426335227281e-01 6.946093958154649778e-03
8.060000000000000000e+02 6.852696919844868395e-01 6.941999445171305114e-03
8.070000000000000000e+02 6.850760315964131708e-01 6.941490657588246689e-03
8.080000000000000000e+02 6.848371009689614430e-01 6.940187890407422712e-03
8.090000000000000000e+02 6.845093164332638480e-01 6.935425233270701637e-03
8.100000000000000000e+02 6.841479966091721376e-01 6.934632793148551647e-03
8.110000000000000000e+02 6.841309135799605867e-01 1.210591072327120606e-02
8.120000000000000000e+02 6.841138305507491468e-01 1.212816237280626812e-02
8.130000000000000000e+02 6.840967475215375959e-01 1.216252095514164765e-02
8.140000000000000000e+02 6.840796644923261560e-01 1.216786635470823441e-02
8.150000000000000000e+02 6.840625814631146051e-01 1.217978115069646809e-02
8.160000000000000000e+02 6.840454984339030542e-01 1.222017293383692409e-02
8.170000000000000000e+02 6.840284154046916143e-01 1.224270279215846323e-02
8.180000000000000000e+02 6.840113323754800634e-01 1.225599751143133069e-02
8.190000000000000000e+02 6.839942493462686235e-01 1.227189810089306284e-02
8.200000000000000000e+02 6.839771663170570726e-01 1.226985186527793960e-02
8.210000000000000000e+02 6.839600832878455217e-01 1.223382564378504463e-02
8.220000000000000000e+02 6.839430002586340818e-01 1.218772147023252164e-02
8.230000000000000000e+02 6.839259172294225309e-01 1.215612196023910241e-02
8.240000000000000000e+02 6.839088342002110910e-01 1.215447979013088882e-02
8.250000000000000000e+02 6.838917511709995400e-01 1.216679271441720167e-02
8.260000000000000000e+02 6.838746681417879891e-01 1.218604661085968995e-02
8.270000000000000000e+02 6.838575851125765492e-01 1.219518578682883894e-02
8.280000000000000000e+02 6.838405020833649983e-01 1.220604764522406453e-02
8.290000000000000000e+02 6.838234190541535584e-01 1.221435314573134957e-02
8.300000000000000000e+02 6.838063360249420075e-01 6.938583268278567667e-03
8.310000000000000000e+02 6.834801850216691843e-01 6.935964459290128691e-03
8.320000000000000000e+02 6.832490506173773959e-01 6.931784826726300128e-03
8.330000000000000000e+02 6.830230670409511706e-01 6.930943754520521756e-03
8.340000000000000000e+02 6.826491936522736115e-01 6.924337527744075030e-03
8.350000000000000000e+02 6.821879688674206133e-01 6.925647044049662408e-03
8.360000000000000000e+02 6.817066208171896902e-01 6.914154648294546998e-03
8.370000000000000000e+02 6.812199750933748410e-01 6.914495819194505302e-03
8.380000000000000000e+02 6.806244500600513447e-01 6.907991510900112625e-03
8.390000000000000000e+02 6.800113551776387766e-01 6.899969803232408258e-03
8.400000000000000000e+02 6.793861459737225994e-01 6.895265989074772853e-03
8.410000000000000000e+02 6.791250772284221915e-01 6.891614569664254036e-03
8.420000000000000000e+02 6.787660357925731081e-01 6.891618701407649372e-03
8.430000000000000000e+02 6.784362458165532628e-01 6.883149846180896918e-03
8.440000000000000000e+02 6.780192003216249930e-01 6.884891548567471584e-03
8.450000000000000000e+02 6.774495275093908031e-01 6.876898546792526400e-03
8.460000000000000000e+02 6.766287627389283577e-01 6.869043481870000523e-03
8.470000000000000000e+02 6.754948535027957002e-01 6.858171436230835888e-03
8.480000000000000000e+02 6.742509592337601054e-01 6.845059766785750906e-03
8.490000000000000000e+02 6.731212893971904032e-01 6.836114483476630165e-03
8.500000000000000000e+02 6.721816280379335762e-01 6.824072200022184183e-03
8.510000000000000000e+02 6.713948775431483051e-01 6.822995377957045103e-03
8.520000000000000000e+02 6.705236300749485290e-01 6.808020587720202930e-03
8.530000000000000000e+02 6.694941748038756302e-01 6.803364055387649441e-03
8.540000000000000000e+02 6.684259078259653375e-01 6.792149054037164430e-03
8.550000000000000000e+02 6.673732763396047485e-01 6.779381817405047417e-03
8.560000000000000000e+02 6.663723842866390301e-01 6.770394273536930844e-03
8.570000000000000000e+02 6.654455880055085704e-01 6.759564189826788860e-03
8.580000000000000000e+02 6.644912325231895345e-01 6.752660705142460654e-03
8.590000000000000000e+02 6.634901813652658298e-01 6.739479720890498814e-03
8.600000000000000000e+02 6.624696560145882929e-01 6.733521765631270313e-03
8.610000000000000000e+02 6.614859747265123824e-01 6.719370344813947044e-03
8.620000000000000000e+02 6.606332648422927889e-01 6.714601461102168330e-03
8.630000000000000000e+02 6.598636286031391851e-01 6.706544634737485709e-03
8.640000000000000000e+02 6.589639487172764820e-01 6.696525581630082685e-03
8.650000000000000000e+02 6.578572433280465148e-01 6.689854112718914350e-03
8.660000000000000000e+02 6.567323487130712900e-01 6.675432204974666821e-03
8.670000000000000000e+02 6.557517838598687643e-01 6.672241994102959435e-03
8.680000000000000000e+02 6.550013935860962144e-01 6.656970058237299433e-03
8.690000000000000000e+02 6.543630588787633373e-01 6.657016109123498407e-03
8.700000000000000000e+02 6.536675825974227472e-01 6.646806337033170364e-03
8.710000000000000000e+02 6.528347030158185849e-01 6.638775119661824257e-03
8.720000000000000000e+02 6.519092642272883431e-01 6.630086787427459487e-03
8.730000000000000000e+02 6.509722222265706959e-01 6.619669323994542033e-03
8.740000000000000000e+02 6.500114274642196932e-01 6.613333454246305386e-03
8.750000000000000000e+02 6.490808206625232613e-01 6.601397739442539485e-03
8.760000000000000000e+02 6.482110866216572731e-01 6.597976667200649084e-03
8.770000000000000000e+02 6.473118605637377954e-01 6.583656914670947720e-03
8.780000000000000000e+02 6.464004359303308078e-01 6.579224415708594120e-03
8.790000000000000000e+02 6.455949260355530184e-01 6.572379380473048621e-03
8.800000000000000000e+02 6.448228017537127599e-01 6.561434553547042942e-03
8.810000000000000000e+02 6.439165694844048993e-01 6.554179894150576752e-03
8.820000000000000000e+02 6.428923277745925979e-01 6.542886221070678618e-03
8.830000000000000000e+02 6.417071865586432278e-01 6.534599811892667122e-03
8.840000000000000000e+02 6.403823695356707368e-01 6.518673175578661855e-03
8.850000000000000000e+02 6.388969399469205390e-01 6.509153691215415795e-03
8.860000000000000000e+02 6.372899531136880791e-01 6.487437807300798671e-03
8.870000000000000000e+02 6.356359095961736649e-01 6.477303927380407070e-03
8.880000000000000000e+02 6.340351327856956765e-01 6.458240983466428595e-03
8.890000000000000000e+02 6.324484682831046367e-01 6.440271314577078812e-03
8.900000000000000000e+02 6.308979255387652252e-01 6.428876346618365122e-03
8.910000000000000000e+02 6.294132640807944545e-01 6.410139263329492354e-03
8.920000000000000000e+02 6.278325614873283556e-01 6.399082981471734127e-03
8.930000000000000000e+02 6.260374733699476391e-01 6.378114075970728672e-03
8.940000000000000000e+02 6.242130169993800326e-01 6.366090024987529003e-03
8.950000000000000000e+02 6.224160607353090846e-01 6.344568253184668626e-03
8.960000000000000000e+02 6.204866327837110784e-01 6.332305471827878729e-03
8.970000000000000000e+02 6.184975613807293104e-01 6.312693917313864922e-03
8.980000000000000000e+02 6.165024441587942938e-01 6.292192897434670251e-03
8.990000000000000000e+02 6.144528098443609032e-01 6.276956132482770616e-03
9.000000000000000000e+02 6.123569885398222334e-01 6.251983863241744599e-03
9.010000000000000000e+02 6.101662864849997092e-01 6.234430709454386738e-03
9.020000000000000000e+02 6.079775042265905816e-01 6.208225349400488084e-03
9.030000000000000000e+02 6.057818123209306460e-01 6.189233716168687435e-03
9.040000000000000000e+02 6.034788374035909841e-01 6.161247528837991531e-03
9.050000000000000000e+02 6.010660114699073464e-01 6.140289099613012447e-03
9.060000000000000000e+02 5.987616091354283077e-01 6.117747432557652659e-03
9.070000000000000000e+02 5.967172389947753564e-01 6.095962363376264750e-03
9.080000000000000000e+02 5.947638113485761435e-01 6.081009981675284531e-03
9.090000000000000000e+02 5.927060472100373900e-01 6.056523235855677291e-03
9.100000000000000000e+02 5.904909378966882727e-01 6.040000146557840746e-03
9.110000000000000000e+02 5.881133089572977424e-01 6.013648064165252015e-03
9.120000000000000000e+02 5.855637027040726528e-01 5.993583499031938412e-03
9.130000000000000000e+02 5.831017027532847674e-01 5.963767901313555934e-03
9.140000000000000000e+02 5.808286421194429616e-01 5.946230496644642344e-03
9.150000000000000000e+02 5.785886645548559137e-01 5.923599204889622508e-03
9.160000000000000000e+02 5.763612559868723784e-01 5.898726429880738614e-03
9.170000000000000000e+02 5.739896587345812984e-01 5.879262426460968652e-03
9.180000000000000000e+02 5.710927582556019066e-01 5.843554137807504927e-03
9.190000000000000000e+02 5.675269645836461541e-01 5.813100546532866571e-03
9.200000000000000000e+02 5.634976685411062780e-01 5.768812317484054569e-03
9.210000000000000000e+02 5.592455028684153451e-01 5.731966122618441239e-03
9.220000000000000000e+02 5.548878941529681308e-01 5.683349712385655540e-03
9.230000000000000000e+02 5.502956118445450073e-01 5.641262681851009868e-03
9.240000000000000000e+02 5.456170412761023325e-01 5.591148438050491491e-03
9.250000000000000000e+02 5.412784794948916067e-01 5.544801334967522713e-03
9.260000000000000000e+02 5.376139845884710944e-01 5.511839260268203838e-03
9.270000000000000000e+02 5.344247501222848529e-01 5.474323026807694642e-03
9.280000000000000000e+02 5.313717361455880805e-01 5.453218775154733931e-03
9.290000000000000000e+02 5.282255791356695873e-01 5.424385127120763886e-03
9.300000000000000000e+02 5.247457548763760915e-01 5.404600546099746876e-03
9.310000000000000000e+02 5.209408560542786448e-01 5.371795779818723873e-03
9.320000000000000000e+02 5.168043538418075622e-01 5.349965348350877586e-03
9.330000000000000000e+02 5.123472847255340357e-01 5.314803160118058457e-03
9.340000000000000000e+02 5.074124042142865720e-01 5.270649409011131034e-03
9.350000000000000000e+02 5.020505749192527567e-01 5.225404386211863171e-03
9.360000000000000000e+02 4.965760504386117491e-01 5.157926436261985048e-03
9.370000000000000000e+02 4.911458702547294441e-01 5.101490861517822550e-03
9.380000000000000000e+02 4.859537548072773716e-01 5.033186390624841758e-03
9.390000000000000000e+02 4.811541402212218266e-01 4.981458004774187362e-03
9.400000000000000000e+02 4.769211566549041992e-01 4.927469825201775261e-03
9.410000000000000000e+02 4.731642310787829708e-01 4.895634168234315638e-03
9.420000000000000000e+02 4.695025176697639746e-01 4.864178628562146160e-03
9.430000000000000000e+02 4.658269755560781600e-01 4.831562721635753940e-03
9.440000000000000000e+02 4.623593804706975230e-01 4.807699202355266571e-03
9.450000000000000000e+02 4.590689989143022509e-01 4.770375594038080320e-03
9.460000000000000000e+02 4.555237488283779834e-01 4.741716609212269160e-03
9.470000000000000000e+02 4.512560986549907782e-01 4.692406039141061580e-03
9.480000000000000000e+02 4.463063519598086115e-01 4.647575578086641200e-03
9.490000000000000000e+02 4.410801346163359948e-01 4.585837912937236818e-03
9.500000000000000000e+02 4.359679740144356552e-01 4.539689670614423765e-03
9.510000000000000000e+02 4.312072399956164981e-01 4.490614501119971451e-03
9.520000000000000000e+02 4.267462529005950911e-01 4.447661869690336563e-03
9.530000000000000000e+02 4.226065088978895323e-01 4.411698189111468160e-03
9.540000000000000000e+02 4.188708266073202235e-01 4.367555971778233799e-03
9.550000000000000000e+02 4.155361365829404741e-01 4.341153207717707990e-03
9.560000000000000000e+02 4.124988563100731587e-01 4.306272297181870136e-03
9.570000000000000000e+02 4.094333307222332574e-01 4.277294545450323858e-03
9.580000000000000000e+02 4.061299508355551979e-01 4.243393965257232468e-03
9.590000000000000000e+02 4.025204641401661787e-01 4.210139568721082276e-03
9.600000000000000000e+02 3.987565384601338692e-01 4.167755180091828153e-03
9.610000000000000000e+02 3.947938722249877963e-01 4.127809942607461348e-03
9.620000000000000000e+02 3.906670733471335755e-01 4.090378260998981524e-03
9.630000000000000000e+02 3.865281543858382629e-01 4.042779888925815586e-03
9.640000000000000000e+02 3.824905039332081591e-01 4.009370248197214465e-03
9.650000000000000000e+02 3.785022092724572573e-01 3.963969024409992603e-03
9.660000000000000000e+02 3.742822338398476001e-01 3.925152121985013565e-03
9.670000000000000000e+02 3.699121434556524868e-01 3.877757622636447514e-03
9.680000000000000000e+02 3.655862969232104853e-01 3.841737577592234474e-03
9.690000000000000000e+02 3.613688919132372890e-01 3.792540141196043199e-03
9.700000000000000000e+02 3.571819714907031318e-01 3.760906853050610243e-03
9.710000000000000000e+02 3.528658232455507693e-01 3.715243971742475566e-03
9.720000000000000000e+02 3.483816123261480602e-01 3.674365699924295355e-03
9.730000000000000000e+02 3.437221196692084035e-01 3.634155037981708081e-03
9.740000000000000000e+02 3.388401205154251139e-01 3.580596789276972464e-03
9.750000000000000000e+02 3.337175497803819280e-01 3.536944957068579101e-03
9.760000000000000000e+02 3.284673203444004042e-01 3.481077519321821179e-03
9.770000000000000000e+02 3.230282145728151644e-01 3.432630875003397312e-03
9.780000000000000000e+02 3.175403603267799579e-01 3.377657620167597886e-03
9.790000000000000000e+02 3.120611046973199576e-01 3.326319549928669767e-03
9.800000000000000000e+02 3.066148722101526558e-01 3.269428494035909408e-03
9.810000000000000000e+02 3.012696686529345858e-01 3.216637796711723559e-03
9.820000000000000000e+02 2.959918226563634236e-01 3.170603520880698519e-03
9.830000000000000000e+02 2.906510707682937733e-01 3.113183182897276153e-03
9.840000000000000000e+02 2.852387358137813411e-01 3.070905997955011672e-03
9.850000000000000000e+02 2.797978552429617460e-01 3.012533944573810626e-03
9.860000000000000000e+02 2.742481638736577465e-01 2.962494957599586844e-03
9.870000000000000000e+02 2.686981677539040936e-01 2.907829764490246511e-03
9.880000000000000000e+02 2.631758694544747423e-01 2.857842702894468952e-03
9.890000000000000000e+02 2.576413791320646407e-01 2.800320645603825414e-03
9.900000000000000000e+02 2.520536135059306404e-01 2.755325792025839320e-03
9.910000000000000000e+02 2.463258497993790486e-01 2.692966486937081998e-03
9.920000000000000000e+02 2.404781145441847456e-01 2.639511271329152489e-03
9.930000000000000000e+02 2.347205709085125602e-01 2.590024416581479614e-03
9.940000000000000000e+02 2.290625767132970225e-01 2.528262718524528375e-03
9.950000000000000000e+02 2.234916668421904340e-01 2.484873510251739588e-03
9.960000000000000000e+02 2.179715256918008104e-01 2.425642408553399434e-03
9.970000000000000000e+02 2.124400400262068944e-01 2.379300930318501914e-03
9.980000000000000000e+02 2.070008125584233694e-01 2.327857566073797228e-03
9.990000000000000000e+02 2.016165315332200392e-01 2.280731116781674860e-03
1.000000000000000000e+03 1.962479799854863483e-01 2.221502889361292275e-03
1.001000000000000000e+03 1.909013373269317360e-01 5.000000000000000278e-02
1.002000000000000000e+03 1.855253856151673209e-01 5.000000000000000278e-02
1.003000000000000000e+03 1.801527533170601270e-01 5.000000000000000278e-02
1.004000000000000000e+03 1.748564741672589684e-01 5.000000000000000278e-02
1.005000000000000000e+03 1.696736226917782697e-01 5.000000000000000278e-02
1.006000000000000000e+03 1.644962687460176098e-01 5.000000000000000278e-02
1.007000000000000000e+03 1.593323405726365938e-01 5.000000000000000278e-02
1.008000000000000000e+03 1.541825247605017046e-01 5.000000000000000278e-02
1.009000000000000000e+03 1.490911927231135248e-01 5.000000000000000278e-02
1.010000000000000000e+03 1.440589087451960293e-01 5.000000000000000278e-02
1.011000000000000000e+03 1.390724496685549205e-01 5.000000000000000278e-02
1.012000000000000000e+03 1.341855587266589100e-01 5.000000000000000278e-02
1.013000000000000000e+03 1.294889081677641496e-01 5.000000000000000278e-02
1.014000000000000000e+03 1.248307757628951686e-01 5.000000000000000278e-02
1.015000000000000000e+03 1.201159464050133990e-01 5.000000000000000278e-02
1.016000000000000000e+03 1.154031762326053062e-01 5.000000000000000278e-02
1.017000000000000000e+03 1.107843841175253086e-01 5.000000000000000278e-02
1.018000000000000000e+03 1.062664152489180835e-01 5.000000000000000278e-02
1.019000000000000000e+03 1.018718210729692986e-01 5.000000000000000278e-02
1.020000000000000000e+03 9.758703243884939149e-02 5.000000000000000278e-02
1.021000000000000000e+03 9.336938851433326803e-02 5.000000000000000278e-02
1.022000000000000000e+03 8.923336602132551920e-02 5.000000000000000278e-02
1.023000000000000000e+03 8.510900939902878160e-02 5.000000000000000278e-02
1.024000000000000000e+03 8.104729157297456410e-02 5.000000000000000278e-02
1.025000000000000000e+03 7.702682969754817699e-02 5.000000000000000278e-02
1.026000000000000000e+03 7.305165339774589983e-02 5.000000000000000278e-02
1.027000000000000000e+03 6.916939614214021037e-02 5.000000000000000278e-02
1.028000000000000000e+03 6.539997324733339001e-02 5.000000000000000278e-02
1.029000000000000000e+03 6.181006720114035763e-02 5.000000000000000278e-02
1.030000000000000000e+03 5.836765078977079052e-02 5.000000000000000278e-02
1.031000000000000000e+03 5.506590987868540538e-02 5.000000000000000278e-02
1.032000000000000000e+03 5.186954725408064043e-02 5.000000000000000278e-02
1.033000000000000000e+03 4.882724658026815073e-02 5.000000000000000278e-02
1.034000000000000000e+03 4.590224652828835822e-02 5.000000000000000278e-02
1.035000000000000000e+03 4.311058911653647963e-02 5.000000000000000278e-02
1.036000000000000000e+03 4.060948950480212927e-02 5.000000000000000278e-02
1.037000000000000000e+03 3.832895039899300582e-02 5.000000000000000278e-02
1.038000000000000000e+03 3.612263782107157789e-02 5.000000000000000278e-02
1.039000000000000000e+03 3.399921863507427561e-02 5.000000000000000278e-02
1.040000000000000000e+03 3.189828217591017534e-02 5.000000000000000278e-02
1.041000000000000000e+03 2.984540904100710379e-02 5.000000000000000278e-02
1.042000000000000000e+03 2.793360906757248047e-02 5.000000000000000278e-02
1.043000000000000000e+03 2.616520869724372339e-02 5.000000000000000278e-02
1.044000000000000000e+03 2.461217606291593585e-02 5.000000000000000278e-02
1.045000000000000000e+03 2.318210648000938387e-02 5.000000000000000278e-02
1.046000000000000000e+03 2.190961148981346307e-02 5.000000000000000278e-02
1.047000000000000000e+03 2.079756342765542998e-02 5.000000000000000278e-02
1.048000000000000000e+03 1.987765469019427134e-02 5.000000000000000278e-02
1.049000000000000000e+03 1.908256501784715703e-02 5.000000000000000278e-02
1.050000000000000000e+03 1.830764683812731441e-02 5.000000000000000278e-02
1.051000000000000000e+03 1.752951366539237318e-02 5.000000000000000278e-02
1.052000000000000000e+03 1.670998434497139584e-02 5.000000000000000278e-02
1.053000000000000000e+03 1.590704148662032066e-02 5.000000000000000278e-02
1.054000000000000000e+03 1.505928164611739124e-02 5.000000000000000278e-02
1.055000000000000000e+03 1.426556055674141517e-02 5.000000000000000278e-02
1.056000000000000000e+03 1.357982400105897311e-02 5.000000000000000278e-02
1.057000000000000000e+03 1.290018014643471399e-02 5.000000000000000278e-02
1.058000000000000000e+03 1.219417147892739271e-02 5.000000000000000278e-02
1.059000000000000000e+03 1.154659620704727788e-02 5.000000000000000278e-02
1.060000000000000000e+03 1.098633411486095099e-02 5.000000000000000278e-02
1.061000000000000000e+03 1.049088011217340008e-02 5.000000000000000278e-02
1.062000000000000000e+03 9.996779512966465220e-03 5.000000000000000278e-02
1.063000000000000000e+03 9.527387775480664067e-03 5.000000000000000278e-02
1.064000000000000000e+03 9.137914257630653375e-03 5.000000000000000278e-02
1.065000000000000000e+03 8.676419450528429986e-03 5.000000000000000278e-02
1.066000000000000000e+03 8.247476690591412293e-03 5.000000000000000278e-02
1.067000000000000000e+03 7.835926069755073248e-03 5.000000000000000278e-02
1.068000000000000000e+03 7.411464519044680052e-03 5.000000000000000278e-02
1.069000000000000000e+03 6.978437556237883539e-03 5.000000000000000278e-02
1.070000000000000000e+03 6.507185951578216797e-03 5.000000000000000278e-02
1.071000000000000000e+03 6.084795386808269924e-03 5.000000000000000278e-02
1.072000000000000000e+03 5.690929511872324861e-03 5.000000000000000278e-02
1.073000000000000000e+03 5.335351481335340838e-03 5.000000000000000278e-02
1.074000000000000000e+03 5.039583730859657773e-03 5.000000000000000278e-02
1.075000000000000000e+03 4.814742197193740830e-03 5.000000000000000278e-02
1.076000000000000000e+03 4.548616080002036363e-03 5.000000000000000278e-02
1.077000000000000000e+03 4.238303140535116219e-03 5.000000000000000278e-02
1.078000000000000000e+03 3.929232870334911296e-03 5.000000000000000278e-02
1.079000000000000000e+03 3.694191567291264626e-03 5.000000000000000278e-02
1.080000000000000000e+03 3.423487652450957208e-03 5.000000000000000278e-02
1.081000000000000000e+03 3.134226712629020837e-03 5.000000000000000278e-02
1.082000000000000000e+03 2.865922525796473549e-03 5.000000000000000278e-02
1.083000000000000000e+03 2.628827875903275071e-03 5.000000000000000278e-02
1.084000000000000000e+03 2.386283666470152397e-03 5.000000000000000278e-02
1.085000000000000000e+03 2.143739457037030591e-03 5.000000000000000278e-02
1.086000000000000000e+03 1.901195247603908352e-03 5.000000000000000278e-02
1.087000000000000000e+03 1.658651038170786546e-03 5.000000000000000278e-02
1.088000000000000000e+03 1.416106828737664306e-03 5.000000000000000278e-02
1.089000000000000000e+03 1.173562619304542500e-03 5.000000000000000278e-02
1.090000000000000000e+03 9.310184098714202605e-04 5.000000000000000278e-02
1.091000000000000000e+03 6.884742004382984545e-04 5.000000000000000278e-02
1.092000000000000000e+03 6.538250276621382275e-04 5.000000000000000278e-02
1.093000000000000000e+03 6.191758548859778921e-04 5.000000000000000278e-02
1.094000000000000000e+03 5.845266821098176651e-04 5.000000000000000278e-02
1.095000000000000000e+03 5.498775093336574380e-04 5.000000000000000278e-02
1.096000000000000000e+03 5.152283365574971026e-04 5.000000000000000278e-02
1.097000000000000000e+03 4.805791637813368756e-04 5.000000000000000278e-02
1.098000000000000000e+03 4.459299910051766486e-04 5.000000000000000278e-02
1.099000000000000000e+03 3.246578862886157456e-04 5.000000000000000278e-02
