3.000000000000000000e+02 0.000000000000000000e+00 1.186836363636363523e-01
3.010000000000000000e+02 0.000000000000000000e+00 1.186836363636363523e-01
3.020000000000000000e+02 0.000000000000000000e+00 1.186836363636363523e-01
3.030000000000000000e+02 0.000000000000000000e+00 1.186836363636363523e-01
3.040000000000000000e+02 0.000000000000000000e+00 1.186836363636363523e-01
3.050000000000000000e+02 0.000000000000000000e+00 1.186836363636363523e-01
3.060000000000000000e+02 0.000000000000000000e+00 1.186836363636363523e-01
3.070000000000000000e+02 0.000000000000000000e+00 1.186836363636363523e-01
3.080000000000000000e+02 0.000000000000000000e+00 1.186836363636363523e-01
3.090000000000000000e+02 0.000000000000000000e+00 1.186836363636363523e-01
3.100000000000000000e+02 0.000000000000000000e+00 1.186836363636363523e-01
3.110000000000000000e+02 0.000000000000000000e+00 1.186836363636363523e-01
3.120000000000000000e+02 0.000000000000000000e+00 1.186836363636363523e-01
3.130000000000000000e+02 0.000000000000000000e+00 1.186836363636363523e-01
3.140000000000000000e+02 1.186836363636363485e-04 1.186836363636363523e-01
3.150000000000000000e+02 1.186836363636363485e-04 1.186836363636363523e-01
3.160000000000000000e+02 1.186836363636363485e-04 1.186836363636363523e-01
3.170000000000000000e+02 1.186836363636363485e-04 1.186836363636363523e-01
3.180000000000000000e+02 1.186836363636363485e-04 1.186836363636363523e-01
3.190000000000000000e+02 1.186836363636363485e-04 1.186836363636363523e-01
3.200000000000000000e+02 1.186836363636363566e-03 1.186836363636363523e-01
3.210000000000000000e+02 1.186836363636363566e-03 1.186836363636363523e-01
3.220000000000000000e+02 1.186836363636363566e-03 1.186836363636363523e-01
3.230000000000000000e+02 1.186836363636363566e-03 1.186836363636363523e-01
3.240000000000000000e+02 1.186836363636363566e-03 1.186836363636363523e-01
3.250000000000000000e+02 1.186836363636363566e-03 1.186836363636363523e-01
3.260000000000000000e+02 1.186836363636363566e-03 1.186836363636363523e-01
3.270000000000000000e+02 1.186836363636363566e-03 1.186836363636363523e-01
3.280000000000000000e+02 1.186836363636363566e-03 1.186836363636363523e-01
3.290000000000000000e+02 1.186836363636363566e-03 1.186836363636363523e-01
3.300000000000000000e+02 1.186836363636363566e-03 1.186836363636363523e-01
3.310000000000000000e+02 1.186836363636363566e-03 1.186836363636363523e-01
3.320000000000000000e+02 1.186836363636363566e-03 1.186836363636363523e-01
3.330000000000000000e+02 1.186836363636363566e-03 1.186836363636363523e-01
3.340000000000000000e+02 1.186836363636363566e-03 1.186836363636363523e-01
3.350000000000000000e+02 1.186836363636363566e-03 1.186836363636363523e-01
3.360000000000000000e+02 1.186836363636363566e-03 1.186836363636363523e-01
3.370000000000000000e+02 1.186836363636363566e-03 1.186836363636363523e-01
3.380000000000000000e+02 1.186836363636363566e-03 1.186836363636363523e-01
3.390000000000000000e+02 1.186836363636363566e-03 1.186836363636363523e-01
3.400000000000000000e+02 1.186836363636363566e-03 1.186836363636363523e-01
3.410000000000000000e+02 1.186836363636363566e-03 1.186836363636363523e-01
3.420000000000000000e+02 1.186836363636363566e-03 1.186836363636363523e-01
3.430000000000000000e+02 1.186836363636363566e-03 1.186836363636363523e-01
3.440000000000000000e+02 1.186836363636363566e-03 1.186836363636363523e-01
3.450000000000000000e+02 1.452064985304506867e-02 1.186836363636363523e-01
3.460000000000000000e+02 2.691528585573043156e-02 1.186836363636363523e-01
3.470000000000000000e+02 3.930992185841579445e-02 1.186836363636363523e-01
3.480000000000000000e+02 5.170455786110116081e-02 1.186836363636363523e-01
3.490000000000000000e+02 6.409919386378652717e-02 1.186836363636363523e-01
3.500000000000000000e+02 7.649382986647187965e-02 1.186836363636363523e-01
3.510000000000000000e+02 8.888846586915724601e-02 1.186836363636363523e-01
3.520000000000000000e+02 1.012831018718426124e-01 1.186836363636363523e-01
3.530000000000000000e+02 1.136777378745279649e-01 1.186836363636363523e-01
3.540000000000000000e+02 1.260723738772133173e-01 1.186836363636363523e-01
3.550000000000000000e+02 1.384670098798986282e-01 1.186836363636363523e-01
3.560000000000000000e+02 1.493554186332729239e-01 1.186836363636363523e-01
3.570000000000000000e+02 1.604194423649406009e-01 1.186836363636363523e-01
3.580000000000000000e+02 1.717309011872160118e-01 1.186836363636363523e-01
3.590000000000000000e+02 1.831432131297560106e-01 1.186836363636363523e-01
3.600000000000000000e+02 1.944385192569773602e-01 1.186836363636363523e-01
3.610000000000000000e+02 1.989284444214680092e-01 1.186836363636363523e-01
3.620000000000000000e+02 2.034231893746909214e-01 1.186836363636363523e-01
3.630000000000000000e+02 2.082879705757284539e-01 1.186836363636363523e-01
3.640000000000000000e+02 2.145397952921099805e-01 1.186836363636363523e-01
3.650000000000000000e+02 2.227221926146286668e-01 1.186836363636363523e-01
3.660000000000000000e+02 2.315944100348274470e-01 1.186836363636363523e-01
3.670000000000000000e+02 2.393033532147084419e-01 1.186836363636363523e-01
3.680000000000000000e+02 2.453725065103493919e-01 1.186836363636363523e-01
3.690000000000000000e+02 2.503874746383191185e-01 1.186836363636363523e-01
3.700000000000000000e+02 2.550389263965588404e-01 1.186836363636363523e-01
3.710000000000000000e+02 2.594865675068445121e-01 1.186836363636363523e-01
3.720000000000000000e+02 2.646426065855915222e-01 1.186836363636363523e-01
3.730000000000000000e+02 2.714718251215492706e-01 1.186836363636363523e-01
3.740000000000000000e+02 2.792252375851063673e-01 1.186836363636363523e-01
3.750000000000000000e+02 2.867798375046785586e-01 1.186836363636363523e-01
3.760000000000000000e+02 2.944983124980332656e-01 1.186836363636363523e-01
3.770000000000000000e+02 3.029759351069230555e-01 1.186836363636363523e-01
3.780000000000000000e+02 3.118716542382364842e-01 1.186836363636363523e-01
3.790000000000000000e+02 3.199253190850928630e-01 1.186836363636363523e-01
3.800000000000000000e+02 3.263578801292235099e-01 1.186836363636363523e-01
3.810000000000000000e+02 3.320205588702836996e-01 1.186836363636363523e-01
3.820000000000000000e+02 3.384430093531354822e-01 1.186836363636363523e-01
3.830000000000000000e+02 3.463549133730067231e-01 1.186836363636363523e-01
3.840000000000000000e+02 3.544666797992952478e-01 1.186836363636363523e-01
3.850000000000000000e+02 3.617412587167089799e-01 1.186836363636363523e-01
3.860000000000000000e+02 3.696612962385731893e-01 1.186836363636363523e-01
3.870000000000000000e+02 3.796694349018527870e-01 1.186836363636363523e-01
3.880000000000000000e+02 3.902694019995729957e-01 1.186836363636363523e-01
3.890000000000000000e+02 3.998728446352002863e-01 1.186836363636363523e-01
3.900000000000000000e+02 4.085073933860689510e-01 1.186836363636363523e-01
3.910000000000000000e+02 4.163215957211122698e-01 1.186836363636363523e-01
3.920000000000000000e+02 4.235098620489018972e-01 1.186836363636363523e-01
3.930000000000000000e+02 4.290595342723333427e-01 1.186836363636363523e-01
3.940000000000000000e+02 4.351158311435752157e-01 1.186836363636363523e-01
3.950000000000000000e+02 4.402863268564283783e-01 1.186836363636363523e-01
3.960000000000000000e+02 4.458797467207221144e-01 1.186836363636363523e-01
3.970000000000000000e+02 4.516288702138618882e-01 1.186836363636363523e-01
3.980000000000000000e+02 4.566388756060576481e-01 1.186836363636363523e-01
3.990000000000000000e+02 4.608941942494162447e-01 1.186836363636363523e-01
4.000000000000000000e+02 4.660017338429518485e-01 1.186836363636363523e-01
4.010000000000000000e+02 4.732614355580797572e-01 1.186836363636363523e-01
4.020000000000000000e+02 4.818085077531423233e-01 1.186836363636363523e-01
4.030000000000000000e+02 4.894895495391428097e-01 1.186836363636363523e-01
4.040000000000000000e+02 4.899004630757171075e-01 1.186836363636363523e-01
4.050000000000000000e+02 4.903113766122914052e-01 1.186836363636363523e-01
4.060000000000000000e+02 4.907222901488657030e-01 1.186836363636363523e-01
4.070000000000000000e+02 4.911332036854400007e-01 1.186836363636363523e-01
4.080000000000000000e+02 4.915441172220142985e-01 1.186836363636363523e-01
4.090000000000000000e+02 4.919550307585885962e-01 1.186836363636363523e-01
4.100000000000000000e+02 4.923659442951628384e-01 5.968896216745131489e-02
4.110000000000000000e+02 4.927768578317371362e-01 5.909509897754500196e-02
4.120000000000000000e+02 4.931877713683114339e-01 5.973969190705101517e-02
4.130000000000000000e+02 4.935986849048857317e-01 6.051063597476073058e-02
4.140000000000000000e+02 4.940095984414600294e-01 6.075887664700217045e-02
4.150000000000000000e+02 4.944205119780343272e-01 1.305767918916211044e-02
4.160000000000000000e+02 4.948314255146086249e-01 4.952482942967006800e-03
4.170000000000000000e+02 4.986465176651777020e-01 4.990655138737287375e-03
4.180000000000000000e+02 5.043272185750586889e-01 5.047476460112570833e-03
4.190000000000000000e+02 5.079882896642692325e-01 5.084086735012016342e-03
4.200000000000000000e+02 5.087823979407208874e-01 5.091899520214940127e-03
4.210000000000000000e+02 5.095266625643146696e-01 5.099392377549679355e-03
4.220000000000000000e+02 5.118842845764970395e-01 5.122848826531221228e-03
4.230000000000000000e+02 5.158407249312111365e-01 5.162502417367834107e-03
4.240000000000000000e+02 5.213483759351885682e-01 5.217560016911403260e-03
4.250000000000000000e+02 5.279495153231396065e-01 5.283574621296630545e-03
4.260000000000000000e+02 5.350943416079974035e-01 5.355298931894107543e-03
4.270000000000000000e+02 5.393502905142663062e-01 5.398147397486723065e-03
4.280000000000000000e+02 5.396049956493894628e-01 1.397198715253276588e-02
4.290000000000000000e+02 5.398597007845126194e-01 1.344316713507072436e-02
4.300000000000000000e+02 5.401144059196357761e-01 1.248340351158093095e-02
4.310000000000000000e+02 5.403691110547589327e-01 5.408907382037822509e-02
4.320000000000000000e+02 5.406238161898820893e-01 5.508808579645488313e-02
4.330000000000000000e+02 5.408785213250052459e-01 5.612353091706012015e-02
4.340000000000000000e+02 5.411332264601284026e-01 5.639574395333589452e-02
4.350000000000000000e+02 5.413879315952515592e-01 5.767618409007523039e-02
4.360000000000000000e+02 5.416426367303747158e-01 5.986998010515744845e-02
4.370000000000000000e+02 5.418973418654978724e-01 6.120022947192071266e-02
4.380000000000000000e+02 5.421520470006210290e-01 1.324502364517336599e-02
4.390000000000000000e+02 5.424067521357441857e-01 1.295972077983625036e-02
4.400000000000000000e+02 5.426614572708673423e-01 5.429934629078648524e-03
4.410000000000000000e+02 5.451642849276316927e-01 5.456578445337286268e-03
4.420000000000000000e+02 5.473266097609164049e-01 5.476329262155190183e-03
4.430000000000000000e+02 5.499804702357625752e-01 5.502881440674271644e-03
4.440000000000000000e+02 5.530926319030253779e-01 5.534713928085006548e-03
4.450000000000000000e+02 5.558670269279937237e-01 5.562530531850501565e-03
4.460000000000000000e+02 5.577757552728916934e-01 5.581476678098638150e-03
4.470000000000000000e+02 5.591430367290102232e-01 5.594241964344437434e-03
4.480000000000000000e+02 5.607280378439525315e-01 5.611156586924878446e-03
4.490000000000000000e+02 5.630747240689957245e-01 5.634943803564758900e-03
4.500000000000000000e+02 5.661877601499170076e-01 5.664595986309394968e-03
4.510000000000000000e+02 5.667645280837260158e-01 5.670391989723274143e-03
4.520000000000000000e+02 5.668599478067319897e-01 5.672560471528444864e-03
4.530000000000000000e+02 5.672435270247497829e-01 5.675933988498276482e-03
4.540000000000000000e+02 5.680204760319302881e-01 5.682936917791927070e-03
4.550000000000000000e+02 5.691215934740264659e-01 5.693935675340836867e-03
4.560000000000000000e+02 5.700459080086400787e-01 5.703070478861883494e-03
4.570000000000000000e+02 5.704998453210323728e-01 5.707681621808697453e-03
4.580000000000000000e+02 5.705952015483308770e-01 5.708591441202199614e-03
4.590000000000000000e+02 5.706619985311377485e-01 5.709174967365809004e-03
4.600000000000000000e+02 5.711166355256305227e-01 5.713717358111040055e-03
4.610000000000000000e+02 5.722811670203786782e-01 5.725297396843846698e-03
4.620000000000000000e+02 5.737475642053536662e-01 5.740013747089336114e-03
4.630000000000000000e+02 5.751282785920288632e-01 5.753868401478606960e-03
4.640000000000000000e+02 5.759484974414182945e-01 5.762008741907431210e-03
4.650000000000000000e+02 5.764004597819053499e-01 5.766573510215747787e-03
4.660000000000000000e+02 5.769733898867845934e-01 5.772270750066159709e-03
4.670000000000000000e+02 5.778925490660675734e-01 5.781484629144724961e-03
4.680000000000000000e+02 5.790891595161827832e-01 5.793410475606353485e-03
4.690000000000000000e+02 5.803863593794664766e-01 5.806380249151288017e-03
4.700000000000000000e+02 5.819516001873925592e-01 5.822030500478065848e-03
4.710000000000000000e+02 5.834771893825495548e-01 5.837214637609839350e-03
4.720000000000000000e+02 5.849062440050838418e-01 5.851501796412830053e-03
4.730000000000000000e+02 5.863907772979769506e-01 5.866299725109246251e-03
4.740000000000000000e+02 5.878363169003151256e-01 5.880798490675358432e-03
4.750000000000000000e+02 5.889300576742806381e-01 5.891719303406069488e-03
4.760000000000000000e+02 5.895104680995616464e-01 5.897469149772736549e-03
4.770000000000000000e+02 5.896772755425949697e-01 5.899140442404052394e-03
4.780000000000000000e+02 5.898112401859992859e-01 5.900395086475386866e-03
4.790000000000000000e+02 5.903662032463938836e-01 5.905953485343071532e-03
4.800000000000000000e+02 5.904432038562210661e-01 1.318369162698840996e-02
4.810000000000000000e+02 5.905202044660484706e-01 1.325907358840413414e-02
4.820000000000000000e+02 5.905972050758756531e-01 1.346134375321129430e-02
4.830000000000000000e+02 5.906742056857029466e-01 6.228637509693557561e-02
4.840000000000000000e+02 5.907512062955302401e-01 6.305994967199994583e-02
4.850000000000000000e+02 5.908282069053575336e-01 6.177131256860714237e-02
4.860000000000000000e+02 5.909052075151848271e-01 5.910984004170122263e-02
4.870000000000000000e+02 5.909822081250120096e-01 5.734705064580238043e-02
4.880000000000000000e+02 5.910592087348394141e-01 5.717935104515143446e-02
4.890000000000000000e+02 5.911362093446665966e-01 5.800480860099080371e-02
4.900000000000000000e+02 5.912132099544938901e-01 5.901436702342858359e-02
4.910000000000000000e+02 5.912902105643211836e-01 1.320041519959147015e-02
4.920000000000000000e+02 5.913672111741484771e-01 5.916320442161419543e-03
4.930000000000000000e+02 5.924744173952811721e-01 5.927006409553007248e-03
4.940000000000000000e+02 5.934182088095627527e-01 5.936464322722810952e-03
4.950000000000000000e+02 5.940440800708225444e-01 5.942654067209610612e-03
4.960000000000000000e+02 5.944135289183257731e-01 5.946407492076502717e-03
4.970000000000000000e+02 5.948562056772781492e-01 5.950852495278420237e-03
4.980000000000000000e+02 5.955425098903219805e-01 5.957739096014167193e-03
4.990000000000000000e+02 5.963460470833175098e-01 5.966148838807205229e-03
5.000000000000000000e+02 5.970921137395857059e-01 5.973588338231575721e-03
5.010000000000000000e+02 5.975430845789815315e-01 5.978107974977582041e-03
5.020000000000000000e+02 5.976123399215446108e-01 5.978420145957704171e-03
5.030000000000000000e+02 5.971327663865029223e-01 5.973590506685986547e-03
5.040000000000000000e+02 5.963923892001550264e-01 5.966166441597658791e-03
5.050000000000000000e+02 5.953893986518489223e-01 5.956052692203829720e-03
5.060000000000000000e+02 5.944621882156718717e-01 5.946791267719494893e-03
5.070000000000000000e+02 5.939380935371674219e-01 5.941517811250790829e-03
5.080000000000000000e+02 5.940907727016440099e-01 5.943068249695022606e-03
5.090000000000000000e+02 5.947538787700269447e-01 5.949689166864747039e-03
5.100000000000000000e+02 5.960290770694419704e-01 5.962406613041071855e-03
5.110000000000000000e+02 5.974552482461955583e-01 5.976708900437924590e-03
5.120000000000000000e+02 5.982358373583975819e-01 5.984491813644144016e-03
5.130000000000000000e+02 5.981649163225873922e-01 5.983882011616775513e-03
5.140000000000000000e+02 5.973147963430408547e-01 5.975425449295290563e-03
5.150000000000000000e+02 5.963336509387615614e-01 5.966827691546400941e-03
5.160000000000000000e+02 5.963640845458901829e-01 5.968025921557724295e-03
5.170000000000000000e+02 5.973458983257845523e-01 5.978089234148690687e-03
5.180000000000000000e+02 5.983352966529594807e-01 5.986185863889612394e-03
5.190000000000000000e+02 5.988822066310495185e-01 5.991264812048447200e-03
5.200000000000000000e+02 5.990359287057820392e-01 5.993946533612259410e-03
5.210000000000000000e+02 5.992220210459650032e-01 5.996498373087542910e-03
5.220000000000000000e+02 5.999325621505593453e-01 6.001940734746250700e-03
5.230000000000000000e+02 6.012110409126999455e-01 6.014831489351074416e-03
5.240000000000000000e+02 6.025280732241407033e-01 6.028641820882187259e-03
5.250000000000000000e+02 6.037021163536848700e-01 6.041714712250877313e-03
5.260000000000000000e+02 6.050436484645457247e-01 6.053673874774781125e-03
5.270000000000000000e+02 6.063053961358907396e-01 6.065925803155986819e-03
5.280000000000000000e+02 6.071929217082905339e-01 6.074788663706391298e-03
5.290000000000000000e+02 6.077240148578473278e-01 6.080431408781436509e-03
5.300000000000000000e+02 6.084238278570492930e-01 6.087022471387398825e-03
5.310000000000000000e+02 6.089565943599521969e-01 6.092312413447592903e-03
5.320000000000000000e+02 6.091943133609036831e-01 6.094735071660162609e-03
5.330000000000000000e+02 6.095110960291721947e-01 6.097902606949833805e-03
5.340000000000000000e+02 6.101893756076235409e-01 6.104632058673013957e-03
5.350000000000000000e+02 6.115620919645167186e-01 6.118393884890683913e-03
5.360000000000000000e+02 6.133493541281890282e-01 6.136235326079619336e-03
5.370000000000000000e+02 6.146322812830961047e-01 6.149138989475982225e-03
5.380000000000000000e+02 6.153324446949107740e-01 6.156140579398262057e-03
5.390000000000000000e+02 6.159995356210982154e-01 6.163196108124876366e-03
5.400000000000000000e+02 6.168976668926365869e-01 6.171863726780168688e-03
5.410000000000000000e+02 6.180565993384651291e-01 6.183341519056354506e-03
5.420000000000000000e+02 6.191733778953614209e-01 6.194527774894087284e-03
5.430000000000000000e+02 6.199050602239013497e-01 6.201771825022926732e-03
5.440000000000000000e+02 6.201505072272562868e-01 6.204254080839638127e-03
5.450000000000000000e+02 6.203236491756537463e-01 6.205976205260452933e-03
5.460000000000000000e+02 6.208434223496804849e-01 6.211137067585793120e-03
5.470000000000000000e+02 6.217421135507913421e-01 6.220170894137747042e-03
5.480000000000000000e+02 6.229595047624046922e-01 6.232275606934230099e-03
5.490000000000000000e+02 6.244418305160679417e-01 6.247147342061228070e-03
5.500000000000000000e+02 6.259057361706550360e-01 6.261747228590177836e-03
5.510000000000000000e+02 6.269946288521290878e-01 6.272640887640941985e-03
5.520000000000000000e+02 6.277923219672901789e-01 6.280649348867978037e-03
5.530000000000000000e+02 6.285462383671061026e-01 6.288100708524225861e-03
5.540000000000000000e+02 6.293966408675136792e-01 6.296662738025044469e-03
5.550000000000000000e+02 6.302948220493252984e-01 6.305627993366406774e-03
5.560000000000000000e+02 6.310700135196285476e-01 6.313458247247518557e-03
5.570000000000000000e+02 6.315957130270482001e-01 6.318748768303190932e-03
5.580000000000000000e+02 6.319711499605522587e-01 6.322481130387012406e-03
5.590000000000000000e+02 6.324426086718697437e-01 6.327242475685463524e-03
5.600000000000000000e+02 6.332314251352512136e-01 6.335030663018864812e-03
5.610000000000000000e+02 6.342734283327323697e-01 6.345467488971656168e-03
5.620000000000000000e+02 6.352509531294469047e-01 6.355231675534851396e-03
5.630000000000000000e+02 6.359988580045697892e-01 6.362710027051020865e-03
5.640000000000000000e+02 6.366630201927819810e-01 6.369399014200525719e-03
5.650000000000000000e+02 6.374896946877348647e-01 6.377586813046411639e-03
5.660000000000000000e+02 6.385234671919214344e-01 6.387980933212808812e-03
5.670000000000000000e+02 6.396381963474809806e-01 6.399097662901127512e-03
5.680000000000000000e+02 6.407987779526306271e-01 6.410760008156840377e-03
5.690000000000000000e+02 6.419664288316251355e-01 6.422434729072190943e-03
5.700000000000000000e+02 6.430507150563025132e-01 6.433231028603667370e-03
5.710000000000000000e+02 6.439989668605698991e-01 6.442755422159671466e-03
5.720000000000000000e+02 6.448384696710556252e-01 6.451050766310298910e-03
5.730000000000000000e+02 6.456079877015011848e-01 6.458769041435093693e-03
5.740000000000000000e+02 6.463524391460467866e-01 6.466232874225185008e-03
5.750000000000000000e+02 6.470429806054621702e-01 6.473149090630572582e-03
5.760000000000000000e+02 6.475398006964436792e-01 6.478163858575788046e-03
5.770000000000000000e+02 6.478411363290822456e-01 6.481106614052997185e-03
5.780000000000000000e+02 6.482638770488931002e-01 6.485391880111307690e-03
5.790000000000000000e+02 6.492004841116135738e-01 6.494671445452515623e-03
5.800000000000000000e+02 6.503187350174413073e-01 6.505865056980915211e-03
5.810000000000000000e+02 6.511310640312760745e-01 6.513940450368731205e-03
5.820000000000000000e+02 6.516266826629020237e-01 6.518857076167785050e-03
5.830000000000000000e+02 6.521124502411252966e-01 6.523789659846272564e-03
5.840000000000000000e+02 6.527562288398421897e-01 6.530159110235605156e-03
5.850000000000000000e+02 6.534524039401903295e-01 6.537183347150458783e-03
5.860000000000000000e+02 6.540139164752130085e-01 6.542817891415548398e-03
5.870000000000000000e+02 6.544077899498252915e-01 6.547195889511465798e-03
5.880000000000000000e+02 6.547123317772236550e-01 6.550979247430170280e-03
5.890000000000000000e+02 6.548608472260892821e-01 6.551689203089052817e-03
5.900000000000000000e+02 6.549780713157902223e-01 6.552546231226193812e-03
5.910000000000000000e+02 6.553182885172793570e-01 6.555832362042580963e-03
5.920000000000000000e+02 6.560560527765226801e-01 6.563219655674366708e-03
5.930000000000000000e+02 6.570183781001206480e-01 6.572808056476183401e-03
5.940000000000000000e+02 6.580005905945848221e-01 6.582632683113658241e-03
5.950000000000000000e+02 6.589010672288633241e-01 6.591684778986845947e-03
5.960000000000000000e+02 6.597748915452094076e-01 6.600358192761793252e-03
5.970000000000000000e+02 6.607925413046386032e-01 6.610611131954936305e-03
5.980000000000000000e+02 6.620147902704827114e-01 6.622825111386547274e-03
5.990000000000000000e+02 6.632153124853406023e-01 6.635199517624625065e-03
6.000000000000000000e+02 6.639194757145164827e-01 6.642072458386376332e-03
6.010000000000000000e+02 6.642739417401913871e-01 6.645426290892909871e-03
6.020000000000000000e+02 6.646522319160422798e-01 6.649378669311284407e-03
6.030000000000000000e+02 6.651750481699734152e-01 6.654495482508843499e-03
6.040000000000000000e+02 6.657801774029016295e-01 6.660551874220000008e-03
6.050000000000000000e+02 6.665606175794404065e-01 6.668364340653568263e-03
6.060000000000000000e+02 6.676984911244662202e-01 6.679629429807913514e-03
6.070000000000000000e+02 6.691208834685614670e-01 6.693889529586536692e-03
6.080000000000000000e+02 6.706299412926223225e-01 6.708930405373412890e-03
6.090000000000000000e+02 6.720344816052375991e-01 6.723061712374923601e-03
6.100000000000000000e+02 6.732979478936290674e-01 6.735637533846356925e-03
6.110000000000000000e+02 6.742542764403115507e-01 6.745256401983025681e-03
6.120000000000000000e+02 6.748113133516543405e-01 6.750831109381059437e-03
6.130000000000000000e+02 6.750591454764807153e-01 6.753319065301602482e-03
6.140000000000000000e+02 6.752702082156853969e-01 6.755825854295620381e-03
6.150000000000000000e+02 6.756502417111962533e-01 6.759542855878261820e-03
6.160000000000000000e+02 6.761428765307866406e-01 6.764155607097059250e-03
6.170000000000000000e+02 6.765894566587747905e-01 6.768556648441920176e-03
6.180000000000000000e+02 6.769195140929604726e-01 6.771865056128193415e-03
6.190000000000000000e+02 6.772122239226717744e-01 6.774765741705403993e-03
6.200000000000000000e+02 6.776088657698693396e-01 6.778658768010502322e-03
6.210000000000000000e+02 6.782603121747120545e-01 6.785300722900183476e-03
6.220000000000000000e+02 6.792156028198337303e-01 6.794778322266176868e-03
6.230000000000000000e+02 6.803519899805087201e-01 6.806210411921422357e-03
6.240000000000000000e+02 6.815167574569960252e-01 6.817867988023054888e-03
6.250000000000000000e+02 6.826589836269327805e-01 6.829322972583253167e-03
6.260000000000000000e+02 6.836333746216173290e-01 6.839062186132905015e-03
6.270000000000000000e+02 6.842334215925169882e-01 6.845010318488818982e-03
6.280000000000000000e+02 6.845308416028100806e-01 6.848065419515579795e-03
6.290000000000000000e+02 6.847974132116163570e-01 6.850647371578967755e-03
6.300000000000000000e+02 6.852810060986014307e-01 6.855520946868160631e-03
6.310000000000000000e+02 6.860261635067739228e-01 6.862942208362555856e-03
6.320000000000000000e+02 6.869727171933607268e-01 6.872401229136761852e-03
6.330000000000000000e+02 6.880066604642093298e-01 6.882752899371171948e-03
6.340000000000000000e+02 6.890592641968629195e-01 6.893221449987031735e-03
6.350000000000000000e+02 6.900730787345704664e-01 6.903347886800489594e-03
6.360000000000000000e+02 6.909612735297523400e-01 6.912181435246276401e-03
6.370000000000000000e+02 6.917753599038143353e-01 6.920380228956675081e-03
6.380000000000000000e+02 6.926805381058760425e-01 6.929434507969798110e-03
6.390000000000000000e+02 6.938466946844213945e-01 6.941049225062697128e-03
6.400000000000000000e+02 6.955208576604706705e-01 6.957901156094369044e-03
6.410000000000000000e+02 6.970226451598517947e-01 6.972834499947631708e-03
6.420000000000000000e+02 6.983363319495899946e-01 6.985995057726400968e-03
6.430000000000000000e+02 6.994604949827628593e-01 6.997223313844351013e-03
6.440000000000000000e+02 7.004033066839898680e-01 7.006676972756966000e-03
6.450000000000000000e+02 7.012637749633225948e-01 7.015271865334375342e-03
6.460000000000000000e+02 7.020967521550792734e-01 7.023566997799201954e-03
6.470000000000000000e+02 7.029190220523593435e-01 7.031886670342067658e-03
6.480000000000000000e+02 7.038262720841274023e-01 7.040866378496578488e-03
6.490000000000000000e+02 7.049542315313811480e-01 7.052180440412786876e-03
6.500000000000000000e+02 7.050515381794709713e-01 1.381002513282245797e-02
6.510000000000000000e+02 7.051488448275606835e-01 1.377825319649630086e-02
6.520000000000000000e+02 7.052461514756503957e-01 1.385452531323918234e-02
6.530000000000000000e+02 7.053434581237402190e-01 6.115514031278460050e-02
6.540000000000000000e+02 7.054407647718299312e-01 6.237842225462177786e-02
6.550000000000000000e+02 7.055380714199196435e-01 6.233518158118060010e-02
6.560000000000000000e+02 7.056353780680093557e-01 6.057313833581989132e-02
6.570000000000000000e+02 7.057326847160991790e-01 5.873072648949578117e-02
6.580000000000000000e+02 7.058299913641888912e-01 5.810440805886006588e-02
6.590000000000000000e+02 7.059272980122786034e-01 5.832738125690298259e-02
6.600000000000000000e+02 7.060246046603684267e-01 5.874349777224543295e-02
6.610000000000000000e+02 7.061219113084581389e-01 1.370737714714643889e-02
6.620000000000000000e+02 7.062192179565478511e-01 7.064706716325324168e-03
6.630000000000000000e+02 7.074000520859098362e-01 7.076899935024283904e-03
6.640000000000000000e+02 7.084199241517242784e-01 7.087076863338039392e-03
6.650000000000000000e+02 7.093629201718141264e-01 7.096187505825439154e-03
6.660000000000000000e+02 7.103044304400150111e-01 7.105679352689426437e-03
6.670000000000000000e+02 7.112486701571606451e-01 7.115040083123635138e-03
6.680000000000000000e+02 7.122395425152074910e-01 7.124982530817430999e-03
6.690000000000000000e+02 7.134002728697145246e-01 7.136592290913641896e-03
6.700000000000000000e+02 7.147825365036565293e-01 7.150453642627674355e-03
6.710000000000000000e+02 7.163763597488557178e-01 7.166389601404165623e-03
6.720000000000000000e+02 7.179035290485148435e-01 7.181612947325897826e-03
6.730000000000000000e+02 7.189098078607747411e-01 7.191786324589665401e-03
6.740000000000000000e+02 7.198756857665823405e-01 7.201338846424453800e-03
6.750000000000000000e+02 7.206627763328903313e-01 7.209255557564496660e-03
6.760000000000000000e+02 7.212363049325762887e-01 7.214960889824529461e-03
6.770000000000000000e+02 7.217158370362778408e-01 7.219788560645740323e-03
6.780000000000000000e+02 7.222490253173061703e-01 7.225101961180707341e-03
6.790000000000000000e+02 7.229814013453792487e-01 7.232363920646947900e-03
6.800000000000000000e+02 7.239410713254766927e-01 7.242055057878950611e-03
6.810000000000000000e+02 7.240240356521637777e-01 1.387834653044885125e-02
6.820000000000000000e+02 7.241069999788507516e-01 1.389359068235969906e-02
6.830000000000000000e+02 7.241899643055378366e-01 1.396137001165352609e-02
6.840000000000000000e+02 7.242729286322248106e-01 1.411525058733446164e-02
6.850000000000000000e+02 7.243558929589118955e-01 1.429635212565229761e-02
6.860000000000000000e+02 7.244388572855988695e-01 1.432887211555348983e-02
6.870000000000000000e+02 7.245218216122859545e-01 1.416365697488378497e-02
6.880000000000000000e+02 7.246047859389729284e-01 1.400160996037875041e-02
6.890000000000000000e+02 7.246877502656600134e-01 1.396213652979167580e-02
6.900000000000000000e+02 7.247707145923469874e-01 1.396337367152126509e-02
6.910000000000000000e+02 7.248536789190340723e-01 1.393490766447438335e-02
6.920000000000000000e+02 7.249366432457210463e-01 1.388760843225812433e-02
6.930000000000000000e+02 7.250196075724081313e-01 7.252846149187383226e-03
6.940000000000000000e+02 7.260227591930021873e-01 7.262913825366405611e-03
6.950000000000000000e+02 7.268846408043817542e-01 7.271471588866820594e-03
6.960000000000000000e+02 7.276850478356359231e-01 7.279534908840769834e-03
6.970000000000000000e+02 7.284709128779113252e-01 7.287395640369853829e-03
6.980000000000000000e+02 7.292181749083260778e-01 7.294925767527791170e-03
6.990000000000000000e+02 7.298965103499702733e-01 7.301761410612002227e-03
7.000000000000000000e+02 7.305122528535440418e-01 7.307872747497899495e-03
7.010000000000000000e+02 7.310833845040918266e-01 7.313657758692942122e-03
7.020000000000000000e+02 7.315676261382090262e-01 7.318425276186243077e-03
7.030000000000000000e+02 7.318963167206010700e-01 7.321737052986635082e-03
7.040000000000000000e+02 7.318436277923541233e-01 7.321184118006918151e-03
7.050000000000000000e+02 7.313627053573116266e-01 7.316354130696462073e-03
7.060000000000000000e+02 7.305455077939158048e-01 7.308230238261425107e-03
7.070000000000000000e+02 7.295806879781081555e-01 7.298509715031134028e-03
7.080000000000000000e+02 7.288997610627918622e-01 7.291743263414295420e-03
7.090000000000000000e+02 7.288431326421261902e-01 7.291153625447441104e-03
7.100000000000000000e+02 7.291370867962272406e-01 7.294102691437011170e-03
7.110000000000000000e+02 7.293584907076328117e-01 7.296335844814328016e-03
7.120000000000000000e+02 7.293197176910629631e-01 7.295919606141293076e-03
7.130000000000000000e+02 7.291263922124665564e-01 7.294224109667293669e-03
7.140000000000000000e+02 7.288957088380418892e-01 7.291881361662394534e-03
7.150000000000000000e+02 7.286292450533716769e-01 7.289322226832373186e-03
7.160000000000000000e+02 7.283096305646115098e-01 7.286208696356869484e-03
7.170000000000000000e+02 7.279676674881694343e-01 7.283550046487789927e-03
7.180000000000000000e+02 7.277941696741668798e-01 7.282324936606824825e-03
7.190000000000000000e+02 7.278541695422936497e-01 7.281981506376126664e-03
7.200000000000000000e+02 7.281487385746551189e-01 7.284564473530919654e-03
7.210000000000000000e+02 7.285648389357625154e-01 7.288580467531099137e-03
7.220000000000000000e+02 7.290035344552892038e-01 7.292979178322861467e-03
7.230000000000000000e+02 7.293828624298718255e-01 7.296739526618262021e-03
7.240000000000000000e+02 7.296769063680768053e-01 7.299722264017030268e-03
7.250000000000000000e+02 7.300210673064922995e-01 7.303178360299595294e-03
7.260000000000000000e+02 7.305638508380886131e-01 7.308613004460918008e-03
7.270000000000000000e+02 7.313371336960453606e-01 7.316800466518062936e-03
7.280000000000000000e+02 7.323092472411645293e-01 7.326436582826603358e-03
7.290000000000000000e+02 7.331634966789348784e-01 7.335047439312785723e-03
7.300000000000000000e+02 7.335931523249663577e-01 7.338905358713048582e-03
7.310000000000000000e+02 7.338468135074839305e-01 7.341426826002604711e-03
7.320000000000000000e+02 7.341818856890913736e-01 7.344735185351902902e-03
7.330000000000000000e+02 7.346062762137932634e-01 7.348942804085653764e-03
7.340000000000000000e+02 7.349817162512304325e-01 7.352763413519009840e-03
7.350000000000000000e+02 7.352425432059159771e-01 7.355307882406832663e-03
7.360000000000000000e+02 7.354283960207373960e-01 7.357233395857062756e-03
7.370000000000000000e+02 7.356222883277251379e-01 7.359173327924246021e-03
7.380000000000000000e+02 7.358494316200017149e-01 7.361500480621139229e-03
7.390000000000000000e+02 7.359645781338238768e-01 7.362666006270817548e-03
7.400000000000000000e+02 7.358733712862023379e-01 7.361742224743629201e-03
7.410000000000000000e+02 7.354364678459963667e-01 7.357432402521731779e-03
7.420000000000000000e+02 7.349083736022665736e-01 7.352050432916642370e-03
7.430000000000000000e+02 7.347790426120774931e-01 7.350778737217403963e-03
7.440000000000000000e+02 7.347554576703132501e-01 7.350496213317576910e-03
7.450000000000000000e+02 7.345653539495541340e-01 7.348609623685570073e-03
7.460000000000000000e+02 7.342402845123811028e-01 7.345337112577675874e-03
7.470000000000000000e+02 7.339368435016738745e-01 7.342316979796815503e-03
7.480000000000000000e+02 7.337209410182116143e-01 7.340229417202762119e-03
7.490000000000000000e+02 7.335982100998048594e-01 7.339132106616483818e-03
7.500000000000000000e+02 7.335023085824233791e-01 7.338402049398858214e-03
7.510000000000000000e+02 7.333277521101536633e-01 7.336607490843249056e-03
7.520000000000000000e+02 7.329901400389855493e-01 7.334335844273958890e-03
7.530000000000000000e+02 7.327006103173396845e-01 7.329826755585385281e-03
7.540000000000000000e+02 7.326843544860924817e-01 1.381048373366887926e-02
7.550000000000000000e+02 7.326680986548451679e-01 1.370173914194947398e-02
7.560000000000000000e+02 7.326518428235979652e-01 1.170148822281095735e-01
7.570000000000000000e+02 7.326355869923507624e-01 1.242772229577702309e-01
7.580000000000000000e+02 7.326193311611035597e-01 1.397762993339711768e-01
7.590000000000000000e+02 7.326030753298563569e-01 1.572307753668573116e-01
7.600000000000000000e+02 7.325868194986090431e-01 1.574035249558911054e-01
7.610000000000000000e+02 7.325705636673618404e-01 1.376246516691774224e-01
7.620000000000000000e+02 7.325543078361146376e-01 1.238764377763881264e-01
7.630000000000000000e+02 7.325380520048672128e-01 1.199575351870324769e-01
7.640000000000000000e+02 7.325217961736200101e-01 1.179732552341067747e-01
7.650000000000000000e+02 7.325055403423728073e-01 1.158217162247592441e-01
7.660000000000000000e+02 7.324892845111256046e-01 1.145736843464461308e-01
7.670000000000000000e+02 7.324730286798784018e-01 1.148437455615574643e-01
7.680000000000000000e+02 7.324567728486310880e-01 1.163255603137005323e-01
7.690000000000000000e+02 7.324405170173838853e-01 7.328033295320437665e-03
7.700000000000000000e+02 7.322026258058741410e-01 7.325327297735678526e-03
7.710000000000000000e+02 7.319263714154717881e-01 7.323213355284075889e-03
7.720000000000000000e+02 7.316340449331519835e-01 7.319746472743184247e-03
7.730000000000000000e+02 7.313654832951459461e-01 7.317148981637744930e-03
7.740000000000000000e+02 7.310166754311051562e-01 7.313617068939416363e-03
7.750000000000000000e+02 7.305786333075151573e-01 7.309327584173130887e-03
7.760000000000000000e+02 7.301343120097432138e-01 7.304874953022521405e-03
7.770000000000000000e+02 7.298345378268434880e-01 7.302304382410564065e-03
7.780000000000000000e+02 7.295536068412757924e-01 7.298788550657108083e-03
7.790000000000000000e+02 7.287956107048643162e-01 7.291090507152772973e-03
7.800000000000000000e+02 7.278116154903593316e-01 7.281336177750881954e-03
7.810000000000000000e+02 7.268905641099396853e-01 7.272069893357187634e-03
7.820000000000000000e+02 7.259113585550460712e-01 7.262343984909290506e-03
7.830000000000000000e+02 7.250145504506579908e-01 7.253370398946546241e-03
7.840000000000000000e+02 7.245406373302273328e-01 7.249469879214853404e-03
7.850000000000000000e+02 7.244738831880634944e-01 7.248904369785972267e-03
7.860000000000000000e+02 7.244319456508820920e-01 7.247533553964463290e-03
7.870000000000000000e+02 7.242514005820667178e-01 7.245795396401073611e-03
7.880000000000000000e+02 7.239549559932292322e-01 7.242771722025850845e-03
7.890000000000000000e+02 7.234959564467683402e-01 7.238241507617147394e-03
7.900000000000000000e+02 7.229962355686740949e-01 7.233265774656136987e-03
7.910000000000000000e+02 7.225545315782934130e-01 7.228907856733963848e-03
7.920000000000000000e+02 7.221481467343426885e-01 7.226508110033043851e-03
7.930000000000000000e+02 7.218446507191126349e-01 7.223941327175241976e-03
7.940000000000000000e+02 7.216615635842150711e-01 7.221621142471511268e-03
7.950000000000000000e+02 7.216524679651812324e-01 7.219925764513062533e-03
7.960000000000000000e+02 7.216908044484724449e-01 7.220294116785577233e-03
7.970000000000000000e+02 7.216771384672002743e-01 7.220099122608694686e-03
7.980000000000000000e+02 7.216742519482853835e-01 7.220138797716720881e-03
7.990000000000000000e+02 7.216868397293318971e-01 7.220326150352947107e-03
8.000000000000000000e+02 7.217107292702872323e-01 7.220870120265376543e-03
8.010000000000000000e+02 7.212101790387106526e-01 7.215629090226225242e-03
8.020000000000000000e+02 7.208975128385133324e-01 7.212404834509207781e-03
8.030000000000000000e+02 7.209404167934641006e-01 7.212925004068737773e-03
8.040000000000000000e+02 7.210907230091121445e-01 7.214398661371969682e-03
8.050000000000000000e+02 7.210860790611219873e-01 7.214374588487095820e-03
8.060000000000000000e+02 7.207410718295846896e-01 7.210978760459595301e-03
8.070000000000000000e+02 7.203048066112347492e-01 7.206530480535183747e-03
8.080000000000000000e+02 7.199489733351049914e-01 7.203108839173798759e-03
8.090000000000000000e+02 7.196868449967849246e-01 7.200360355431019953e-03
8.100000000000000000e+02 7.193834899378404035e-01 7.197425971187922100e-03
8.110000000000000000e+02 7.193652815786845123e-01 1.386756198413168634e-02
8.120000000000000000e+02 7.193470732195288431e-01 1.396014122919424748e-02
8.130000000000000000e+02 7.193288648603730628e-01 1.404291905852710944e-02
8.140000000000000000e+02 7.193106565012172826e-01 1.411815356236714378e-02
8.150000000000000000e+02 7.192924481420616134e-01 1.414649683285425924e-02
8.160000000000000000e+02 7.192742397829057222e-01 1.412387074463572652e-02
8.170000000000000000e+02 7.192560314237499419e-01 1.406919833533511188e-02
8.180000000000000000e+02 7.192378230645942727e-01 1.401158821613790288e-02
8.190000000000000000e+02 7.192196147054384925e-01 1.396805997922715911e-02
8.200000000000000000e+02 7.192014063462826012e-01 1.397623583659333285e-02
8.210000000000000000e+02 7.191831979871269320e-01 1.400382814739173191e-02
8.220000000000000000e+02 7.191649896279711518e-01 1.399095906720864736e-02
8.230000000000000000e+02 7.191467812688154826e-01 1.391203818022996100e-02
8.240000000000000000e+02 7.191285729096597024e-01 1.387169011052837367e-02
8.250000000000000000e+02 7.191103645505038111e-01 1.390856407835716797e-02
8.260000000000000000e+02 7.190921561913481419e-01 1.396614720414669254e-02
8.270000000000000000e+02 7.190739478321923617e-01 1.399674738528400124e-02
8.280000000000000000e+02 7.190557394730365814e-01 1.400337124858485813e-02
8.290000000000000000e+02 7.190375311138809122e-01 1.400567998020619750e-02
8.300000000000000000e+02 7.190193227547250210e-01 7.194194549935614517e-03
8.310000000000000000e+02 7.185399003853363276e-01 7.189494144137983933e-03
8.320000000000000000e+02 7.180733853176938242e-01 7.184738741007627195e-03
8.330000000000000000e+02 7.176408475609746818e-01 7.181022636778148019e-03
8.340000000000000000e+02 7.172553506562743264e-01 7.176544747403403035e-03
8.350000000000000000e+02 7.168456328380415910e-01 7.172457286359275840e-03
8.360000000000000000e+02 7.162981480664097900e-01 7.166891572662347984e-03
8.370000000000000000e+02 7.155229173071752102e-01 7.159187667523655291e-03
8.380000000000000000e+02 7.144732656668817405e-01 7.148728991526414819e-03
8.390000000000000000e+02 7.135166555700626079e-01 7.139037495244570167e-03
8.400000000000000000e+02 7.128221898630566766e-01 7.132244915627977341e-03
8.410000000000000000e+02 7.125460988371866700e-01 7.129377386754027351e-03
8.420000000000000000e+02 7.115503715290336650e-01 7.119507415030390876e-03
8.430000000000000000e+02 7.100250554589777607e-01 7.104219855580858056e-03
8.440000000000000000e+02 7.088859561243877616e-01 7.092870930791165748e-03
8.450000000000000000e+02 7.085894984014412534e-01 7.089911928552709505e-03
8.460000000000000000e+02 7.086751719959141216e-01 7.090714395652393358e-03
8.470000000000000000e+02 7.084941020934348854e-01 7.089067502481025650e-03
8.480000000000000000e+02 7.077428803792106260e-01 7.082523964474736478e-03
8.490000000000000000e+02 7.067448758473636738e-01 7.072123594457893972e-03
8.500000000000000000e+02 7.056340094844395505e-01 7.061172466873703001e-03
8.510000000000000000e+02 7.049185138083409186e-01 7.054560685757734102e-03
8.520000000000000000e+02 7.045285121110834714e-01 7.049777426583862111e-03
8.530000000000000000e+02 7.038526687469579546e-01 7.045357287358723977e-03
8.540000000000000000e+02 7.026363451528279125e-01 7.034765355481272138e-03
8.550000000000000000e+02 7.006644069600512781e-01 7.011551132391759429e-03
8.560000000000000000e+02 6.989306582580274707e-01 6.994438962044418479e-03
8.570000000000000000e+02 6.980632195242806315e-01 6.985470374747124525e-03
8.580000000000000000e+02 6.980308949492306514e-01 6.985525477525214057e-03
8.590000000000000000e+02 6.983644158911860300e-01 6.990654842730517973e-03
8.600000000000000000e+02 6.984915664799506985e-01 6.994738432513009259e-03
8.610000000000000000e+02 6.982325185867963580e-01 6.988257820309767485e-03
8.620000000000000000e+02 6.980182820358532547e-01 6.985107704910895228e-03
8.630000000000000000e+02 6.981308148383472689e-01 6.987047578229519523e-03
8.640000000000000000e+02 6.985491059765290833e-01 6.991098758583195669e-03
8.650000000000000000e+02 6.984118463055455361e-01 6.991054903435442794e-03
8.660000000000000000e+02 6.972012781657040970e-01 6.979804864415215665e-03
8.670000000000000000e+02 6.954625650276037296e-01 6.960747746728225896e-03
8.680000000000000000e+02 6.939404688720779424e-01 6.943912236603294250e-03
8.690000000000000000e+02 6.929685644537730838e-01 6.934056767015183212e-03
8.700000000000000000e+02 6.923747729713034538e-01 6.928109147630540608e-03
8.710000000000000000e+02 6.921657546377861792e-01 6.925868191449280863e-03
8.720000000000000000e+02 6.916824970764243741e-01 6.921256790467679790e-03
8.730000000000000000e+02 6.908792101901362059e-01 6.914969671816796615e-03
8.740000000000000000e+02 6.902292474875574291e-01 6.908052205656689190e-03
8.750000000000000000e+02 6.899177125928033227e-01 6.904160419942796147e-03
8.760000000000000000e+02 6.901249212889359885e-01 6.905823584626169694e-03
8.770000000000000000e+02 6.902173678438476845e-01 6.906683459294386644e-03
8.780000000000000000e+02 6.896163465568525552e-01 6.900763058573461915e-03
8.790000000000000000e+02 6.884027623507690263e-01 6.889280010214103231e-03
8.800000000000000000e+02 6.869647150220138387e-01 6.874778283375280498e-03
8.810000000000000000e+02 6.853902640845176419e-01 6.858586480131221089e-03
8.820000000000000000e+02 6.837799400247217552e-01 6.842339702725190771e-03
8.830000000000000000e+02 6.822258653131226813e-01 6.826859269153535623e-03
8.840000000000000000e+02 6.808936894742988466e-01 6.813508640246361374e-03
8.850000000000000000e+02 6.795112974728853006e-01 6.799769475960063675e-03
8.860000000000000000e+02 6.778913769459607996e-01 6.784891034730195641e-03
8.870000000000000000e+02 6.760503197146184862e-01 6.765154032712679573e-03
8.880000000000000000e+02 6.741283950000702685e-01 6.745999291780291687e-03
8.890000000000000000e+02 6.724510279548596703e-01 6.729109662404034013e-03
8.900000000000000000e+02 6.712888852958880381e-01 6.717633947007676902e-03
8.910000000000000000e+02 6.705908068995936056e-01 6.710586103524398410e-03
8.920000000000000000e+02 6.699858829466464050e-01 6.704685767657672830e-03
8.930000000000000000e+02 6.692172547968426866e-01 6.696954509973872781e-03
8.940000000000000000e+02 6.679724231594752482e-01 6.684666304402233153e-03
8.950000000000000000e+02 6.662608561769864934e-01 6.668017536098262178e-03
8.960000000000000000e+02 6.642163110964134365e-01 6.648985655805638578e-03
8.970000000000000000e+02 6.619490355637452916e-01 6.625797674819741863e-03
8.980000000000000000e+02 6.596298962150378697e-01 6.601832839763979027e-03
8.990000000000000000e+02 6.576965708812181344e-01 6.583517282772378097e-03
9.000000000000000000e+02 6.561182779610460480e-01 6.567596245852478330e-03
9.010000000000000000e+02 6.545280575004832624e-01 6.551652158373631740e-03
9.020000000000000000e+02 6.528071608947317861e-01 6.533992975228669273e-03
9.030000000000000000e+02 6.510485870259542507e-01 6.515615528903653288e-03
9.040000000000000000e+02 6.494137080837697473e-01 6.499254645606987457e-03
9.050000000000000000e+02 6.478676791277212521e-01 6.483783076776526016e-03
9.060000000000000000e+02 6.464361569732650636e-01 6.469873660240043310e-03
9.070000000000000000e+02 6.452543929095592157e-01 6.459582819020579826e-03
9.080000000000000000e+02 6.442354488862704898e-01 6.449824910651640736e-03
9.090000000000000000e+02 6.429981552509046461e-01 6.436459665201618024e-03
9.100000000000000000e+02 6.411307781934985073e-01 6.417080885133693256e-03
9.110000000000000000e+02 6.385199550521738487e-01 6.390795634183869811e-03
9.120000000000000000e+02 6.352675526852218368e-01 6.358299565091643166e-03
9.130000000000000000e+02 6.316687609696693961e-01 6.322416450477130398e-03
9.140000000000000000e+02 6.282569285062135078e-01 6.288225075745381906e-03
9.150000000000000000e+02 6.254140453483330031e-01 6.260812502084586728e-03
9.160000000000000000e+02 6.230540414109947411e-01 6.236895649968734329e-03
9.170000000000000000e+02 6.207746504476669980e-01 6.214292818835606691e-03
9.180000000000000000e+02 6.181885965060341936e-01 6.187443093093708026e-03
9.190000000000000000e+02 6.146278049481894712e-01 6.151862892631446318e-03
9.200000000000000000e+02 6.099184345937148644e-01 6.104697829387572584e-03
9.210000000000000000e+02 6.045863972767291372e-01 6.051502485181580078e-03
9.220000000000000000e+02 5.994135276572531978e-01 5.999917867748769985e-03
9.230000000000000000e+02 5.945268839231638847e-01 5.951576283049856211e-03
9.240000000000000000e+02 5.899521434636310069e-01 5.905272153084870773e-03
9.250000000000000000e+02 5.861439756531312550e-01 5.866878904319702305e-03
9.260000000000000000e+02 5.837490262773062932e-01 5.843045696129976416e-03
9.270000000000000000e+02 5.829477575331019068e-01 5.834997097113809802e-03
9.280000000000000000e+02 5.827191426202523727e-01 5.833583085373234348e-03
9.290000000000000000e+02 5.820374680310798077e-01 5.828565798841759196e-03
9.300000000000000000e+02 5.801083648103195767e-01 5.811912277626443343e-03
9.310000000000000000e+02 5.772545436111472528e-01 5.785300485698612570e-03
9.320000000000000000e+02 5.736682521348832609e-01 5.751345054291012379e-03
9.330000000000000000e+02 5.696831108934377053e-01 5.713095553051316181e-03
9.340000000000000000e+02 5.654256213195592018e-01 5.671107795277179064e-03
9.350000000000000000e+02 5.608201951636482274e-01 5.619976899350121770e-03
9.360000000000000000e+02 5.562950811851430366e-01 5.576341906984289172e-03
9.370000000000000000e+02 5.521868781252364800e-01 5.535157623939165709e-03
9.380000000000000000e+02 5.484715110530408166e-01 5.496422958887891771e-03
9.390000000000000000e+02 5.449980780208879549e-01 5.457561426998049428e-03
9.400000000000000000e+02 5.421096662438382729e-01 5.428377356668476726e-03
9.410000000000000000e+02 5.398395003081591925e-01 5.405985359251083179e-03
9.420000000000000000e+02 5.375685115144850368e-01 5.387343348497041287e-03
9.430000000000000000e+02 5.347647715143353242e-01 5.359016712850398802e-03
9.440000000000000000e+02 5.316918534179446709e-01 5.326377725888957644e-03
9.450000000000000000e+02 5.285480752098414836e-01 5.294534781816796244e-03
9.460000000000000000e+02 5.246340397795773436e-01 5.255222882052099261e-03
9.470000000000000000e+02 5.191187297959206637e-01 5.199544851423397451e-03
9.480000000000000000e+02 5.118349447952600384e-01 5.126686743305172711e-03
9.490000000000000000e+02 5.038913759708323337e-01 5.048293503233726963e-03
9.500000000000000000e+02 4.962733524523968431e-01 4.971851139182283975e-03
9.510000000000000000e+02 4.899708877506019356e-01 4.908106034654901965e-03
9.520000000000000000e+02 4.847735286454705750e-01 4.855984126071998148e-03
9.530000000000000000e+02 4.805265256077301816e-01 4.813855751827155784e-03
9.540000000000000000e+02 4.768953175733297023e-01 4.777406189330838000e-03
9.550000000000000000e+02 4.736004197725569576e-01 4.744623115544684827e-03
9.560000000000000000e+02 4.704777506865008840e-01 4.713136135314903094e-03
9.570000000000000000e+02 4.669493485807620359e-01 4.677841054031819240e-03
9.580000000000000000e+02 4.628000747466438636e-01 4.636294976752947626e-03
9.590000000000000000e+02 4.582217385917832231e-01 4.590303034782348447e-03
9.600000000000000000e+02 4.534871599630019845e-01 4.542978187203777253e-03
9.610000000000000000e+02 4.484617122082329432e-01 4.492459526411377892e-03
9.620000000000000000e+02 4.431246455000535933e-01 4.439323361465886096e-03
9.630000000000000000e+02 4.379036345716028067e-01 4.386879730758549804e-03
9.640000000000000000e+02 4.331594652903508758e-01 4.339564370097527025e-03
9.650000000000000000e+02 4.287253413699311788e-01 4.295922368790686986e-03
9.660000000000000000e+02 4.241538246943779011e-01 4.249130649680925645e-03
9.670000000000000000e+02 4.194064716572963314e-01 4.201277989511507244e-03
9.680000000000000000e+02 4.147478430195802312e-01 4.154564480857728115e-03
9.690000000000000000e+02 4.101875261063741007e-01 4.109019444450265866e-03
9.700000000000000000e+02 4.055112170449597375e-01 4.062234043768509287e-03
9.710000000000000000e+02 4.006165752646451694e-01 4.013776543096205310e-03
9.720000000000000000e+02 3.955725940805044916e-01 3.963365450462868339e-03
9.730000000000000000e+02 3.904303158994125167e-01 3.912383052872285723e-03
9.740000000000000000e+02 3.850804735167701609e-01 3.858720976974290909e-03
9.750000000000000000e+02 3.793897474293983496e-01 3.801988121266925390e-03
9.760000000000000000e+02 3.734592011217879870e-01 3.742433516642676861e-03
9.770000000000000000e+02 3.673655408632737207e-01 3.681549541776376472e-03
9.780000000000000000e+02 3.612451131828068318e-01 3.620343117375922175e-03
9.790000000000000000e+02 3.551716313936475466e-01 3.559376392587683229e-03
9.800000000000000000e+02 3.492709735866181275e-01 3.500515352704007977e-03
9.810000000000000000e+02 3.436955701167342947e-01 1.186836363636363523e-01
9.820000000000000000e+02 3.384530976214461528e-01 1.186836363636363523e-01
9.830000000000000000e+02 3.333676982396211463e-01 1.186836363636363523e-01
9.840000000000000000e+02 3.282040349759211550e-01 1.186836363636363523e-01
9.850000000000000000e+02 3.227361197458244457e-01 1.186836363636363523e-01
9.860000000000000000e+02 3.169887346756379842e-01 1.186836363636363523e-01
9.870000000000000000e+02 3.111067973062158210e-01 1.186836363636363523e-01
9.880000000000000000e+02 3.051948281667395402e-01 1.186836363636363523e-01
9.890000000000000000e+02 2.991803091797413661e-01 1.186836363636363523e-01
9.900000000000000000e+02 2.930195378831063069e-01 1.186836363636363523e-01
9.910000000000000000e+02 2.867572769414289402e-01 1.186836363636363523e-01
9.920000000000000000e+02 2.805328806027722055e-01 1.186836363636363523e-01
9.930000000000000000e+02 2.744530135564237083e-01 1.186836363636363523e-01
9.940000000000000000e+02 2.684865723875021759e-01 1.186836363636363523e-01
9.950000000000000000e+02 2.626092766753373997e-01 1.186836363636363523e-01
9.960000000000000000e+02 2.567589068098852789e-01 1.186836363636363523e-01
9.970000000000000000e+02 2.508996272794130622e-01 1.186836363636363523e-01
9.980000000000000000e+02 2.450535901008065176e-01 1.186836363636363523e-01
9.990000000000000000e+02 2.392881413703435989e-01 1.186836363636363523e-01
1.000000000000000000e+03 2.336406278067507947e-01 1.186836363636363523e-01
1.001000000000000000e+03 2.280604724918063320e-01 1.186836363636363523e-01
1.002000000000000000e+03 2.224799142929264617e-01 1.186836363636363523e-01
1.003000000000000000e+03 2.168565683131269128e-01 1.186836363636363523e-01
1.004000000000000000e+03 2.112572085059195859e-01 1.186836363636363523e-01
1.005000000000000000e+03 2.056510852355340202e-01 1.186836363636363523e-01
1.006000000000000000e+03 2.001270435972588579e-01 1.186836363636363523e-01
1.007000000000000000e+03 1.946608967526474998e-01 1.186836363636363523e-01
1.008000000000000000e+03 1.892107787050807954e-01 1.186836363636363523e-01
1.009000000000000000e+03 1.837722211728747557e-01 1.186836363636363523e-01
1.010000000000000000e+03 1.784399309717005500e-01 1.186836363636363523e-01
1.011000000000000000e+03 1.732491744779822707e-01 1.186836363636363523e-01
1.012000000000000000e+03 1.682000902625470085e-01 1.186836363636363523e-01
1.013000000000000000e+03 1.632697664056096121e-01 1.186836363636363523e-01
1.014000000000000000e+03 1.583174611178683466e-01 1.186836363636363523e-01
1.015000000000000000e+03 1.533639826928699101e-01 1.186836363636363523e-01
1.016000000000000000e+03 1.483989368350660809e-01 1.186836363636363523e-01
1.017000000000000000e+03 1.435198438624745998e-01 1.186836363636363523e-01
1.018000000000000000e+03 1.387568536440319522e-01 1.186836363636363523e-01
1.019000000000000000e+03 1.341021728583248751e-01 1.186836363636363523e-01
1.020000000000000000e+03 1.294779530622319763e-01 1.186836363636363523e-01
1.021000000000000000e+03 1.248237319575547094e-01 1.186836363636363523e-01
1.022000000000000000e+03 1.201646498091497178e-01 1.186836363636363523e-01
1.023000000000000000e+03 1.155331675208142450e-01 1.186836363636363523e-01
1.024000000000000000e+03 1.109417243521671065e-01 1.186836363636363523e-01
1.025000000000000000e+03 1.061544774336340424e-01 1.186836363636363523e-01
1.026000000000000000e+03 1.013813501131994865e-01 1.186836363636363523e-01
1.027000000000000000e+03 9.690228521016300278e-02 1.186836363636363523e-01
1.028000000000000000e+03 9.324669542511605791e-02 1.186836363636363523e-01
1.029000000000000000e+03 9.068867699209651190e-02 1.186836363636363523e-01
1.030000000000000000e+03 9.008177322791237340e-02 1.186836363636363523e-01
1.031000000000000000e+03 8.731757549391477857e-02 1.186836363636363523e-01
1.032000000000000000e+03 8.455337775991721150e-02 1.186836363636363523e-01
1.033000000000000000e+03 8.178918002591963055e-02 1.186836363636363523e-01
1.034000000000000000e+03 7.902498229192206347e-02 1.186836363636363523e-01
1.035000000000000000e+03 7.626078455792449640e-02 1.186836363636363523e-01
1.036000000000000000e+03 7.349658682392692932e-02 1.186836363636363523e-01
1.037000000000000000e+03 7.073238908992936225e-02 1.186836363636363523e-01
1.038000000000000000e+03 6.796819135593179517e-02 1.186836363636363523e-01
1.039000000000000000e+03 6.520399362193421422e-02 1.186836363636363523e-01
1.040000000000000000e+03 6.243979588793665408e-02 1.186836363636363523e-01
1.041000000000000000e+03 0.000000000000000000e+00 1.186836363636363523e-01
1.042000000000000000e+03 0.000000000000000000e+00 1.186836363636363523e-01
1.043000000000000000e+03 0.000000000000000000e+00 1.186836363636363523e-01
1.044000000000000000e+03 0.000000000000000000e+00 1.186836363636363523e-01
1.045000000000000000e+03 0.000000000000000000e+00 1.186836363636363523e-01
1.046000000000000000e+03 0.000000000000000000e+00 1.186836363636363523e-01
1.047000000000000000e+03 0.000000000000000000e+00 1.186836363636363523e-01
1.048000000000000000e+03 0.000000000000000000e+00 1.186836363636363523e-01
1.049000000000000000e+03 0.000000000000000000e+00 1.186836363636363523e-01
1.050000000000000000e+03 0.000000000000000000e+00 1.186836363636363523e-01
1.051000000000000000e+03 0.000000000000000000e+00 1.186836363636363523e-01
1.052000000000000000e+03 0.000000000000000000e+00 1.186836363636363523e-01
1.053000000000000000e+03 0.000000000000000000e+00 1.186836363636363523e-01
1.054000000000000000e+03 0.000000000000000000e+00 1.186836363636363523e-01
1.055000000000000000e+03 0.000000000000000000e+00 1.186836363636363523e-01
1.056000000000000000e+03 0.000000000000000000e+00 1.186836363636363523e-01
1.057000000000000000e+03 0.000000000000000000e+00 1.186836363636363523e-01
1.058000000000000000e+03 0.000000000000000000e+00 1.186836363636363523e-01
1.059000000000000000e+03 0.000000000000000000e+00 1.186836363636363523e-01
1.060000000000000000e+03 0.000000000000000000e+00 1.186836363636363523e-01
1.061000000000000000e+03 0.000000000000000000e+00 1.186836363636363523e-01
1.062000000000000000e+03 0.000000000000000000e+00 1.186836363636363523e-01
1.063000000000000000e+03 0.000000000000000000e+00 1.186836363636363523e-01
1.064000000000000000e+03 0.000000000000000000e+00 1.186836363636363523e-01
1.065000000000000000e+03 0.000000000000000000e+00 1.186836363636363523e-01
1.066000000000000000e+03 0.000000000000000000e+00 1.186836363636363523e-01
1.067000000000000000e+03 0.000000000000000000e+00 1.186836363636363523e-01
1.068000000000000000e+03 0.000000000000000000e+00 1.186836363636363523e-01
1.069000000000000000e+03 0.000000000000000000e+00 1.186836363636363523e-01
1.070000000000000000e+03 0.000000000000000000e+00 1.186836363636363523e-01
1.071000000000000000e+03 0.000000000000000000e+00 1.186836363636363523e-01
1.072000000000000000e+03 0.000000000000000000e+00 1.186836363636363523e-01
1.073000000000000000e+03 0.000000000000000000e+00 1.186836363636363523e-01
1.074000000000000000e+03 0.000000000000000000e+00 1.186836363636363523e-01
1.075000000000000000e+03 0.000000000000000000e+00 1.186836363636363523e-01
1.076000000000000000e+03 0.000000000000000000e+00 1.186836363636363523e-01
1.077000000000000000e+03 0.000000000000000000e+00 1.186836363636363523e-01
1.078000000000000000e+03 0.000000000000000000e+00 1.186836363636363523e-01
1.079000000000000000e+03 0.000000000000000000e+00 1.186836363636363523e-01
1.080000000000000000e+03 0.000000000000000000e+00 1.186836363636363523e-01
1.081000000000000000e+03 0.000000000000000000e+00 1.186836363636363523e-01
1.082000000000000000e+03 0.000000000000000000e+00 1.186836363636363523e-01
1.083000000000000000e+03 0.000000000000000000e+00 1.186836363636363523e-01
1.084000000000000000e+03 0.000000000000000000e+00 1.186836363636363523e-01
1.085000000000000000e+03 0.000000000000000000e+00 1.186836363636363523e-01
1.086000000000000000e+03 0.000000000000000000e+00 1.186836363636363523e-01
1.087000000000000000e+03 0.000000000000000000e+00 1.186836363636363523e-01
1.088000000000000000e+03 0.000000000000000000e+00 1.186836363636363523e-01
1.089000000000000000e+03 0.000000000000000000e+00 1.186836363636363523e-01
1.090000000000000000e+03 0.000000000000000000e+00 1.186836363636363523e-01
1.091000000000000000e+03 0.000000000000000000e+00 1.186836363636363523e-01
1.092000000000000000e+03 0.000000000000000000e+00 1.186836363636363523e-01
1.093000000000000000e+03 0.000000000000000000e+00 1.186836363636363523e-01
1.094000000000000000e+03 0.000000000000000000e+00 1.186836363636363523e-01
1.095000000000000000e+03 0.000000000000000000e+00 1.186836363636363523e-01
1.096000000000000000e+03 0.000000000000000000e+00 1.186836363636363523e-01
1.097000000000000000e+03 0.000000000000000000e+00 1.186836363636363523e-01
1.098000000000000000e+03 0.000000000000000000e+00 1.186836363636363523e-01
1.099000000000000000e+03 0.000000000000000000e+00 1.186836363636363523e-01
