3.000000000000000000e+02 0.000000000000000000e+00 5.000000000000000104e-03
3.010000000000000000e+02 0.000000000000000000e+00 5.000000000000000104e-03
3.020000000000000000e+02 0.000000000000000000e+00 5.000000000000000104e-03
3.030000000000000000e+02 0.000000000000000000e+00 5.000000000000000104e-03
3.040000000000000000e+02 0.000000000000000000e+00 5.000000000000000104e-03
3.050000000000000000e+02 0.000000000000000000e+00 5.000000000000000104e-03
3.060000000000000000e+02 0.000000000000000000e+00 5.000000000000000104e-03
3.070000000000000000e+02 0.000000000000000000e+00 5.000000000000000104e-03
3.080000000000000000e+02 0.000000000000000000e+00 5.000000000000000104e-03
3.090000000000000000e+02 0.000000000000000000e+00 5.000000000000000104e-03
3.100000000000000000e+02 0.000000000000000000e+00 5.000000000000000104e-03
3.110000000000000000e+02 0.000000000000000000e+00 5.000000000000000104e-03
3.120000000000000000e+02 0.000000000000000000e+00 5.000000000000000104e-03
3.130000000000000000e+02 0.000000000000000000e+00 5.000000000000000104e-03
3.140000000000000000e+02 0.000000000000000000e+00 5.000000000000000104e-03
3.150000000000000000e+02 0.000000000000000000e+00 5.000000000000000104e-03
3.160000000000000000e+02 0.000000000000000000e+00 5.000000000000000104e-03
3.170000000000000000e+02 0.000000000000000000e+00 5.000000000000000104e-03
3.180000000000000000e+02 0.000000000000000000e+00 5.000000000000000104e-03
3.190000000000000000e+02 0.000000000000000000e+00 5.000000000000000104e-03
3.200000000000000000e+02 0.000000000000000000e+00 5.000000000000000104e-03
3.210000000000000000e+02 0.000000000000000000e+00 5.000000000000000104e-03
3.220000000000000000e+02 0.000000000000000000e+00 5.000000000000000104e-03
3.230000000000000000e+02 0.000000000000000000e+00 5.000000000000000104e-03
3.240000000000000000e+02 0.000000000000000000e+00 5.000000000000000104e-03
3.250000000000000000e+02 0.000000000000000000e+00 5.000000000000000104e-03
3.260000000000000000e+02 0.000000000000000000e+00 5.000000000000000104e-03
3.270000000000000000e+02 0.000000000000000000e+00 5.000000000000000104e-03
3.280000000000000000e+02 0.000000000000000000e+00 5.000000000000000104e-03
3.290000000000000000e+02 0.000000000000000000e+00 5.000000000000000104e-03
3.300000000000000000e+02 0.000000000000000000e+00 5.000000000000000104e-03
3.310000000000000000e+02 0.000000000000000000e+00 5.000000000000000104e-03
3.320000000000000000e+02 0.000000000000000000e+00 5.000000000000000104e-03
3.330000000000000000e+02 0.000000000000000000e+00 5.000000000000000104e-03
3.340000000000000000e+02 0.000000000000000000e+00 5.000000000000000104e-03
3.350000000000000000e+02 0.000000000000000000e+00 5.000000000000000104e-03
3.360000000000000000e+02 0.000000000000000000e+00 5.000000000000000104e-03
3.370000000000000000e+02 0.000000000000000000e+00 5.000000000000000104e-03
3.380000000000000000e+02 0.000000000000000000e+00 5.000000000000000104e-03
3.390000000000000000e+02 0.000000000000000000e+00 5.000000000000000104e-03
3.400000000000000000e+02 0.000000000000000000e+00 5.000000000000000104e-03
3.410000000000000000e+02 0.000000000000000000e+00 5.000000000000000104e-03
3.420000000000000000e+02 0.000000000000000000e+00 5.000000000000000104e-03
3.430000000000000000e+02 0.000000000000000000e+00 5.000000000000000104e-03
3.440000000000000000e+02 0.000000000000000000e+00 5.000000000000000104e-03
3.450000000000000000e+02 0.000000000000000000e+00 5.000000000000000104e-03
3.460000000000000000e+02 0.000000000000000000e+00 5.000000000000000104e-03
3.470000000000000000e+02 0.000000000000000000e+00 5.000000000000000104e-03
3.480000000000000000e+02 0.000000000000000000e+00 5.000000000000000104e-03
3.490000000000000000e+02 0.000000000000000000e+00 5.000000000000000104e-03
3.500000000000000000e+02 0.000000000000000000e+00 5.000000000000000104e-03
3.510000000000000000e+02 0.000000000000000000e+00 5.000000000000000104e-03
3.520000000000000000e+02 0.000000000000000000e+00 5.000000000000000104e-03
3.530000000000000000e+02 0.000000000000000000e+00 5.000000000000000104e-03
3.540000000000000000e+02 0.000000000000000000e+00 5.000000000000000104e-03
3.550000000000000000e+02 0.000000000000000000e+00 5.000000000000000104e-03
3.560000000000000000e+02 0.000000000000000000e+00 5.000000000000000104e-03
3.570000000000000000e+02 0.000000000000000000e+00 5.000000000000000104e-03
3.580000000000000000e+02 0.000000000000000000e+00 5.000000000000000104e-03
3.590000000000000000e+02 0.000000000000000000e+00 5.000000000000000104e-03
3.600000000000000000e+02 0.000000000000000000e+00 5.000000000000000104e-03
3.610000000000000000e+02 0.000000000000000000e+00 5.000000000000000104e-03
3.620000000000000000e+02 0.000000000000000000e+00 5.000000000000000104e-03
3.630000000000000000e+02 0.000000000000000000e+00 5.000000000000000104e-03
3.640000000000000000e+02 0.000000000000000000e+00 5.000000000000000104e-03
3.650000000000000000e+02 0.000000000000000000e+00 5.000000000000000104e-03
3.660000000000000000e+02 0.000000000000000000e+00 5.000000000000000104e-03
3.670000000000000000e+02 0.000000000000000000e+00 5.000000000000000104e-03
3.680000000000000000e+02 0.000000000000000000e+00 5.000000000000000104e-03
3.690000000000000000e+02 0.000000000000000000e+00 5.000000000000000104e-03
3.700000000000000000e+02 0.000000000000000000e+00 5.000000000000000104e-03
3.710000000000000000e+02 0.000000000000000000e+00 5.000000000000000104e-03
3.720000000000000000e+02 0.000000000000000000e+00 5.000000000000000104e-03
3.730000000000000000e+02 0.000000000000000000e+00 5.000000000000000104e-03
3.740000000000000000e+02 0.000000000000000000e+00 5.000000000000000104e-03
3.750000000000000000e+02 0.000000000000000000e+00 5.000000000000000104e-03
3.760000000000000000e+02 0.000000000000000000e+00 5.000000000000000104e-03
3.770000000000000000e+02 0.000000000000000000e+00 5.000000000000000104e-03
3.780000000000000000e+02 0.000000000000000000e+00 5.000000000000000104e-03
3.790000000000000000e+02 0.000000000000000000e+00 5.000000000000000104e-03
3.800000000000000000e+02 0.000000000000000000e+00 5.000000000000000104e-03
3.810000000000000000e+02 0.000000000000000000e+00 5.000000000000000104e-03
3.820000000000000000e+02 0.000000000000000000e+00 5.000000000000000104e-03
3.830000000000000000e+02 0.000000000000000000e+00 5.000000000000000104e-03
3.840000000000000000e+02 0.000000000000000000e+00 5.000000000000000104e-03
3.850000000000000000e+02 0.000000000000000000e+00 5.000000000000000104e-03
3.860000000000000000e+02 0.000000000000000000e+00 5.000000000000000104e-03
3.870000000000000000e+02 0.000000000000000000e+00 5.000000000000000104e-03
3.880000000000000000e+02 0.000000000000000000e+00 5.000000000000000104e-03
3.890000000000000000e+02 0.000000000000000000e+00 5.000000000000000104e-03
3.900000000000000000e+02 0.000000000000000000e+00 5.000000000000000104e-03
3.910000000000000000e+02 0.000000000000000000e+00 5.000000000000000104e-03
3.920000000000000000e+02 0.000000000000000000e+00 5.000000000000000104e-03
3.930000000000000000e+02 0.000000000000000000e+00 5.000000000000000104e-03
3.940000000000000000e+02 0.000000000000000000e+00 5.000000000000000104e-03
3.950000000000000000e+02 0.000000000000000000e+00 5.000000000000000104e-03
3.960000000000000000e+02 0.000000000000000000e+00 5.000000000000000104e-03
3.970000000000000000e+02 0.000000000000000000e+00 5.000000000000000104e-03
3.980000000000000000e+02 0.000000000000000000e+00 5.000000000000000104e-03
3.990000000000000000e+02 0.000000000000000000e+00 5.000000000000000104e-03
4.000000000000000000e+02 0.000000000000000000e+00 5.000000000000000104e-03
4.010000000000000000e+02 0.000000000000000000e+00 5.000000000000000104e-03
4.020000000000000000e+02 0.000000000000000000e+00 5.000000000000000104e-03
4.030000000000000000e+02 0.000000000000000000e+00 5.000000000000000104e-03
4.040000000000000000e+02 0.000000000000000000e+00 5.000000000000000104e-03
4.050000000000000000e+02 0.000000000000000000e+00 5.000000000000000104e-03
4.060000000000000000e+02 0.000000000000000000e+00 5.000000000000000104e-03
4.070000000000000000e+02 0.000000000000000000e+00 5.000000000000000104e-03
4.080000000000000000e+02 0.000000000000000000e+00 5.000000000000000104e-03
4.090000000000000000e+02 0.000000000000000000e+00 5.000000000000000104e-03
4.100000000000000000e+02 0.000000000000000000e+00 5.000000000000000104e-03
4.110000000000000000e+02 0.000000000000000000e+00 5.000000000000000104e-03
4.120000000000000000e+02 0.000000000000000000e+00 5.000000000000000104e-03
4.130000000000000000e+02 0.000000000000000000e+00 5.000000000000000104e-03
4.140000000000000000e+02 0.000000000000000000e+00 5.000000000000000104e-03
4.150000000000000000e+02 0.000000000000000000e+00 5.000000000000000104e-03
4.160000000000000000e+02 0.000000000000000000e+00 5.000000000000000104e-03
4.170000000000000000e+02 0.000000000000000000e+00 5.000000000000000104e-03
4.180000000000000000e+02 0.000000000000000000e+00 5.000000000000000104e-03
4.190000000000000000e+02 0.000000000000000000e+00 5.000000000000000104e-03
4.200000000000000000e+02 0.000000000000000000e+00 5.000000000000000104e-03
4.210000000000000000e+02 0.000000000000000000e+00 5.000000000000000104e-03
4.220000000000000000e+02 0.000000000000000000e+00 5.000000000000000104e-03
4.230000000000000000e+02 0.000000000000000000e+00 5.000000000000000104e-03
4.240000000000000000e+02 0.000000000000000000e+00 5.000000000000000104e-03
4.250000000000000000e+02 0.000000000000000000e+00 5.000000000000000104e-03
4.260000000000000000e+02 0.000000000000000000e+00 5.000000000000000104e-03
4.270000000000000000e+02 0.000000000000000000e+00 5.000000000000000104e-03
4.280000000000000000e+02 0.000000000000000000e+00 5.000000000000000104e-03
4.290000000000000000e+02 0.000000000000000000e+00 5.000000000000000104e-03
4.300000000000000000e+02 0.000000000000000000e+00 5.000000000000000104e-03
4.310000000000000000e+02 0.000000000000000000e+00 5.000000000000000104e-03
4.320000000000000000e+02 0.000000000000000000e+00 5.000000000000000104e-03
4.330000000000000000e+02 0.000000000000000000e+00 5.000000000000000104e-03
4.340000000000000000e+02 0.000000000000000000e+00 5.000000000000000104e-03
4.350000000000000000e+02 0.000000000000000000e+00 5.000000000000000104e-03
4.360000000000000000e+02 0.000000000000000000e+00 5.000000000000000104e-03
4.370000000000000000e+02 0.000000000000000000e+00 5.000000000000000104e-03
4.380000000000000000e+02 0.000000000000000000e+00 5.000000000000000104e-03
4.390000000000000000e+02 0.000000000000000000e+00 5.000000000000000104e-03
4.400000000000000000e+02 0.000000000000000000e+00 5.000000000000000104e-03
4.410000000000000000e+02 0.000000000000000000e+00 5.000000000000000104e-03
4.420000000000000000e+02 0.000000000000000000e+00 5.000000000000000104e-03
4.430000000000000000e+02 0.000000000000000000e+00 5.000000000000000104e-03
4.440000000000000000e+02 0.000000000000000000e+00 5.000000000000000104e-03
4.450000000000000000e+02 0.000000000000000000e+00 5.000000000000000104e-03
4.460000000000000000e+02 0.000000000000000000e+00 5.000000000000000104e-03
4.470000000000000000e+02 0.000000000000000000e+00 5.000000000000000104e-03
4.480000000000000000e+02 0.000000000000000000e+00 5.000000000000000104e-03
4.490000000000000000e+02 0.000000000000000000e+00 5.000000000000000104e-03
4.500000000000000000e+02 0.000000000000000000e+00 5.000000000000000104e-03
4.510000000000000000e+02 0.000000000000000000e+00 5.000000000000000104e-03
4.520000000000000000e+02 0.000000000000000000e+00 5.000000000000000104e-03
4.530000000000000000e+02 0.000000000000000000e+00 5.000000000000000104e-03
4.540000000000000000e+02 0.000000000000000000e+00 5.000000000000000104e-03
4.550000000000000000e+02 0.000000000000000000e+00 5.000000000000000104e-03
4.560000000000000000e+02 0.000000000000000000e+00 5.000000000000000104e-03
4.570000000000000000e+02 0.000000000000000000e+00 5.000000000000000104e-03
4.580000000000000000e+02 0.000000000000000000e+00 5.000000000000000104e-03
4.590000000000000000e+02 0.000000000000000000e+00 5.000000000000000104e-03
4.600000000000000000e+02 0.000000000000000000e+00 5.000000000000000104e-03
4.610000000000000000e+02 0.000000000000000000e+00 5.000000000000000104e-03
4.620000000000000000e+02 0.000000000000000000e+00 5.000000000000000104e-03
4.630000000000000000e+02 0.000000000000000000e+00 5.000000000000000104e-03
4.640000000000000000e+02 0.000000000000000000e+00 5.000000000000000104e-03
4.650000000000000000e+02 0.000000000000000000e+00 5.000000000000000104e-03
4.660000000000000000e+02 0.000000000000000000e+00 5.000000000000000104e-03
4.670000000000000000e+02 0.000000000000000000e+00 5.000000000000000104e-03
4.680000000000000000e+02 0.000000000000000000e+00 5.000000000000000104e-03
4.690000000000000000e+02 0.000000000000000000e+00 5.000000000000000104e-03
4.700000000000000000e+02 0.000000000000000000e+00 5.000000000000000104e-03
4.710000000000000000e+02 0.000000000000000000e+00 5.000000000000000104e-03
4.720000000000000000e+02 0.000000000000000000e+00 5.000000000000000104e-03
4.730000000000000000e+02 0.000000000000000000e+00 5.000000000000000104e-03
4.740000000000000000e+02 0.000000000000000000e+00 5.000000000000000104e-03
4.750000000000000000e+02 0.000000000000000000e+00 5.000000000000000104e-03
4.760000000000000000e+02 0.000000000000000000e+00 5.000000000000000104e-03
4.770000000000000000e+02 0.000000000000000000e+00 5.000000000000000104e-03
4.780000000000000000e+02 0.000000000000000000e+00 5.000000000000000104e-03
4.790000000000000000e+02 0.000000000000000000e+00 5.000000000000000104e-03
4.800000000000000000e+02 0.000000000000000000e+00 5.000000000000000104e-03
4.810000000000000000e+02 0.000000000000000000e+00 5.000000000000000104e-03
4.820000000000000000e+02 0.000000000000000000e+00 5.000000000000000104e-03
4.830000000000000000e+02 0.000000000000000000e+00 5.000000000000000104e-03
4.840000000000000000e+02 0.000000000000000000e+00 5.000000000000000104e-03
4.850000000000000000e+02 0.000000000000000000e+00 5.000000000000000104e-03
4.860000000000000000e+02 0.000000000000000000e+00 5.000000000000000104e-03
4.870000000000000000e+02 0.000000000000000000e+00 5.000000000000000104e-03
4.880000000000000000e+02 0.000000000000000000e+00 5.000000000000000104e-03
4.890000000000000000e+02 0.000000000000000000e+00 5.000000000000000104e-03
4.900000000000000000e+02 0.000000000000000000e+00 5.000000000000000104e-03
4.910000000000000000e+02 0.000000000000000000e+00 5.000000000000000104e-03
4.920000000000000000e+02 0.000000000000000000e+00 5.000000000000000104e-03
4.930000000000000000e+02 0.000000000000000000e+00 5.000000000000000104e-03
4.940000000000000000e+02 0.000000000000000000e+00 5.000000000000000104e-03
4.950000000000000000e+02 0.000000000000000000e+00 5.000000000000000104e-03
4.960000000000000000e+02 0.000000000000000000e+00 5.000000000000000104e-03
4.970000000000000000e+02 0.000000000000000000e+00 5.000000000000000104e-03
4.980000000000000000e+02 0.000000000000000000e+00 5.000000000000000104e-03
4.990000000000000000e+02 0.000000000000000000e+00 5.000000000000000104e-03
5.000000000000000000e+02 0.000000000000000000e+00 5.000000000000000104e-03
5.010000000000000000e+02 0.000000000000000000e+00 5.000000000000000104e-03
5.020000000000000000e+02 0.000000000000000000e+00 5.000000000000000104e-03
5.030000000000000000e+02 0.000000000000000000e+00 5.000000000000000104e-03
5.040000000000000000e+02 0.000000000000000000e+00 5.000000000000000104e-03
5.050000000000000000e+02 0.000000000000000000e+00 5.000000000000000104e-03
5.060000000000000000e+02 0.000000000000000000e+00 5.000000000000000104e-03
5.070000000000000000e+02 0.000000000000000000e+00 5.000000000000000104e-03
5.080000000000000000e+02 0.000000000000000000e+00 5.000000000000000104e-03
5.090000000000000000e+02 0.000000000000000000e+00 5.000000000000000104e-03
5.100000000000000000e+02 0.000000000000000000e+00 5.000000000000000104e-03
5.110000000000000000e+02 0.000000000000000000e+00 5.000000000000000278e-02
5.120000000000000000e+02 4.573789120674080083e-03 5.000000000000000278e-02
5.130000000000000000e+02 3.353329053257362441e-03 5.000000000000000278e-02
5.140000000000000000e+02 2.132868985840647401e-03 5.000000000000000278e-02
5.150000000000000000e+02 9.599484350493931763e-04 5.000000000000000278e-02
5.160000000000000000e+02 8.001563217527938969e-04 5.000000000000000278e-02
5.170000000000000000e+02 7.969432426516574915e-04 5.000000000000000278e-02
5.180000000000000000e+02 7.937301635505210860e-04 5.000000000000000278e-02
5.190000000000000000e+02 1.035448715663535389e-03 5.000000000000000278e-02
5.200000000000000000e+02 1.627760700535403789e-03 5.000000000000000278e-02
5.210000000000000000e+02 2.497533507532791967e-03 5.000000000000000278e-02
5.220000000000000000e+02 3.550776575381632810e-03 5.000000000000000278e-02
5.230000000000000000e+02 4.988836128597333268e-03 5.000000000000000278e-02
5.240000000000000000e+02 6.888742727423536119e-03 5.000000000000000278e-02
5.250000000000000000e+02 9.426465205145562187e-03 5.000000000000000278e-02
5.260000000000000000e+02 1.302594200003101207e-02 5.000000000000000278e-02
5.270000000000000000e+02 1.800750854646033725e-02 5.000000000000000278e-02
5.280000000000000000e+02 2.465944760430033300e-02 5.000000000000000278e-02
5.290000000000000000e+02 3.347820982517777516e-02 5.000000000000000278e-02
5.300000000000000000e+02 4.493771998146631891e-02 5.000000000000000278e-02
5.310000000000000000e+02 5.929603871485331079e-02 5.000000000000000278e-02
5.320000000000000000e+02 7.666412449938546370e-02 5.000000000000000278e-02
5.330000000000000000e+02 9.717007860377227524e-02 5.000000000000000278e-02
5.340000000000000000e+02 1.206136172382553107e-01 5.000000000000000278e-02
5.350000000000000000e+02 1.468375729515727923e-01 5.000000000000000278e-02
5.360000000000000000e+02 1.758456891160935509e-01 5.000000000000000278e-02
5.370000000000000000e+02 2.072932564626394636e-01 5.000000000000000278e-02
5.380000000000000000e+02 2.411095377108701809e-01 5.000000000000000278e-02
5.390000000000000000e+02 2.769761746586374418e-01 5.000000000000000278e-02
5.400000000000000000e+02 3.139676573811118754e-01 5.000000000000000278e-02
5.410000000000000000e+02 3.516489556183399756e-01 5.000000000000000278e-02
5.420000000000000000e+02 3.899584011581963550e-01 5.000000000000000278e-02
5.430000000000000000e+02 4.284837457982142439e-01 5.000000000000000278e-02
5.440000000000000000e+02 4.666513186659744239e-01 5.000000000000000278e-02
5.450000000000000000e+02 5.038050602415047319e-01 5.000000000000000278e-02
5.460000000000000000e+02 5.391815627409424216e-01 5.000000000000000278e-02
5.470000000000000000e+02 5.727569817440689715e-01 5.000000000000000278e-02
5.480000000000000000e+02 6.038918487501259147e-01 5.000000000000000278e-02
5.490000000000000000e+02 6.325805683910297184e-01 5.000000000000000278e-02
5.500000000000000000e+02 6.591854053407177894e-01 5.000000000000000278e-02
5.510000000000000000e+02 6.837088877784799346e-01 5.000000000000000278e-02
5.520000000000000000e+02 7.058518564469243861e-01 5.000000000000000278e-02
5.530000000000000000e+02 7.255712673276740743e-01 5.000000000000000278e-02
5.540000000000000000e+02 7.429425224007601969e-01 5.000000000000000278e-02
5.550000000000000000e+02 7.589353726136623957e-01 5.000000000000000278e-02
5.560000000000000000e+02 7.739931454467454675e-01 5.000000000000000278e-02
5.570000000000000000e+02 7.874091377343107601e-01 5.000000000000000278e-02
5.580000000000000000e+02 7.997834488593371649e-01 5.000000000000000278e-02
5.590000000000000000e+02 8.114063924620471546e-01 5.000000000000000278e-02
5.600000000000000000e+02 8.214612509665808471e-01 5.000000000000000278e-02
5.610000000000000000e+02 8.298042511308965086e-01 5.000000000000000278e-02
5.620000000000000000e+02 8.371419035988107993e-01 5.000000000000000278e-02
5.630000000000000000e+02 8.435685165819155618e-01 5.000000000000000278e-02
5.640000000000000000e+02 8.488136480619834501e-01 5.000000000000000278e-02
5.650000000000000000e+02 8.534871094211275988e-01 5.000000000000000278e-02
5.660000000000000000e+02 8.580059874242453866e-01 5.000000000000000278e-02
5.670000000000000000e+02 8.624538056737269809e-01 5.000000000000000278e-02
5.680000000000000000e+02 8.664074026294623643e-01 5.000000000000000278e-02
5.690000000000000000e+02 8.702354255178847975e-01 5.000000000000000278e-02
5.700000000000000000e+02 8.737752058017216328e-01 4.695129564354281332e-03
5.710000000000000000e+02 8.762567779623811060e-01 4.706256245004046372e-03
5.720000000000000000e+02 8.777395248305400743e-01 4.711294533486119415e-03
5.730000000000000000e+02 8.792490745553116493e-01 4.725819677428635783e-03
5.740000000000000000e+02 8.805519082965311828e-01 4.721599296995295479e-03
5.750000000000000000e+02 8.817164774427617147e-01 4.740418683087456973e-03
5.760000000000000000e+02 8.836350713075752372e-01 4.743911727064207412e-03
5.770000000000000000e+02 8.858984077263640788e-01 4.752266962718335389e-03
5.780000000000000000e+02 8.878985364911569089e-01 4.771290131600595084e-03
5.790000000000000000e+02 8.898730233201439521e-01 4.766778463376365217e-03
5.800000000000000000e+02 8.914802723464505529e-01 4.787169212506181895e-03
5.810000000000000000e+02 8.921181595661823449e-01 4.773762004309124209e-03
5.820000000000000000e+02 8.928386456317644049e-01 4.792497847202671461e-03
5.830000000000000000e+02 8.937905658103986184e-01 4.788308243100551642e-03
5.840000000000000000e+02 8.947320974226549151e-01 4.797346024703876173e-03
5.850000000000000000e+02 8.956256936499558119e-01 4.801377308628350209e-03
5.860000000000000000e+02 8.965342443454313859e-01 4.793084104606577280e-03
5.870000000000000000e+02 8.969866970037395637e-01 4.809426651482978134e-03
5.880000000000000000e+02 8.968985642624696109e-01 4.798849149934543076e-03
5.890000000000000000e+02 8.964211422117596140e-01 4.806697341971494057e-03
5.900000000000000000e+02 8.959771608301496659e-01 4.802395268851367485e-03
5.910000000000000000e+02 8.955749615784267537e-01 4.796104847712008047e-03
5.920000000000000000e+02 8.959515298957916318e-01 4.801987178184531982e-03
5.930000000000000000e+02 8.966286956796927221e-01 4.793313692008735472e-03
5.940000000000000000e+02 8.969866388879015329e-01 4.807911033486751348e-03
5.950000000000000000e+02 8.972934528275309241e-01 4.794304559502827849e-03
5.960000000000000000e+02 8.976366217119017277e-01 4.807147481664645998e-03
5.970000000000000000e+02 8.972452473376234527e-01 4.803420953879482432e-03
5.980000000000000000e+02 8.969311731714983971e-01 4.799842711114742956e-03
5.990000000000000000e+02 8.972364223348743284e-01 4.808703013056574160e-03
6.000000000000000000e+02 8.982798114681653789e-01 4.798765020621445498e-03
6.010000000000000000e+02 8.987346889202949551e-01 4.817051233308845479e-03
6.020000000000000000e+02 8.990229874246513653e-01 4.809754743934598238e-03
6.030000000000000000e+02 8.992280462151567288e-01 4.815203612575368573e-03
6.040000000000000000e+02 8.994745999807737258e-01 4.814329839338395665e-03
6.050000000000000000e+02 8.996633252064807351e-01 4.806306365808208150e-03
6.060000000000000000e+02 9.000152596667192473e-01 4.818493914151046609e-03
6.070000000000000000e+02 9.004557309197817050e-01 4.810423956303031857e-03
6.080000000000000000e+02 9.007501329747413799e-01 4.819910076414169429e-03
6.090000000000000000e+02 9.010254590719983803e-01 4.814801581383796637e-03
6.100000000000000000e+02 9.012987415200985897e-01 4.822657419862721138e-03
6.110000000000000000e+02 9.014695963810298585e-01 4.824433204896831640e-03
6.120000000000000000e+02 9.015311194010571239e-01 4.812867681056401566e-03
6.130000000000000000e+02 9.015070791153653174e-01 4.825932922974948865e-03
6.140000000000000000e+02 9.015517585957015800e-01 4.810412575110101056e-03
6.150000000000000000e+02 9.017288616969352244e-01 4.820761552520307948e-03
6.160000000000000000e+02 9.018979353940216326e-01 4.819100956424925142e-03
6.170000000000000000e+02 9.017545855727455706e-01 4.816161828018557592e-03
6.180000000000000000e+02 9.013456746254990826e-01 4.819120368315115907e-03
6.190000000000000000e+02 9.008000589672486846e-01 4.803956883523724519e-03
6.200000000000000000e+02 9.002417086091170084e-01 4.815945737077077619e-03
6.210000000000000000e+02 8.994810701556313903e-01 4.801659085003989746e-03
6.220000000000000000e+02 8.986282564207631607e-01 4.800603417983363708e-03
6.230000000000000000e+02 8.979177220355224476e-01 4.794799518029544370e-03
6.240000000000000000e+02 8.974333672207316370e-01 4.783834572684190697e-03
6.250000000000000000e+02 8.975359578583218534e-01 4.799068512249241372e-03
6.260000000000000000e+02 8.981780246609663010e-01 4.790333770910258290e-03
6.270000000000000000e+02 8.988863755552222168e-01 4.812929338996999387e-03
6.280000000000000000e+02 8.993695589155582537e-01 4.805256665446976105e-03
6.290000000000000000e+02 8.994664530270444214e-01 4.812216076540627371e-03
6.300000000000000000e+02 8.993519277786864441e-01 4.808989008955620592e-03
6.310000000000000000e+02 8.991067563523807982e-01 4.797819313256996773e-03
6.320000000000000000e+02 8.988673607332449134e-01 4.804376980680795210e-03
6.330000000000000000e+02 8.988559107592634101e-01 4.792485025942916192e-03
6.340000000000000000e+02 8.992409230671346565e-01 4.801162678575296092e-03
6.350000000000000000e+02 8.998005754625197916e-01 4.798614216788764548e-03
6.360000000000000000e+02 9.004923348176604447e-01 4.809277397295610296e-03
6.370000000000000000e+02 9.014405027872813836e-01 4.813358382765862628e-03
6.380000000000000000e+02 9.023467613460542935e-01 4.810927735784006204e-03
6.390000000000000000e+02 9.029131162082342232e-01 4.828148348483949151e-03
6.400000000000000000e+02 9.029358617566600742e-01 4.812970785099271800e-03
6.410000000000000000e+02 9.025217556462925561e-01 4.819915625162309210e-03
6.420000000000000000e+02 9.020956064729751533e-01 4.816060746749535951e-03
6.430000000000000000e+02 9.018548432414998928e-01 4.812627259780885916e-03
6.440000000000000000e+02 9.015508989063749645e-01 4.813644572243085118e-03
6.450000000000000000e+02 9.006887946347831297e-01 4.800557533980872975e-03
6.460000000000000000e+02 8.995026680719238055e-01 4.807376091584149476e-03
6.470000000000000000e+02 8.984840961779595458e-01 4.786356694309902397e-03
6.480000000000000000e+02 8.993259135248039549e-01 4.799351586911625514e-03
6.490000000000000000e+02 8.996347549143899336e-01 4.797869177310540127e-03
6.500000000000000000e+02 8.996195728481480858e-01 4.794308987367981376e-03
6.510000000000000000e+02 8.996093297831107005e-01 4.799889654771255336e-03
6.520000000000000000e+02 8.996152234339754861e-01 4.796816916563408258e-03
6.530000000000000000e+02 8.997154364739380350e-01 5.116763802045186382e-02
6.540000000000000000e+02 8.999070511503103331e-01 5.126577293803772500e-02
6.550000000000000000e+02 8.999536635872922297e-01 5.062153582580465605e-02
6.560000000000000000e+02 9.000002760242741262e-01 4.991270034779887038e-02
6.570000000000000000e+02 9.000468884612560228e-01 4.972825666434932401e-02
6.580000000000000000e+02 8.998812638818691756e-01 5.000622452822153091e-02
6.590000000000000000e+02 8.993588264022929213e-01 5.017813304413624997e-02
6.600000000000000000e+02 8.988122000579097381e-01 5.010711746505445985e-02
6.610000000000000000e+02 8.986507016506770640e-01 4.785314741143313969e-03
6.620000000000000000e+02 8.991851483151731550e-01 4.793172511424598041e-03
6.630000000000000000e+02 9.003112540026838584e-01 4.798336781114340144e-03
6.640000000000000000e+02 9.016604603620161917e-01 4.797434243541696085e-03
6.650000000000000000e+02 9.011991523431363005e-01 4.813228252578640419e-03
6.660000000000000000e+02 9.009109476223298163e-01 4.793459232377796607e-03
6.670000000000000000e+02 9.006911054288353480e-01 4.811576802817505751e-03
6.680000000000000000e+02 9.002803985771473672e-01 4.796986145483290824e-03
6.690000000000000000e+02 8.997226448490592832e-01 4.799464066334293774e-03
6.700000000000000000e+02 8.992652016676150328e-01 4.794829588539978489e-03
6.710000000000000000e+02 8.989661181048886895e-01 4.784628088975952445e-03
6.720000000000000000e+02 8.990574899516077245e-01 4.797260341901649593e-03
6.730000000000000000e+02 8.998562183917364621e-01 4.789972441224095434e-03
6.740000000000000000e+02 9.010332295963452420e-01 4.806809355587098390e-03
6.750000000000000000e+02 9.020145672974855255e-01 4.807372534477744042e-03
6.760000000000000000e+02 9.023177413619568599e-01 4.815284282364665040e-03
6.770000000000000000e+02 9.016913686936853800e-01 4.809422166594974624e-03
6.780000000000000000e+02 9.004449410506859541e-01 4.793821965745329386e-03
6.790000000000000000e+02 9.001743723873152359e-01 4.802456646290487359e-03
6.800000000000000000e+02 8.989808121798823493e-01 4.779594065546810891e-03
6.810000000000000000e+02 8.974671033935746056e-01 4.779018896696751034e-03
6.820000000000000000e+02 8.964598742615172977e-01 4.768094308110512429e-03
6.830000000000000000e+02 8.961282180444788414e-01 4.777617940592102964e-03
6.840000000000000000e+02 8.961887558833336875e-01 4.787851427733411276e-03
6.850000000000000000e+02 8.964753630511296256e-01 4.797001464527337992e-03
6.860000000000000000e+02 8.965917882660594529e-01 6.731634821099884494e-03
6.870000000000000000e+02 8.967082134809891691e-01 6.688961000638416615e-03
6.880000000000000000e+02 8.968246386959189964e-01 4.838491090602157173e-03
6.890000000000000000e+02 8.967721520492935028e-01 4.826235583466956941e-03
6.900000000000000000e+02 8.959062833930382386e-01 4.817710928095991774e-03
6.910000000000000000e+02 8.948637036284363688e-01 4.796373742140563889e-03
6.920000000000000000e+02 8.941248041417575454e-01 4.772746608136258818e-03
6.930000000000000000e+02 8.940073486358910415e-01 4.779850559916202363e-03
6.940000000000000000e+02 8.947373740586324065e-01 4.761419747856700420e-03
6.950000000000000000e+02 8.958982930392429544e-01 4.777293910968557697e-03
6.960000000000000000e+02 8.959184666776690564e-01 4.772483532716828222e-03
6.970000000000000000e+02 8.967620111079339651e-01 4.786894019926345167e-03
6.980000000000000000e+02 8.981018813908128173e-01 4.794165708345457348e-03
6.990000000000000000e+02 8.990751558505849506e-01 4.791873465323935079e-03
7.000000000000000000e+02 8.994691230932914117e-01 4.809366279696758624e-03
7.010000000000000000e+02 8.995313954343686635e-01 4.791969434595002436e-03
7.020000000000000000e+02 8.993827453360979662e-01 4.803112121483781374e-03
7.030000000000000000e+02 8.990434480554704288e-01 4.795208687718571783e-03
7.040000000000000000e+02 8.987408682985624786e-01 4.801179390092486128e-03
7.050000000000000000e+02 8.987654197295089631e-01 4.800268005018622566e-03
7.060000000000000000e+02 8.986505781473740351e-01 4.791882700391550225e-03
7.070000000000000000e+02 8.982002109110871491e-01 4.805329119740576506e-03
7.080000000000000000e+02 8.976843757129400192e-01 4.783908003294103616e-03
7.090000000000000000e+02 8.972016805820695051e-01 4.791472509013576693e-03
7.100000000000000000e+02 8.967871894032850566e-01 4.782786689468923602e-03
7.110000000000000000e+02 8.964973635127506668e-01 4.788962604164926327e-03
7.120000000000000000e+02 8.963345116541769908e-01 4.787724074918365061e-03
7.130000000000000000e+02 8.960810349713925760e-01 4.780903183500965700e-03
7.140000000000000000e+02 8.956493190767094159e-01 4.796871292265233143e-03
7.150000000000000000e+02 8.951079134370397705e-01 4.777149533271938392e-03
7.160000000000000000e+02 8.944591879229029097e-01 4.787517523064138691e-03
7.170000000000000000e+02 8.936496515801970464e-01 4.779353548542560406e-03
7.180000000000000000e+02 8.928637267788270826e-01 4.783666704155909583e-03
7.190000000000000000e+02 8.922635847187019298e-01 4.779536074410373724e-03
7.200000000000000000e+02 8.917713153521437119e-01 4.767503537081753395e-03
7.210000000000000000e+02 8.916557422616157025e-01 4.780169831685381933e-03
7.220000000000000000e+02 8.920159635056958969e-01 4.768340921902326432e-03
7.230000000000000000e+02 8.925930616312790500e-01 4.782821262141233667e-03
7.240000000000000000e+02 8.932113218925756826e-01 4.780702245385634076e-03
7.250000000000000000e+02 8.939135427443054560e-01 4.792616612982750907e-03
7.260000000000000000e+02 8.943734442525373973e-01 4.793252969164212875e-03
7.270000000000000000e+02 8.944805183646904467e-01 4.784405655939887730e-03
7.280000000000000000e+02 8.945269929708556944e-01 4.797667435639465724e-03
7.290000000000000000e+02 8.946741328526851555e-01 4.782979533553687046e-03
7.300000000000000000e+02 8.949147849352268036e-01 4.794163020261311449e-03
7.310000000000000000e+02 8.952404968450390355e-01 4.788933019952035242e-03
7.320000000000000000e+02 8.955666539536463189e-01 4.796729706554070903e-03
7.330000000000000000e+02 8.958640699872495450e-01 4.797531326123977494e-03
7.340000000000000000e+02 8.961205692633205100e-01 4.791835466010667052e-03
7.350000000000000000e+02 8.963198037442366983e-01 4.806463866507011511e-03
7.360000000000000000e+02 8.962851332827397322e-01 4.795072678796168629e-03
7.370000000000000000e+02 8.959224941366387140e-01 4.803650948960620608e-03
7.380000000000000000e+02 8.954296986993858232e-01 4.793507584534963638e-03
7.390000000000000000e+02 8.948913761921291066e-01 4.797449632322152609e-03
7.400000000000000000e+02 8.943098935623902124e-01 4.793241606209820357e-03
7.410000000000000000e+02 8.940768656335840170e-01 4.783331430438029878e-03
7.420000000000000000e+02 8.940099807023208500e-01 4.796168249364505566e-03
7.430000000000000000e+02 8.940937200318349598e-01 4.779384670740797342e-03
7.440000000000000000e+02 8.941855759749054444e-01 4.802215928763037267e-03
7.450000000000000000e+02 8.942758159450308053e-01 4.788833968904704017e-03
7.460000000000000000e+02 8.942116339322244700e-01 4.796330816576631524e-03
7.470000000000000000e+02 8.941289730917638678e-01 4.796052434245520919e-03
7.480000000000000000e+02 8.938965285729775223e-01 4.785474800398098125e-03
7.490000000000000000e+02 8.935111548732131981e-01 4.802828548610407408e-03
7.500000000000000000e+02 8.932426596280611530e-01 4.785440053141593736e-03
7.510000000000000000e+02 8.932332619529522733e-01 6.673448416170711835e-03
7.520000000000000000e+02 8.932238642778435045e-01 4.913047732890601232e-02
7.530000000000000000e+02 8.932144666027346247e-01 4.839525156906727271e-02
7.540000000000000000e+02 8.932050689276257449e-01 4.778064229232802107e-02
7.550000000000000000e+02 8.931956712525169761e-01 4.782896464012324073e-02
7.560000000000000000e+02 8.931862735774080964e-01 4.930012255477692062e-02
7.570000000000000000e+02 8.931768759022993276e-01 5.247654693514548774e-02
7.580000000000000000e+02 8.931674782271904478e-01 5.595411064307065363e-02
7.590000000000000000e+02 8.931580805520815680e-01 5.624384418610495900e-02
7.600000000000000000e+02 8.931486828769727992e-01 5.436623893218035103e-02
7.610000000000000000e+02 8.931392852018639195e-01 5.392328722819907105e-02
7.620000000000000000e+02 8.931298875267550397e-01 5.385603062886615972e-02
7.630000000000000000e+02 8.931204898516462709e-01 5.413993486748148315e-02
7.640000000000000000e+02 8.931110921765373911e-01 5.201196872689049094e-02
7.650000000000000000e+02 8.931016945014285113e-01 5.051107666973184834e-02
7.660000000000000000e+02 8.930922968263197426e-01 4.983451265673118080e-02
7.670000000000000000e+02 8.930828991512108628e-01 4.949060522252828054e-02
7.680000000000000000e+02 8.930735014761019830e-01 4.920660683476400787e-02
7.690000000000000000e+02 8.930641038009932142e-01 4.899197899331828726e-02
7.700000000000000000e+02 8.930547061258843344e-01 4.897229482739415274e-02
7.710000000000000000e+02 8.930453084507755657e-01 4.908958187861189176e-02
7.720000000000000000e+02 8.930359107756666859e-01 4.938041242375335732e-02
7.730000000000000000e+02 8.930265131005578061e-01 6.671633120783936402e-03
7.740000000000000000e+02 8.930171154254490373e-01 6.689445617015057563e-03
7.750000000000000000e+02 8.930077177503401575e-01 4.798647133851886674e-03
7.760000000000000000e+02 8.928156120256203199e-01 4.813137524360373148e-03
7.770000000000000000e+02 8.927419101230241738e-01 4.815639684594711679e-03
7.780000000000000000e+02 8.928562371506819639e-01 4.800180858972158404e-03
7.790000000000000000e+02 8.929040464691396783e-01 4.818407507548029892e-03
7.800000000000000000e+02 8.926629441090669914e-01 4.801670591922086936e-03
7.810000000000000000e+02 8.923664163994974308e-01 4.822032523411188924e-03
7.820000000000000000e+02 8.918597883107685087e-01 4.806278201487663992e-03
7.830000000000000000e+02 8.913847042271776377e-01 4.813427630475332862e-03
7.840000000000000000e+02 8.910792486974801196e-01 4.805546376827340982e-03
7.850000000000000000e+02 8.909971895809061238e-01 4.803472989998532408e-03
7.860000000000000000e+02 8.908869697112580255e-01 4.816955059085251817e-03
7.870000000000000000e+02 8.909138559915926736e-01 4.798673504528640048e-03
7.880000000000000000e+02 8.910875682582707347e-01 4.821495753548945759e-03
7.890000000000000000e+02 8.911674787700682998e-01 4.806729714679955877e-03
7.900000000000000000e+02 8.912121253825519007e-01 4.827569035161911014e-03
7.910000000000000000e+02 8.911068703144565673e-01 4.806129625637257409e-03
7.920000000000000000e+02 8.908764053200708410e-01 4.818260662610454777e-03
7.930000000000000000e+02 8.905560795747786695e-01 4.822551283688912213e-03
7.940000000000000000e+02 8.901592804931413028e-01 4.800717653084716867e-03
7.950000000000000000e+02 8.897384401006626087e-01 4.819910786868899198e-03
7.960000000000000000e+02 8.895225776999777789e-01 4.802779966498739624e-03
7.970000000000000000e+02 8.896755315063273883e-01 4.824931784998145665e-03
7.980000000000000000e+02 8.901194072699543103e-01 4.806264895758550863e-03
7.990000000000000000e+02 8.905154299397094464e-01 4.824166104863752622e-03
8.000000000000000000e+02 8.907051658478878364e-01 4.828045420172148369e-03
8.010000000000000000e+02 8.908205993526601141e-01 4.813496065796444255e-03
8.020000000000000000e+02 8.909381794691505485e-01 4.832094637793555268e-03
8.030000000000000000e+02 8.909626672712785966e-01 4.814908711211559819e-03
8.040000000000000000e+02 8.899479442812949781e-01 4.831924721647941519e-03
8.050000000000000000e+02 8.891612703763197567e-01 4.817249896382394536e-03
8.060000000000000000e+02 8.886232902069414186e-01 4.821230215378586627e-03
8.070000000000000000e+02 8.883144271908854916e-01 4.814913277382205405e-03
8.080000000000000000e+02 8.882107622972250649e-01 4.810167090444041754e-03
8.090000000000000000e+02 8.884031961678168221e-01 4.826180426842901529e-03
8.100000000000000000e+02 8.889328040937889419e-01 4.808709949853594637e-03
8.110000000000000000e+02 8.889591905510658698e-01 6.692485730791448810e-03
8.120000000000000000e+02 8.889855770083427977e-01 6.716444308980626041e-03
8.130000000000000000e+02 8.890119634656198366e-01 6.736046256555250876e-03
8.140000000000000000e+02 8.890383499228967645e-01 6.750106769030097924e-03
8.150000000000000000e+02 8.890647363801736924e-01 6.760379045874001167e-03
8.160000000000000000e+02 8.890911228374506203e-01 6.770452227241265455e-03
8.170000000000000000e+02 8.891175092947275482e-01 6.770405908965702359e-03
8.180000000000000000e+02 8.891438957520045872e-01 6.758057329911663566e-03
8.190000000000000000e+02 8.891702822092815151e-01 6.759789174060340348e-03
8.200000000000000000e+02 8.891966686665584430e-01 6.758585884053924797e-03
8.210000000000000000e+02 8.892230551238353708e-01 6.748719184980594456e-03
8.220000000000000000e+02 8.892494415811122987e-01 6.736852447171889566e-03
8.230000000000000000e+02 8.892758280383893377e-01 6.722136363571844589e-03
8.240000000000000000e+02 8.893022144956662656e-01 6.722963591526674200e-03
8.250000000000000000e+02 8.893286009529431935e-01 6.734387871554915576e-03
8.260000000000000000e+02 8.893549874102201214e-01 6.740736577486480287e-03
8.270000000000000000e+02 8.893813738674970493e-01 6.738140662496571592e-03
8.280000000000000000e+02 8.894077603247740882e-01 6.730553432854051443e-03
8.290000000000000000e+02 8.894341467820510161e-01 6.734296880890798531e-03
8.300000000000000000e+02 8.894605332393279440e-01 4.848690918947635119e-03
8.310000000000000000e+02 8.895182281202570485e-01 4.859738389700171170e-03
8.320000000000000000e+02 8.891209768636780808e-01 4.867513307532083527e-03
8.330000000000000000e+02 8.886671845325959662e-01 4.840677922398216662e-03
8.340000000000000000e+02 8.882010637595467717e-01 4.858480071562172944e-03
8.350000000000000000e+02 8.878370499130421312e-01 4.839412963699166875e-03
8.360000000000000000e+02 8.876313751893548654e-01 4.855644128904964933e-03
8.370000000000000000e+02 8.876324913996076482e-01 4.837260531389224634e-03
8.380000000000000000e+02 8.886050779721926807e-01 4.861310458537550575e-03
8.390000000000000000e+02 8.893434287179825537e-01 4.861653339539055360e-03
8.400000000000000000e+02 8.899394161993099406e-01 4.859630941610127743e-03
8.410000000000000000e+02 8.902448591427130076e-01 4.879983106719111043e-03
8.420000000000000000e+02 8.902946856696152267e-01 4.856934536415911073e-03
8.430000000000000000e+02 8.901573530562084668e-01 4.880464341057559954e-03
8.440000000000000000e+02 8.896424677738162812e-01 4.858411705110296519e-03
8.450000000000000000e+02 8.890673189266986576e-01 4.876876686444472919e-03
8.460000000000000000e+02 8.890768373549965409e-01 4.860262068064674298e-03
8.470000000000000000e+02 8.895729853674351206e-01 4.875575176370199743e-03
8.480000000000000000e+02 8.899158809239922086e-01 4.887231140967139564e-03
8.490000000000000000e+02 8.899566257960785931e-01 4.866168124667729841e-03
8.500000000000000000e+02 8.895743692706671313e-01 4.888592770186953908e-03
8.510000000000000000e+02 8.887779654466049228e-01 4.866739236538145108e-03
8.520000000000000000e+02 8.880856607411409254e-01 4.901061259717066389e-03
8.530000000000000000e+02 8.878256077679683722e-01 4.863916877648020477e-03
8.540000000000000000e+02 8.879105054518031670e-01 4.897437412695031939e-03
8.550000000000000000e+02 8.879498539293024795e-01 4.883628870011984431e-03
8.560000000000000000e+02 8.876727359786859006e-01 4.873657429525337162e-03
8.570000000000000000e+02 8.871642454067656391e-01 4.887867301552689669e-03
8.580000000000000000e+02 8.866535174928158458e-01 4.861866126134263034e-03
8.590000000000000000e+02 8.866988926772061408e-01 4.886951003910166083e-03
8.600000000000000000e+02 8.871353147347679213e-01 4.867916158620732778e-03
8.610000000000000000e+02 8.873260262400156639e-01 4.890287647116480299e-03
8.620000000000000000e+02 8.872862442698130625e-01 4.875478015408583193e-03
8.630000000000000000e+02 8.873508327004808738e-01 4.894339211200566739e-03
8.640000000000000000e+02 8.876246820535506066e-01 4.901164017076737114e-03
8.650000000000000000e+02 8.881499522274332037e-01 4.902402092379217272e-03
8.660000000000000000e+02 8.889797962793354325e-01 4.922368259019699668e-03
8.670000000000000000e+02 8.895195715475516796e-01 4.899938772638064155e-03
8.680000000000000000e+02 8.895381728989871783e-01 4.923907347367497550e-03
8.690000000000000000e+02 8.890585892206727125e-01 4.896267363289007538e-03
8.700000000000000000e+02 8.886389527610280004e-01 4.914563382176584914e-03
8.710000000000000000e+02 8.886942835399140872e-01 4.898007406635210108e-03
8.720000000000000000e+02 8.890620076371100744e-01 4.915808530172343337e-03
8.730000000000000000e+02 8.894854122580251321e-01 4.928522715682365218e-03
8.740000000000000000e+02 8.894588087141908073e-01 4.904617112128013476e-03
8.750000000000000000e+02 8.890392698760151147e-01 4.929023560204088238e-03
8.760000000000000000e+02 8.886878265233340013e-01 4.906949344054717735e-03
8.770000000000000000e+02 8.884168087796695534e-01 4.945212856581722265e-03
8.780000000000000000e+02 8.881872366892348269e-01 4.903044913850136688e-03
8.790000000000000000e+02 8.883325186352800662e-01 4.936315030161001448e-03
8.800000000000000000e+02 8.887487361862012047e-01 4.923436527673820222e-03
8.810000000000000000e+02 8.889433603273058093e-01 4.931967225869362918e-03
8.820000000000000000e+02 8.890467526843085500e-01 4.946802276190574027e-03
8.830000000000000000e+02 8.893954165090938169e-01 4.922555803046032782e-03
8.840000000000000000e+02 8.897558497805204691e-01 4.951646459115440629e-03
8.850000000000000000e+02 8.903819137367405823e-01 4.945012791127635990e-03
8.860000000000000000e+02 8.910283795258493456e-01 4.969693976014943199e-03
8.870000000000000000e+02 8.917064677044224119e-01 4.944006824440161027e-03
8.880000000000000000e+02 8.926529692721680842e-01 4.979649749121081194e-03
8.890000000000000000e+02 8.940625752498391199e-01 4.976369165055109789e-03
8.900000000000000000e+02 8.958659346824171532e-01 4.991778597397218166e-03
8.910000000000000000e+02 8.958943797793140762e-01 6.719687139359584865e-03
8.920000000000000000e+02 8.959228248762108882e-01 6.719818045878754587e-03
8.930000000000000000e+02 8.959512699731078111e-01 6.710965268185182554e-03
8.940000000000000000e+02 8.959797150700046231e-01 6.716069428029675797e-03
8.950000000000000000e+02 8.960081601669015461e-01 6.729742753391970700e-03
8.960000000000000000e+02 8.960366052637984691e-01 6.775556118322896039e-03
8.970000000000000000e+02 8.960650503606952810e-01 6.814251165366107428e-03
8.980000000000000000e+02 8.960934954575922040e-01 6.823786181075425575e-03
8.990000000000000000e+02 8.961219405544890160e-01 6.817335262510026625e-03
9.000000000000000000e+02 8.961503856513859390e-01 6.782215359570101416e-03
9.010000000000000000e+02 8.961788307482828619e-01 6.748254327203999543e-03
9.020000000000000000e+02 8.962072758451796739e-01 6.730150471228973225e-03
9.030000000000000000e+02 8.962357209420765969e-01 6.726252895819209016e-03
9.040000000000000000e+02 8.962641660389734088e-01 6.732258004685502499e-03
9.050000000000000000e+02 8.962926111358703318e-01 6.734460351970522445e-03
9.060000000000000000e+02 8.963210562327672548e-01 6.737063123447613842e-03
9.070000000000000000e+02 8.963495013296640668e-01 6.748438327042868314e-03
9.080000000000000000e+02 8.963779464265609898e-01 6.754051376059315263e-03
9.090000000000000000e+02 8.964063915234578017e-01 6.749495279962805863e-03
9.100000000000000000e+02 8.964348366203547247e-01 6.748120602958118143e-03
9.110000000000000000e+02 8.964632817172516477e-01 6.741187298458144531e-03
9.120000000000000000e+02 8.964917268141484596e-01 6.718937031667642813e-03
9.130000000000000000e+02 8.965201719110453826e-01 6.690314710746951034e-03
9.140000000000000000e+02 8.965486170079421946e-01 6.700087289891950258e-03
9.150000000000000000e+02 8.965770621048391176e-01 6.732747689902377278e-03
9.160000000000000000e+02 8.966055072017360406e-01 6.738905073810454172e-03
9.170000000000000000e+02 8.966339522986328525e-01 6.745385405460569209e-03
9.180000000000000000e+02 8.966623973955297755e-01 6.736495044894766186e-03
9.190000000000000000e+02 8.966908424924265875e-01 6.744240007981258320e-03
9.200000000000000000e+02 8.967192875893235104e-01 6.750998379777844831e-03
9.210000000000000000e+02 8.967477326862204334e-01 6.730685505811110150e-03
9.220000000000000000e+02 8.967761777831172454e-01 6.712606682731301483e-03
9.230000000000000000e+02 8.968046228800141684e-01 6.681192189585061919e-03
9.240000000000000000e+02 8.968330679769109803e-01 6.649032200081206843e-03
9.250000000000000000e+02 8.968615130738079033e-01 6.632766533428650219e-03
9.260000000000000000e+02 8.968899581707048263e-01 6.631184763540852976e-03
9.270000000000000000e+02 8.969184032676016383e-01 6.659649808472296179e-03
9.280000000000000000e+02 8.969468483644985612e-01 6.730814731619701348e-03
9.290000000000000000e+02 8.969752934613953732e-01 6.804266887980693970e-03
9.300000000000000000e+02 8.970037385582922962e-01 6.882603929321742114e-03
9.310000000000000000e+02 8.970321836551892192e-01 6.927029581008012880e-03
9.320000000000000000e+02 8.970606287520860311e-01 6.966545420103101814e-03
9.330000000000000000e+02 8.970890738489829541e-01 7.030903962028455835e-03
9.340000000000000000e+02 8.971175189458797661e-01 7.026536268197160554e-03
9.350000000000000000e+02 8.971459640427766891e-01 6.924923079932266030e-03
9.360000000000000000e+02 8.971744091396736120e-01 6.785683951952743015e-03
9.370000000000000000e+02 8.972028542365704240e-01 6.647005419966224224e-03
9.380000000000000000e+02 8.972312993334673470e-01 6.577576791632160774e-03
9.390000000000000000e+02 8.972597444303641590e-01 6.589235542944949994e-03
9.400000000000000000e+02 8.972881895272610819e-01 6.638920971790735967e-03
9.410000000000000000e+02 8.973166346241580049e-01 6.700317325263937217e-03
9.420000000000000000e+02 8.973450797210548169e-01 6.746840857444695583e-03
9.430000000000000000e+02 8.973735248179517399e-01 6.792419207581327188e-03
9.440000000000000000e+02 8.974019699148485518e-01 6.836930722409380323e-03
9.450000000000000000e+02 8.974304150117454748e-01 6.887735180742652480e-03
9.460000000000000000e+02 8.974588601086423978e-01 6.898471369880372628e-03
9.470000000000000000e+02 8.974873052055392098e-01 6.857147467990147571e-03
9.480000000000000000e+02 8.975157503024361327e-01 6.822662450689148499e-03
9.490000000000000000e+02 8.975441953993329447e-01 6.792404260505860956e-03
9.500000000000000000e+02 8.975726404962298677e-01 6.773815001927754702e-03
9.510000000000000000e+02 8.976010855931267907e-01 6.746535746041110518e-03
9.520000000000000000e+02 8.976295306900236026e-01 6.730053097025473323e-03
9.530000000000000000e+02 8.976579757869205256e-01 6.756790395087875108e-03
9.540000000000000000e+02 8.976864208838173376e-01 6.765563263743818063e-03
9.550000000000000000e+02 8.977148659807142606e-01 6.748339967750810811e-03
9.560000000000000000e+02 8.977433110776111835e-01 6.740211103267186761e-03
9.570000000000000000e+02 8.977717561745079955e-01 6.752492113368742041e-03
9.580000000000000000e+02 8.978002012714049185e-01 6.758321947388803118e-03
9.590000000000000000e+02 8.978286463683017304e-01 6.752817469797930093e-03
9.600000000000000000e+02 8.978570914651986534e-01 5.573584343619201152e-03
9.610000000000000000e+02 8.996720203005205141e-01 5.543205636149605049e-03
9.620000000000000000e+02 9.011883952535086895e-01 5.611630669196810209e-03
9.630000000000000000e+02 9.023801563430725592e-01 5.614676626598071041e-03
9.640000000000000000e+02 9.032467997323667674e-01 5.625844043088745750e-03
9.650000000000000000e+02 9.039895285594463648e-01 5.689057761053081634e-03
9.660000000000000000e+02 9.046300197711091284e-01 5.626091764310356055e-03
9.670000000000000000e+02 9.049861796038277673e-01 5.684788778458015578e-03
9.680000000000000000e+02 9.056513901605034444e-01 5.645248306964344848e-03
9.690000000000000000e+02 9.060709169020803033e-01 5.754207443290843167e-03
9.700000000000000000e+02 9.063675952932930269e-01 5.681830420988642945e-03
9.710000000000000000e+02 9.066293191856396039e-01 5.767559401437592596e-03
9.720000000000000000e+02 9.070248059290408893e-01 5.774968450130323755e-03
9.730000000000000000e+02 9.074445553125152220e-01 5.802487794134165815e-03
9.740000000000000000e+02 9.074344139292278566e-01 5.866361752060391017e-03
9.750000000000000000e+02 9.073603471524110953e-01 5.852549798752469841e-03
9.760000000000000000e+02 9.072124469074851483e-01 5.939704587057960047e-03
9.770000000000000000e+02 9.070474062060696063e-01 5.889635599807901967e-03
9.780000000000000000e+02 9.069258454365448641e-01 5.985193091809047974e-03
9.790000000000000000e+02 9.070529018285226064e-01 5.962266212078657507e-03
9.800000000000000000e+02 9.073223250454400812e-01 6.028506478074483962e-03
9.810000000000000000e+02 9.074073524186543338e-01 5.000000000000000278e-02
9.820000000000000000e+02 9.075777266781319685e-01 5.000000000000000278e-02
9.830000000000000000e+02 9.075680692028219587e-01 5.000000000000000278e-02
9.840000000000000000e+02 9.076975494650912912e-01 5.000000000000000278e-02
9.850000000000000000e+02 9.081833819702189725e-01 5.000000000000000278e-02
9.860000000000000000e+02 9.089343408420900161e-01 5.000000000000000278e-02
9.870000000000000000e+02 9.090826626982413394e-01 5.000000000000000278e-02
9.880000000000000000e+02 9.087594298539107829e-01 5.000000000000000278e-02
9.890000000000000000e+02 9.085535978084716691e-01 5.000000000000000278e-02
9.900000000000000000e+02 9.080347017054535286e-01 5.000000000000000278e-02
9.910000000000000000e+02 9.078106313487446233e-01 5.000000000000000278e-02
9.920000000000000000e+02 9.080975675780045275e-01 5.000000000000000278e-02
9.930000000000000000e+02 9.086647658028028651e-01 5.000000000000000278e-02
9.940000000000000000e+02 9.088554841719252986e-01 5.000000000000000278e-02
9.950000000000000000e+02 9.089592255377179075e-01 5.000000000000000278e-02
9.960000000000000000e+02 9.093812700369051649e-01 5.000000000000000278e-02
9.970000000000000000e+02 9.103133298440923005e-01 5.000000000000000278e-02
9.980000000000000000e+02 9.115452243705433055e-01 5.000000000000000278e-02
9.990000000000000000e+02 9.125689638982851237e-01 5.000000000000000278e-02
1.000000000000000000e+03 9.129857157806908763e-01 5.000000000000000278e-02
1.001000000000000000e+03 9.128637321671740912e-01 5.000000000000000278e-02
1.002000000000000000e+03 9.129150745462751848e-01 5.000000000000000278e-02
1.003000000000000000e+03 9.130104333449927667e-01 5.000000000000000278e-02
1.004000000000000000e+03 9.136092210793249624e-01 5.000000000000000278e-02
1.005000000000000000e+03 9.145271821404070689e-01 5.000000000000000278e-02
1.006000000000000000e+03 9.159363529797359682e-01 5.000000000000000278e-02
1.007000000000000000e+03 9.170805101390647751e-01 5.000000000000000278e-02
1.008000000000000000e+03 9.172897539287623303e-01 5.000000000000000278e-02
1.009000000000000000e+03 9.174158531277556428e-01 5.000000000000000278e-02
1.010000000000000000e+03 9.177711094461595831e-01 5.000000000000000278e-02
1.011000000000000000e+03 9.187508136233299982e-01 5.000000000000000278e-02
1.012000000000000000e+03 9.192931977188030235e-01 5.000000000000000278e-02
1.013000000000000000e+03 9.195300806013366746e-01 5.000000000000000278e-02
1.014000000000000000e+03 9.203719284399846101e-01 5.000000000000000278e-02
1.015000000000000000e+03 9.212137762786325457e-01 5.000000000000000278e-02
1.016000000000000000e+03 9.220556241172805922e-01 5.000000000000000278e-02
1.017000000000000000e+03 9.228974719559285278e-01 5.000000000000000278e-02
1.018000000000000000e+03 9.237393197945764634e-01 5.000000000000000278e-02
1.019000000000000000e+03 9.245811676332243989e-01 5.000000000000000278e-02
1.020000000000000000e+03 9.254230154718724455e-01 5.000000000000000278e-02
1.021000000000000000e+03 9.181501370033026133e-01 5.000000000000000278e-02
1.022000000000000000e+03 9.181501370033026133e-01 5.000000000000000278e-02
1.023000000000000000e+03 9.181501370033026133e-01 5.000000000000000278e-02
1.024000000000000000e+03 9.181501370033026133e-01 5.000000000000000278e-02
1.025000000000000000e+03 9.181501370033026133e-01 5.000000000000000278e-02
1.026000000000000000e+03 9.181501370033026133e-01 5.000000000000000278e-02
1.027000000000000000e+03 9.181501370033026133e-01 5.000000000000000278e-02
1.028000000000000000e+03 9.181501370033026133e-01 5.000000000000000278e-02
1.029000000000000000e+03 9.181501370033026133e-01 5.000000000000000278e-02
1.030000000000000000e+03 9.181501370033026133e-01 5.000000000000000278e-02
1.031000000000000000e+03 9.181501370033026133e-01 5.000000000000000278e-02
1.032000000000000000e+03 9.181501370033026133e-01 5.000000000000000278e-02
1.033000000000000000e+03 9.181501370033026133e-01 5.000000000000000278e-02
1.034000000000000000e+03 9.181501370033026133e-01 5.000000000000000278e-02
1.035000000000000000e+03 9.181501370033026133e-01 5.000000000000000278e-02
1.036000000000000000e+03 9.181501370033026133e-01 5.000000000000000278e-02
1.037000000000000000e+03 9.181501370033026133e-01 5.000000000000000278e-02
1.038000000000000000e+03 9.181501370033026133e-01 5.000000000000000278e-02
1.039000000000000000e+03 9.181501370033026133e-01 5.000000000000000278e-02
1.040000000000000000e+03 9.181501370033026133e-01 5.000000000000000278e-02
1.041000000000000000e+03 9.181501370033026133e-01 5.000000000000000278e-02
1.042000000000000000e+03 9.181501370033026133e-01 5.000000000000000278e-02
1.043000000000000000e+03 9.181501370033026133e-01 5.000000000000000278e-02
1.044000000000000000e+03 9.181501370033026133e-01 5.000000000000000278e-02
1.045000000000000000e+03 9.181501370033026133e-01 5.000000000000000278e-02
1.046000000000000000e+03 9.181501370033026133e-01 5.000000000000000278e-02
1.047000000000000000e+03 9.181501370033026133e-01 5.000000000000000278e-02
1.048000000000000000e+03 9.181501370033026133e-01 5.000000000000000278e-02
1.049000000000000000e+03 9.181501370033026133e-01 5.000000000000000278e-02
1.050000000000000000e+03 9.181501370033026133e-01 5.000000000000000278e-02
1.051000000000000000e+03 9.181501370033026133e-01 5.000000000000000278e-02
1.052000000000000000e+03 9.181501370033026133e-01 5.000000000000000278e-02
1.053000000000000000e+03 9.181501370033026133e-01 5.000000000000000278e-02
1.054000000000000000e+03 9.181501370033026133e-01 5.000000000000000278e-02
1.055000000000000000e+03 9.181501370033026133e-01 5.000000000000000278e-02
1.056000000000000000e+03 9.181501370033026133e-01 5.000000000000000278e-02
1.057000000000000000e+03 9.181501370033026133e-01 5.000000000000000278e-02
1.058000000000000000e+03 9.181501370033026133e-01 5.000000000000000278e-02
1.059000000000000000e+03 9.181501370033026133e-01 5.000000000000000278e-02
1.060000000000000000e+03 9.181501370033026133e-01 5.000000000000000278e-02
1.061000000000000000e+03 9.181501370033026133e-01 5.000000000000000278e-02
1.062000000000000000e+03 9.181501370033026133e-01 5.000000000000000278e-02
1.063000000000000000e+03 9.181501370033026133e-01 5.000000000000000278e-02
1.064000000000000000e+03 9.181501370033026133e-01 5.000000000000000278e-02
1.065000000000000000e+03 9.181501370033026133e-01 5.000000000000000278e-02
1.066000000000000000e+03 9.181501370033026133e-01 5.000000000000000278e-02
1.067000000000000000e+03 9.181501370033026133e-01 5.000000000000000278e-02
1.068000000000000000e+03 9.181501370033026133e-01 5.000000000000000278e-02
1.069000000000000000e+03 9.181501370033026133e-01 5.000000000000000278e-02
1.070000000000000000e+03 9.181501370033026133e-01 5.000000000000000278e-02
1.071000000000000000e+03 9.181501370033026133e-01 5.000000000000000278e-02
1.072000000000000000e+03 9.181501370033026133e-01 5.000000000000000278e-02
1.073000000000000000e+03 9.181501370033026133e-01 5.000000000000000278e-02
1.074000000000000000e+03 9.181501370033026133e-01 5.000000000000000278e-02
1.075000000000000000e+03 9.181501370033026133e-01 5.000000000000000278e-02
1.076000000000000000e+03 9.181501370033026133e-01 5.000000000000000278e-02
1.077000000000000000e+03 9.181501370033026133e-01 5.000000000000000278e-02
1.078000000000000000e+03 9.181501370033026133e-01 5.000000000000000278e-02
1.079000000000000000e+03 9.181501370033026133e-01 5.000000000000000278e-02
1.080000000000000000e+03 9.181501370033026133e-01 5.000000000000000278e-02
1.081000000000000000e+03 9.181501370033026133e-01 5.000000000000000278e-02
1.082000000000000000e+03 9.181501370033026133e-01 5.000000000000000278e-02
1.083000000000000000e+03 9.181501370033026133e-01 5.000000000000000278e-02
1.084000000000000000e+03 9.181501370033026133e-01 5.000000000000000278e-02
1.085000000000000000e+03 9.181501370033026133e-01 5.000000000000000278e-02
1.086000000000000000e+03 9.181501370033026133e-01 5.000000000000000278e-02
1.087000000000000000e+03 9.181501370033026133e-01 5.000000000000000278e-02
1.088000000000000000e+03 9.181501370033026133e-01 5.000000000000000278e-02
1.089000000000000000e+03 9.181501370033026133e-01 5.000000000000000278e-02
1.090000000000000000e+03 9.181501370033026133e-01 5.000000000000000278e-02
1.091000000000000000e+03 9.181501370033026133e-01 5.000000000000000278e-02
1.092000000000000000e+03 9.181501370033026133e-01 5.000000000000000278e-02
1.093000000000000000e+03 9.181501370033026133e-01 5.000000000000000278e-02
1.094000000000000000e+03 9.181501370033026133e-01 5.000000000000000278e-02
1.095000000000000000e+03 9.181501370033026133e-01 5.000000000000000278e-02
1.096000000000000000e+03 9.181501370033026133e-01 5.000000000000000278e-02
1.097000000000000000e+03 9.181501370033026133e-01 5.000000000000000278e-02
1.098000000000000000e+03 9.181501370033026133e-01 5.000000000000000278e-02
1.099000000000000000e+03 9.181501370033026133e-01 5.000000000000000278e-02
