3.000000000000000000e+02 8.730848147687899630e-01 5.000000000000000278e-02
3.010000000000000000e+02 8.730848147687899630e-01 5.000000000000000278e-02
3.020000000000000000e+02 8.730848147687899630e-01 5.000000000000000278e-02
3.030000000000000000e+02 8.730848147687899630e-01 5.000000000000000278e-02
3.040000000000000000e+02 8.730848147687899630e-01 5.000000000000000278e-02
3.050000000000000000e+02 8.730848147687899630e-01 5.000000000000000278e-02
3.060000000000000000e+02 8.730848147687899630e-01 5.000000000000000278e-02
3.070000000000000000e+02 8.730848147687899630e-01 5.000000000000000278e-02
3.080000000000000000e+02 8.730848147687899630e-01 5.000000000000000278e-02
3.090000000000000000e+02 8.730848147687899630e-01 5.000000000000000278e-02
3.100000000000000000e+02 8.730848147687899630e-01 5.000000000000000278e-02
3.110000000000000000e+02 8.730848147687899630e-01 5.000000000000000278e-02
3.120000000000000000e+02 8.730848147687899630e-01 5.000000000000000278e-02
3.130000000000000000e+02 8.730848147687899630e-01 5.000000000000000278e-02
3.140000000000000000e+02 8.730848147687899630e-01 5.000000000000000278e-02
3.150000000000000000e+02 8.730848147687899630e-01 5.000000000000000278e-02
3.160000000000000000e+02 8.730848147687899630e-01 5.000000000000000278e-02
3.170000000000000000e+02 8.730848147687899630e-01 5.000000000000000278e-02
3.180000000000000000e+02 8.730848147687899630e-01 5.000000000000000278e-02
3.190000000000000000e+02 8.730848147687899630e-01 5.000000000000000278e-02
3.200000000000000000e+02 8.730848147687899630e-01 5.000000000000000278e-02
3.210000000000000000e+02 8.730848147687899630e-01 5.000000000000000278e-02
3.220000000000000000e+02 8.730848147687899630e-01 5.000000000000000278e-02
3.230000000000000000e+02 8.730848147687899630e-01 5.000000000000000278e-02
3.240000000000000000e+02 8.730848147687899630e-01 5.000000000000000278e-02
3.250000000000000000e+02 8.730848147687899630e-01 5.000000000000000278e-02
3.260000000000000000e+02 8.730848147687899630e-01 5.000000000000000278e-02
3.270000000000000000e+02 8.730848147687899630e-01 5.000000000000000278e-02
3.280000000000000000e+02 8.730848147687899630e-01 5.000000000000000278e-02
3.290000000000000000e+02 8.730848147687899630e-01 5.000000000000000278e-02
3.300000000000000000e+02 8.730848147687899630e-01 5.000000000000000278e-02
3.310000000000000000e+02 8.730848147687899630e-01 5.000000000000000278e-02
3.320000000000000000e+02 8.730848147687899630e-01 5.000000000000000278e-02
3.330000000000000000e+02 8.730848147687899630e-01 5.000000000000000278e-02
3.340000000000000000e+02 8.730848147687899630e-01 5.000000000000000278e-02
3.350000000000000000e+02 8.730848147687899630e-01 5.000000000000000278e-02
3.360000000000000000e+02 8.730848147687899630e-01 5.000000000000000278e-02
3.370000000000000000e+02 8.730848147687899630e-01 5.000000000000000278e-02
3.380000000000000000e+02 8.730848147687899630e-01 5.000000000000000278e-02
3.390000000000000000e+02 8.730848147687899630e-01 5.000000000000000278e-02
3.400000000000000000e+02 8.730848147687899630e-01 5.000000000000000278e-02
3.410000000000000000e+02 8.730848147687899630e-01 5.000000000000000278e-02
3.420000000000000000e+02 8.730848147687899630e-01 5.000000000000000278e-02
3.430000000000000000e+02 8.730848147687899630e-01 5.000000000000000278e-02
3.440000000000000000e+02 8.730848147687899630e-01 5.000000000000000278e-02
3.450000000000000000e+02 8.730848147687899630e-01 5.000000000000000278e-02
3.460000000000000000e+02 8.730848147687899630e-01 5.000000000000000278e-02
3.470000000000000000e+02 8.730848147687899630e-01 5.000000000000000278e-02
3.480000000000000000e+02 8.730848147687899630e-01 5.000000000000000278e-02
3.490000000000000000e+02 8.730848147687899630e-01 5.000000000000000278e-02
3.500000000000000000e+02 8.730848147687899630e-01 5.000000000000000278e-02
3.510000000000000000e+02 8.730848147687899630e-01 5.000000000000000278e-02
3.520000000000000000e+02 8.730848147687899630e-01 5.000000000000000278e-02
3.530000000000000000e+02 8.730848147687899630e-01 5.000000000000000278e-02
3.540000000000000000e+02 8.730848147687899630e-01 5.000000000000000278e-02
3.550000000000000000e+02 8.730848147687899630e-01 5.000000000000000278e-02
3.560000000000000000e+02 8.730848147687899630e-01 5.000000000000000278e-02
3.570000000000000000e+02 8.730848147687899630e-01 5.000000000000000278e-02
3.580000000000000000e+02 8.730848147687899630e-01 5.000000000000000278e-02
3.590000000000000000e+02 8.730848147687899630e-01 5.000000000000000278e-02
3.600000000000000000e+02 8.730848147687899630e-01 5.000000000000000278e-02
3.610000000000000000e+02 8.730848147687899630e-01 5.000000000000000278e-02
3.620000000000000000e+02 8.730848147687899630e-01 5.000000000000000278e-02
3.630000000000000000e+02 8.730848147687899630e-01 5.000000000000000278e-02
3.640000000000000000e+02 8.730848147687899630e-01 5.000000000000000278e-02
3.650000000000000000e+02 8.730848147687899630e-01 5.000000000000000278e-02
3.660000000000000000e+02 8.730848147687899630e-01 5.000000000000000278e-02
3.670000000000000000e+02 8.730848147687899630e-01 5.000000000000000278e-02
3.680000000000000000e+02 8.730848147687899630e-01 5.000000000000000278e-02
3.690000000000000000e+02 8.730848147687899630e-01 5.000000000000000278e-02
3.700000000000000000e+02 8.482635279736434608e-01 4.592133272860093006e-03
3.710000000000000000e+02 8.513990708355934078e-01 4.558694287382188647e-03
3.720000000000000000e+02 8.555759128063031849e-01 5.091959559119322437e-02
3.730000000000000000e+02 8.613126592346401766e-01 5.096178288587565469e-02
3.740000000000000000e+02 8.658276846846881813e-01 5.051460743106742091e-02
3.750000000000000000e+02 8.664968997331827794e-01 4.979332422606469466e-02
3.760000000000000000e+02 8.640193575057218967e-01 4.981799660702325439e-02
3.770000000000000000e+02 8.623819455723991112e-01 5.041981421821530029e-02
3.780000000000000000e+02 8.647514806035061508e-01 5.122954599500496864e-02
3.790000000000000000e+02 8.708357496315328738e-01 5.068702256983140253e-02
3.800000000000000000e+02 8.766059824094915021e-01 4.966652916655041328e-02
3.810000000000000000e+02 8.795466085805057066e-01 4.979096331057129843e-02
3.820000000000000000e+02 8.804141985280669047e-01 4.892942042942981240e-02
3.830000000000000000e+02 8.797930191969409730e-01 4.701978743157373547e-02
3.840000000000000000e+02 8.774978462514373412e-01 4.700172079426607336e-02
3.850000000000000000e+02 8.746338140031266750e-01 5.025074865202011631e-02
3.860000000000000000e+02 8.736087020884761856e-01 5.377089316224642479e-02
3.870000000000000000e+02 8.757142052348687589e-01 5.349274655160107805e-02
3.880000000000000000e+02 8.786663300908781338e-01 4.953216638221265289e-02
3.890000000000000000e+02 8.808296738077268095e-01 4.607539902648409569e-02
3.900000000000000000e+02 8.819252659981223763e-01 4.653703316738829615e-02
3.910000000000000000e+02 8.824235631637454835e-01 4.921900341388674160e-02
3.920000000000000000e+02 8.832811673804349395e-01 5.153595443408884313e-02
3.930000000000000000e+02 8.830667253678236017e-01 4.465276598478292759e-03
3.940000000000000000e+02 8.803034052963587541e-01 5.520211880100898971e-02
3.950000000000000000e+02 8.762598641354635287e-01 5.493935802922203515e-02
3.960000000000000000e+02 8.737513831250550700e-01 5.146954971172989363e-02
3.970000000000000000e+02 8.731987606289346449e-01 4.793222141759199278e-02
3.980000000000000000e+02 8.719083347529287265e-01 4.756897317070641479e-02
3.990000000000000000e+02 8.734300176469583787e-01 4.912892434330937835e-02
4.000000000000000000e+02 8.706767789736806762e-01 4.937048051746441291e-02
4.010000000000000000e+02 8.676800348501051419e-01 4.374064560581923319e-03
4.020000000000000000e+02 8.672536437060185399e-01 4.371049208448603111e-03
4.030000000000000000e+02 8.689142522474219144e-01 4.376832288604250512e-03
4.040000000000000000e+02 8.720315889669875142e-01 4.394215710397854184e-03
4.050000000000000000e+02 8.764411263797222684e-01 4.415288146537891915e-03
4.060000000000000000e+02 8.807116400729549932e-01 4.439746697414276994e-03
4.070000000000000000e+02 8.824278268631856603e-01 5.509310010202281976e-02
4.080000000000000000e+02 8.809974980192553096e-01 5.563963195008747586e-02
4.090000000000000000e+02 8.803971800608979548e-01 5.492843832038949575e-02
4.100000000000000000e+02 8.797968621025407110e-01 4.976059992515313724e-02
4.110000000000000000e+02 8.791965441441833562e-01 4.785884735264660239e-02
4.120000000000000000e+02 8.786902282087958316e-01 4.888221163632196914e-02
4.130000000000000000e+02 8.784414566092136889e-01 4.960636733824652644e-02
4.140000000000000000e+02 8.776380605094001863e-01 4.944004629365978537e-02
4.150000000000000000e+02 8.765530544689320580e-01 4.409910175862957402e-03
4.160000000000000000e+02 8.761367201100080937e-01 4.408494338935775060e-03
4.170000000000000000e+02 8.768438341970964389e-01 4.410978981208576490e-03
4.180000000000000000e+02 8.789330894772655611e-01 4.421975186342398841e-03
4.190000000000000000e+02 8.818914334107468278e-01 4.437275926999452100e-03
4.200000000000000000e+02 8.845136953169804306e-01 4.448395363252938099e-03
4.210000000000000000e+02 8.864401314410380595e-01 4.459437267576682289e-03
4.220000000000000000e+02 8.817856088197354447e-01 4.434493393917393785e-03
4.230000000000000000e+02 8.832445458145782302e-01 4.442208522878279310e-03
4.240000000000000000e+02 8.840410756971750494e-01 4.446850141676787944e-03
4.250000000000000000e+02 8.841763168314409338e-01 4.445245501877058587e-03
4.260000000000000000e+02 8.844885118793924805e-01 4.447767522161883216e-03
4.270000000000000000e+02 8.850193827372725419e-01 4.448435814432790888e-03
4.280000000000000000e+02 8.853712089411787112e-01 4.450680177256691357e-03
4.290000000000000000e+02 8.853044002843655225e-01 4.450861614023128750e-03
4.300000000000000000e+02 8.849422525290951969e-01 4.450358517642933470e-03
4.310000000000000000e+02 8.846340387453789367e-01 5.317873063917086252e-02
4.320000000000000000e+02 8.843768089928695231e-01 5.380106711466821345e-02
4.330000000000000000e+02 8.843076832222317440e-01 5.335212195191158663e-02
4.340000000000000000e+02 8.842385574515939650e-01 4.889278618653793151e-02
4.350000000000000000e+02 8.841694316809561860e-01 4.758522292729113617e-02
4.360000000000000000e+02 8.843324657489251006e-01 4.902395484331263653e-02
4.370000000000000000e+02 8.848538742154241632e-01 4.968942056604529894e-02
4.380000000000000000e+02 8.854094406506096693e-01 4.450367300657087979e-03
4.390000000000000000e+02 8.854279379647166381e-01 4.448511337308714425e-03
4.400000000000000000e+02 8.850554465747582089e-01 4.446985376388289113e-03
4.410000000000000000e+02 8.846787604998903598e-01 4.446308030686912591e-03
4.420000000000000000e+02 8.850060976631125564e-01 4.446095569631506629e-03
4.430000000000000000e+02 8.865330488252953778e-01 4.455393339693071615e-03
4.440000000000000000e+02 8.891736041356079756e-01 4.467655318558408882e-03
4.450000000000000000e+02 8.923301649668258229e-01 4.484618410317613331e-03
4.460000000000000000e+02 8.902976381426850327e-01 4.474203373410088821e-03
4.470000000000000000e+02 8.895232613886816520e-01 4.469796926643627120e-03
4.480000000000000000e+02 8.892659020624847921e-01 4.469229741585817837e-03
4.490000000000000000e+02 8.885711411613399502e-01 4.463833160941910357e-03
4.500000000000000000e+02 8.875992021871415005e-01 4.460119924700036396e-03
4.510000000000000000e+02 8.870016670655175295e-01 4.455695025251096321e-03
4.520000000000000000e+02 8.870392398560895675e-01 4.456257175611268509e-03
4.530000000000000000e+02 8.875244737228862313e-01 4.459508782385283344e-03
4.540000000000000000e+02 8.881470776973161563e-01 4.460737068186757665e-03
4.550000000000000000e+02 8.888780853788178504e-01 4.465829188747745017e-03
4.560000000000000000e+02 8.896025825214808336e-01 4.468542514308172266e-03
4.570000000000000000e+02 8.900557907803527957e-01 4.471070290127041047e-03
4.580000000000000000e+02 8.901006257580260650e-01 4.471768084628466658e-03
4.590000000000000000e+02 8.899374753743435340e-01 4.469731736633258089e-03
4.600000000000000000e+02 8.898772030349001438e-01 4.470418537922942609e-03
4.610000000000000000e+02 8.899046103111029060e-01 4.469252934809003590e-03
4.620000000000000000e+02 8.899959939895050187e-01 4.471135728806336675e-03
4.630000000000000000e+02 8.900518669904933233e-01 4.470880486508156670e-03
4.640000000000000000e+02 8.901159578951675089e-01 4.470673931002391160e-03
4.650000000000000000e+02 8.902148942412978494e-01 4.471822115618730165e-03
4.660000000000000000e+02 8.903267809369457275e-01 4.470921348890804364e-03
4.670000000000000000e+02 8.906456876710004966e-01 4.474067302054235765e-03
4.680000000000000000e+02 8.912336836586958189e-01 4.475694451948249337e-03
4.690000000000000000e+02 8.921043935174433059e-01 4.480699794862525939e-03
4.700000000000000000e+02 8.930014581023126841e-01 4.485713369557648919e-03
4.710000000000000000e+02 8.933803211263238175e-01 4.486368607950316952e-03
4.720000000000000000e+02 8.925498665850822855e-01 4.483312871726375694e-03
4.730000000000000000e+02 8.902233274078292791e-01 4.470533852219412720e-03
4.740000000000000000e+02 8.873760781679482790e-01 4.457346956763539106e-03
4.750000000000000000e+02 8.891691798274319325e-01 4.466391132372709259e-03
4.760000000000000000e+02 8.901939297902125015e-01 4.470355641215892524e-03
4.770000000000000000e+02 8.907642999369504988e-01 4.474220992600056943e-03
4.780000000000000000e+02 8.914447332801302970e-01 4.475986920493849920e-03
4.790000000000000000e+02 8.924182410623658912e-01 4.481957792586743587e-03
4.800000000000000000e+02 8.933882332905648260e-01 4.486140865375552907e-03
4.810000000000000000e+02 8.940379426823144016e-01 4.489605616185075865e-03
4.820000000000000000e+02 8.942486833303624483e-01 4.492423341568083442e-03
4.830000000000000000e+02 8.941506777478195334e-01 5.339575488206176751e-02
4.840000000000000000e+02 8.940208199974222225e-01 5.399593020552766187e-02
4.850000000000000000e+02 8.939687489612373472e-01 5.429139372665446606e-02
4.860000000000000000e+02 8.939166779250525829e-01 5.094661933908298246e-02
4.870000000000000000e+02 8.938646068888677076e-01 4.832174282275607941e-02
4.880000000000000000e+02 8.936620229806369053e-01 4.909174447347669501e-02
4.890000000000000000e+02 8.933190335735986531e-01 4.957515052628473640e-02
4.900000000000000000e+02 8.927592512928721469e-01 4.940438993299109405e-02
4.910000000000000000e+02 8.920712409834463674e-01 4.480431424636479622e-03
4.920000000000000000e+02 8.912044903532814200e-01 4.475712357554660105e-03
4.930000000000000000e+02 8.904822184580234445e-01 4.471741683608409026e-03
4.940000000000000000e+02 8.903947175664969071e-01 4.472289518790955459e-03
4.950000000000000000e+02 8.915393814781880089e-01 4.477091763777802172e-03
4.960000000000000000e+02 8.941550168428009648e-01 4.491368557257144865e-03
4.970000000000000000e+02 8.971680033291900003e-01 4.505848043660827355e-03
4.980000000000000000e+02 8.954454293744712468e-01 4.497806067862201995e-03
4.990000000000000000e+02 8.943756112815214321e-01 4.492474110616824501e-03
5.000000000000000000e+02 8.937198486010233811e-01 4.488616458533659787e-03
5.010000000000000000e+02 8.928745522292623749e-01 4.485540488740526882e-03
5.020000000000000000e+02 8.917174076469880362e-01 4.478495457590421155e-03
5.030000000000000000e+02 8.905703934760650364e-01 4.474359772587475567e-03
5.040000000000000000e+02 8.897236081606032521e-01 4.469757420781412735e-03
5.050000000000000000e+02 8.892915474428008116e-01 4.466545219271485234e-03
5.060000000000000000e+02 8.891336891681410615e-01 4.466709808744638230e-03
5.070000000000000000e+02 8.889854739745084444e-01 4.464818095819211678e-03
5.080000000000000000e+02 8.887733774847568213e-01 4.464882152108482806e-03
5.090000000000000000e+02 8.884920998381589108e-01 4.463187718116984684e-03
5.100000000000000000e+02 8.881986629153019175e-01 4.461462576575834192e-03
5.110000000000000000e+02 8.878641435786238656e-01 4.460135820477340203e-03
5.120000000000000000e+02 8.873775351574496595e-01 4.457032813359174811e-03
5.130000000000000000e+02 8.867551321867173098e-01 4.455000654119464082e-03
5.140000000000000000e+02 8.859263583041424583e-01 4.449659036702744916e-03
5.150000000000000000e+02 8.849347283988865387e-01 4.446356436005247798e-03
5.160000000000000000e+02 8.838348756574107012e-01 4.440336139288309641e-03
5.170000000000000000e+02 8.826748678874791754e-01 4.433723375361669355e-03
5.180000000000000000e+02 8.815035124285643953e-01 4.428931698353807608e-03
5.190000000000000000e+02 8.802499552920668435e-01 4.421526379442397917e-03
5.200000000000000000e+02 8.789378077724392391e-01 4.416154526840544541e-03
5.210000000000000000e+02 8.775965992052721099e-01 4.409204226932475316e-03
5.220000000000000000e+02 8.763003366131625338e-01 4.402505318117623523e-03
5.230000000000000000e+02 8.750205854016189777e-01 4.396439630897371921e-03
5.240000000000000000e+02 8.736565993877648539e-01 4.389015235830234264e-03
5.250000000000000000e+02 8.722100315265006731e-01 4.382882379809062943e-03
5.260000000000000000e+02 8.706784467049649701e-01 4.374127498338140942e-03
5.270000000000000000e+02 8.690497921541957549e-01 4.367395889027208232e-03
5.280000000000000000e+02 8.673332885022354555e-01 4.358332546935981232e-03
5.290000000000000000e+02 8.655523828287721155e-01 4.348675077766817054e-03
5.300000000000000000e+02 8.637274122801142928e-01 4.340718618947851659e-03
5.310000000000000000e+02 8.618360034311737250e-01 4.330374728222752614e-03
5.320000000000000000e+02 8.598562414077950411e-01 4.321420270032216501e-03
5.330000000000000000e+02 8.577682254653847815e-01 4.310917122191578084e-03
5.340000000000000000e+02 8.556149909443002688e-01 4.299875563888530365e-03
5.350000000000000000e+02 8.534310310658377308e-01 4.289218635476121401e-03
5.360000000000000000e+02 8.512137451199032201e-01 4.277439122090260712e-03
5.370000000000000000e+02 8.488808359075421528e-01 4.266532837252448758e-03
5.380000000000000000e+02 8.463509501521148115e-01 4.253363913122689896e-03
5.390000000000000000e+02 8.436810734249955424e-01 4.241117891995075002e-03
5.400000000000000000e+02 8.409448377801900243e-01 4.227080901729542844e-03
5.410000000000000000e+02 8.380934273042233151e-01 4.212162593034102058e-03
5.420000000000000000e+02 8.350340708913948085e-01 4.197986848296622088e-03
5.430000000000000000e+02 8.317535302456785518e-01 4.180740199594459514e-03
5.440000000000000000e+02 8.283471658103617186e-01 4.164828659493443989e-03
5.450000000000000000e+02 8.248713791799310302e-01 4.146715293850185106e-03
5.460000000000000000e+02 8.213700050364159955e-01 4.129758798749928045e-03
5.470000000000000000e+02 8.177720059372443062e-01 4.111753825496308572e-03
5.480000000000000000e+02 8.140650128138224861e-01 4.092322108250005981e-03
5.490000000000000000e+02 8.102367493833450007e-01 4.074413617715243359e-03
5.500000000000000000e+02 8.062449127896778034e-01 4.053775866211546848e-03
5.510000000000000000e+02 8.021167384991899629e-01 4.033921950302518308e-03
5.520000000000000000e+02 7.978365054713291160e-01 4.012516692739180948e-03
5.530000000000000000e+02 7.934503264542880352e-01 3.989777025748262804e-03
5.540000000000000000e+02 7.889644800126991431e-01 3.968415995073214242e-03
5.550000000000000000e+02 7.842742846590562422e-01 3.944055192531810937e-03
5.560000000000000000e+02 7.793725650023440865e-01 3.920690427984853399e-03
5.570000000000000000e+02 7.742460490496482217e-01 3.894323320771676897e-03
5.580000000000000000e+02 7.689911044697542719e-01 3.868690835081138070e-03
5.590000000000000000e+02 7.636893045246110345e-01 3.842053747627022144e-03
5.600000000000000000e+02 7.583320021005319767e-01 3.814755771134238898e-03
5.610000000000000000e+02 7.528668845763101247e-01 3.788592872347141052e-03
5.620000000000000000e+02 7.472378132770417514e-01 3.759945127734200601e-03
5.630000000000000000e+02 7.414431816125256480e-01 3.731852973336330717e-03
5.640000000000000000e+02 7.354532103042468183e-01 3.701645897475656227e-03
5.650000000000000000e+02 7.292872403154081473e-01 3.670562775009544865e-03
5.660000000000000000e+02 7.229894692102102338e-01 3.639891699305296963e-03
5.670000000000000000e+02 7.165029157038359520e-01 3.606711593344540893e-03
5.680000000000000000e+02 7.098532707484447313e-01 3.574407638811616817e-03
5.690000000000000000e+02 7.030467281237692267e-01 3.539955067579906526e-03
5.700000000000000000e+02 6.961477096153148025e-01 3.506062018099718666e-03
5.710000000000000000e+02 6.891632482745245758e-01 3.471145019160669712e-03
5.720000000000000000e+02 6.820517644083173847e-01 3.435371850377317172e-03
5.730000000000000000e+02 6.747916196732948180e-01 3.399751322092452871e-03
5.740000000000000000e+02 6.673193339392778922e-01 3.362097673190157354e-03
5.750000000000000000e+02 6.596160983937242595e-01 3.324514791380390674e-03
5.760000000000000000e+02 6.517679020385584998e-01 3.284539132968011550e-03
5.770000000000000000e+02 6.439200480145674810e-01 3.245684891359425922e-03
5.780000000000000000e+02 6.361995176037744670e-01 3.207372141988742379e-03
5.790000000000000000e+02 6.285685890752474858e-01 3.168388786876571560e-03
5.800000000000000000e+02 6.208812783508583788e-01 3.131121736831392940e-03
5.810000000000000000e+02 6.130353186004153798e-01 3.090950225011775999e-03
5.820000000000000000e+02 6.050331497622196686e-01 3.051565095261168318e-03
5.830000000000000000e+02 5.968902476634667664e-01 3.011014319607786208e-03
5.840000000000000000e+02 5.886318942317405600e-01 2.969129067088747791e-03
5.850000000000000000e+02 5.802458357114846921e-01 2.928185306336554029e-03
5.860000000000000000e+02 5.716816795319683564e-01 2.885409770855439180e-03
5.870000000000000000e+02 5.629072971245446810e-01 2.842187839055873317e-03
5.880000000000000000e+02 5.539358802571607843e-01 2.797675015738913112e-03
5.890000000000000000e+02 5.447819542165001083e-01 2.751647367611893477e-03
5.900000000000000000e+02 5.354405746502890473e-01 2.705417636753894295e-03
5.910000000000000000e+02 5.258942272269018225e-01 2.656929239917902100e-03
5.920000000000000000e+02 5.162205119412556220e-01 2.609424687100178782e-03
5.930000000000000000e+02 5.064639684334036884e-01 2.559648724146287944e-03
5.940000000000000000e+02 4.967042606012395667e-01 2.511190391442743187e-03
5.950000000000000000e+02 4.869773226618469564e-01 2.463212167600576426e-03
5.960000000000000000e+02 4.772845570215761279e-01 2.414512668075699097e-03
5.970000000000000000e+02 4.676265286112196717e-01 2.366567621247197759e-03
5.980000000000000000e+02 4.578654532441711611e-01 2.317421722296514764e-03
5.990000000000000000e+02 4.478738670338932581e-01 2.268118473806650555e-03
6.000000000000000000e+02 4.376250680662936987e-01 2.216161816012886081e-03
6.010000000000000000e+02 4.272398904505648742e-01 2.165122938454515280e-03
6.020000000000000000e+02 4.168375022838138322e-01 2.113100635477709217e-03
6.030000000000000000e+02 4.064452238180063515e-01 2.060558229476291362e-03
6.040000000000000000e+02 3.961444719260986402e-01 2.010022269191610606e-03
6.050000000000000000e+02 3.859850196378361575e-01 1.958282406512894518e-03
6.060000000000000000e+02 3.759709747075201669e-01 1.908894388435370629e-03
6.070000000000000000e+02 3.660927418027875024e-01 1.859618182540222252e-03
6.080000000000000000e+02 3.563512126545594905e-01 1.810917568173046801e-03
6.090000000000000000e+02 3.467668150072660271e-01 1.762916137220275729e-03
6.100000000000000000e+02 3.373527878044151884e-01 1.716005315210725407e-03
6.110000000000000000e+02 3.280738884555068902e-01 1.670140476291972738e-03
6.120000000000000000e+02 3.189104143075767173e-01 1.623576940431573599e-03
6.130000000000000000e+02 3.098287806734265626e-01 1.578633090449898949e-03
6.140000000000000000e+02 3.008259507424168588e-01 1.534074590081874493e-03
6.150000000000000000e+02 2.918874776520086201e-01 1.489437037429582793e-03
6.160000000000000000e+02 2.830285613914954035e-01 1.446060285063747444e-03
6.170000000000000000e+02 2.742915452024274892e-01 1.401114169773862899e-03
6.180000000000000000e+02 2.656707902919318576e-01 1.359017823050721234e-03
6.190000000000000000e+02 2.571519749784235143e-01 1.315739773763273954e-03
6.200000000000000000e+02 2.487419541841650872e-01 1.273525049539796488e-03
6.210000000000000000e+02 2.404875734759190364e-01 1.233760236053258949e-03
6.220000000000000000e+02 2.324108358072952962e-01 1.192352408785995544e-03
6.230000000000000000e+02 2.244957465715162470e-01 1.153988316721043595e-03
6.240000000000000000e+02 2.167316728451749719e-01 1.114191790119398130e-03
6.250000000000000000e+02 2.091042536208124192e-01 1.077588196677030982e-03
6.260000000000000000e+02 2.015824012473710070e-01 1.040115438001329093e-03
6.270000000000000000e+02 1.942099985755625924e-01 1.003203063828572023e-03
6.280000000000000000e+02 1.869982676220077189e-01 9.678843870841076242e-04
6.290000000000000000e+02 1.799358101164345858e-01 9.329549371970720633e-04
6.300000000000000000e+02 1.730209899444881128e-01 8.982578694941278094e-04
6.310000000000000000e+02 1.662425065689008830e-01 8.636868512753706267e-04
6.320000000000000000e+02 1.596173081987276032e-01 8.308421329648183395e-04
6.330000000000000000e+02 1.531549564371778582e-01 7.989184333897838284e-04
6.340000000000000000e+02 1.468978178658468248e-01 7.677502917716664925e-04
6.350000000000000000e+02 1.408643177322151108e-01 7.382362242286703239e-04
6.360000000000000000e+02 1.350474882836709134e-01 7.090531757059724115e-04
6.370000000000000000e+02 1.294235537730341057e-01 6.816350536016945773e-04
6.380000000000000000e+02 1.239553884367642356e-01 6.540174024196787530e-04
6.390000000000000000e+02 1.186370308917347044e-01 6.275597953931474774e-04
6.400000000000000000e+02 1.134857659828051729e-01 6.020901010502498771e-04
6.410000000000000000e+02 1.084873027154098918e-01 5.779661594371535453e-04
6.420000000000000000e+02 1.035934518018390427e-01 5.543390987851340912e-04
6.430000000000000000e+02 9.875762351187564181e-02 5.290578402247105407e-04
6.440000000000000000e+02 9.400925710608164232e-02 5.068655111575059774e-04
6.450000000000000000e+02 8.923666994926625351e-02 4.822745161140403782e-04
6.460000000000000000e+02 8.466549860160531293e-02 4.598690519873074823e-04
6.470000000000000000e+02 8.029254465685126130e-02 4.390150369228226117e-04
6.480000000000000000e+02 7.610127836603904072e-02 4.178694661385098106e-04
6.490000000000000000e+02 7.206292717463591568e-02 3.979392635798127470e-04
6.500000000000000000e+02 6.817479755460448265e-02 3.770488895372458367e-04
6.510000000000000000e+02 6.442611623594404757e-02 5.000000000000000278e-02
6.520000000000000000e+02 6.081990753385077553e-02 5.000000000000000278e-02
6.530000000000000000e+02 5.735452386022062143e-02 5.000000000000000278e-02
6.540000000000000000e+02 5.402298800434360282e-02 5.000000000000000278e-02
6.550000000000000000e+02 5.295375389581727377e-02 5.000000000000000278e-02
6.560000000000000000e+02 5.188451978729095165e-02 5.000000000000000278e-02
6.570000000000000000e+02 5.081528567876462260e-02 5.000000000000000278e-02
6.580000000000000000e+02 4.772970443856434236e-02 5.000000000000000278e-02
6.590000000000000000e+02 4.476790950183209827e-02 5.000000000000000278e-02
6.600000000000000000e+02 4.192267725376448012e-02 5.000000000000000278e-02
6.610000000000000000e+02 3.920122813316290200e-02 5.000000000000000278e-02
6.620000000000000000e+02 3.660549183208561264e-02 5.000000000000000278e-02
6.630000000000000000e+02 3.414146356736763588e-02 5.000000000000000278e-02
6.640000000000000000e+02 3.180521972407503867e-02 5.000000000000000278e-02
6.650000000000000000e+02 2.960662211845888764e-02 5.000000000000000278e-02
6.660000000000000000e+02 2.756634647145416936e-02 5.000000000000000278e-02
6.670000000000000000e+02 2.567289113016108654e-02 5.000000000000000278e-02
6.680000000000000000e+02 2.407601949390355753e-02 5.000000000000000278e-02
6.690000000000000000e+02 2.255045121200276517e-02 5.000000000000000278e-02
6.700000000000000000e+02 2.109561005469443376e-02 5.000000000000000278e-02
6.710000000000000000e+02 1.969754340971604026e-02 5.000000000000000278e-02
6.720000000000000000e+02 1.837250464480588014e-02 5.000000000000000278e-02
6.730000000000000000e+02 1.712946557174273299e-02 5.000000000000000278e-02
6.740000000000000000e+02 1.597241854659089619e-02 5.000000000000000278e-02
6.750000000000000000e+02 1.489084337997271384e-02 5.000000000000000278e-02
6.760000000000000000e+02 1.382661136911211668e-02 5.000000000000000278e-02
6.770000000000000000e+02 1.283235848453365829e-02 5.000000000000000278e-02
6.780000000000000000e+02 1.190412142038328909e-02 5.000000000000000278e-02
6.790000000000000000e+02 1.103551536234759212e-02 5.000000000000000278e-02
6.800000000000000000e+02 1.021960122710886647e-02 5.000000000000000278e-02
6.810000000000000000e+02 9.453922976111001075e-03 5.000000000000000278e-02
6.820000000000000000e+02 8.736785630623853868e-03 5.000000000000000278e-02
6.830000000000000000e+02 8.065015313130247457e-03 5.000000000000000278e-02
6.840000000000000000e+02 7.431007733389254598e-03 5.000000000000000278e-02
6.850000000000000000e+02 6.835543360773018579e-03 5.000000000000000278e-02
6.860000000000000000e+02 6.648882055147777026e-03 5.000000000000000278e-02
6.870000000000000000e+02 6.462220749522535473e-03 5.000000000000000278e-02
6.880000000000000000e+02 6.275559443897293921e-03 5.000000000000000278e-02
6.890000000000000000e+02 5.745698197278468339e-03 5.000000000000000278e-02
6.900000000000000000e+02 5.251186547452200461e-03 5.000000000000000278e-02
6.910000000000000000e+02 4.784983197014902254e-03 5.000000000000000278e-02
6.920000000000000000e+02 4.339305400341311215e-03 5.000000000000000278e-02
6.930000000000000000e+02 3.917410325609386318e-03 5.000000000000000278e-02
6.940000000000000000e+02 3.522826280911721571e-03 5.000000000000000278e-02
6.950000000000000000e+02 3.150009288240372164e-03 5.000000000000000278e-02
6.960000000000000000e+02 2.802409618558279747e-03 5.000000000000000278e-02
6.970000000000000000e+02 2.476551311431817413e-03 5.000000000000000278e-02
6.980000000000000000e+02 2.204734918565363390e-03 5.000000000000000278e-02
6.990000000000000000e+02 1.932918525698908499e-03 5.000000000000000278e-02
7.000000000000000000e+02 1.661102132832454042e-03 5.000000000000000278e-02
7.010000000000000000e+02 1.389285739965999585e-03 5.000000000000000278e-02
7.020000000000000000e+02 1.117469347099545561e-03 5.000000000000000278e-02
7.030000000000000000e+02 8.456529542330906701e-04 5.000000000000000278e-02
7.040000000000000000e+02 5.738365613666357792e-04 5.000000000000000278e-02
7.050000000000000000e+02 3.020201685001817557e-04 5.000000000000000278e-02
7.060000000000000000e+02 3.020377563372686480e-05 5.000000000000000278e-02
7.070000000000000000e+02 0.000000000000000000e+00 5.000000000000000278e-02
7.080000000000000000e+02 0.000000000000000000e+00 5.000000000000000278e-02
7.090000000000000000e+02 0.000000000000000000e+00 5.000000000000000278e-02
7.100000000000000000e+02 0.000000000000000000e+00 5.000000000000000278e-02
7.110000000000000000e+02 0.000000000000000000e+00 5.000000000000000278e-02
7.120000000000000000e+02 0.000000000000000000e+00 5.000000000000000278e-02
7.130000000000000000e+02 0.000000000000000000e+00 5.000000000000000278e-02
7.140000000000000000e+02 0.000000000000000000e+00 5.000000000000000278e-02
7.150000000000000000e+02 0.000000000000000000e+00 5.000000000000000278e-02
7.160000000000000000e+02 0.000000000000000000e+00 5.000000000000000278e-02
7.170000000000000000e+02 0.000000000000000000e+00 5.000000000000000278e-02
7.180000000000000000e+02 0.000000000000000000e+00 5.000000000000000278e-02
7.190000000000000000e+02 0.000000000000000000e+00 5.000000000000000278e-02
7.200000000000000000e+02 0.000000000000000000e+00 5.000000000000000278e-02
7.210000000000000000e+02 0.000000000000000000e+00 5.000000000000000278e-02
7.220000000000000000e+02 0.000000000000000000e+00 5.000000000000000278e-02
7.230000000000000000e+02 0.000000000000000000e+00 5.000000000000000278e-02
7.240000000000000000e+02 0.000000000000000000e+00 5.000000000000000278e-02
7.250000000000000000e+02 0.000000000000000000e+00 5.000000000000000278e-02
7.260000000000000000e+02 0.000000000000000000e+00 5.000000000000000104e-03
7.270000000000000000e+02 0.000000000000000000e+00 5.000000000000000104e-03
7.280000000000000000e+02 0.000000000000000000e+00 5.000000000000000104e-03
7.290000000000000000e+02 0.000000000000000000e+00 5.000000000000000104e-03
7.300000000000000000e+02 0.000000000000000000e+00 5.000000000000000104e-03
7.310000000000000000e+02 0.000000000000000000e+00 5.000000000000000104e-03
7.320000000000000000e+02 0.000000000000000000e+00 5.000000000000000104e-03
7.330000000000000000e+02 0.000000000000000000e+00 5.000000000000000104e-03
7.340000000000000000e+02 0.000000000000000000e+00 5.000000000000000104e-03
7.350000000000000000e+02 0.000000000000000000e+00 5.000000000000000104e-03
7.360000000000000000e+02 0.000000000000000000e+00 5.000000000000000104e-03
7.370000000000000000e+02 0.000000000000000000e+00 5.000000000000000104e-03
7.380000000000000000e+02 0.000000000000000000e+00 5.000000000000000104e-03
7.390000000000000000e+02 0.000000000000000000e+00 5.000000000000000104e-03
7.400000000000000000e+02 0.000000000000000000e+00 5.000000000000000104e-03
7.410000000000000000e+02 0.000000000000000000e+00 5.000000000000000104e-03
7.420000000000000000e+02 0.000000000000000000e+00 5.000000000000000104e-03
7.430000000000000000e+02 0.000000000000000000e+00 5.000000000000000104e-03
7.440000000000000000e+02 0.000000000000000000e+00 5.000000000000000104e-03
7.450000000000000000e+02 0.000000000000000000e+00 5.000000000000000104e-03
7.460000000000000000e+02 0.000000000000000000e+00 5.000000000000000104e-03
7.470000000000000000e+02 0.000000000000000000e+00 5.000000000000000104e-03
7.480000000000000000e+02 0.000000000000000000e+00 5.000000000000000104e-03
7.490000000000000000e+02 0.000000000000000000e+00 5.000000000000000104e-03
7.500000000000000000e+02 0.000000000000000000e+00 5.000000000000000104e-03
7.510000000000000000e+02 0.000000000000000000e+00 5.000000000000000104e-03
7.520000000000000000e+02 0.000000000000000000e+00 5.000000000000000104e-03
7.530000000000000000e+02 0.000000000000000000e+00 5.000000000000000104e-03
7.540000000000000000e+02 0.000000000000000000e+00 5.000000000000000104e-03
7.550000000000000000e+02 0.000000000000000000e+00 5.000000000000000104e-03
7.560000000000000000e+02 0.000000000000000000e+00 5.000000000000000104e-03
7.570000000000000000e+02 0.000000000000000000e+00 5.000000000000000104e-03
7.580000000000000000e+02 0.000000000000000000e+00 5.000000000000000104e-03
7.590000000000000000e+02 0.000000000000000000e+00 5.000000000000000104e-03
7.600000000000000000e+02 0.000000000000000000e+00 5.000000000000000104e-03
7.610000000000000000e+02 0.000000000000000000e+00 5.000000000000000104e-03
7.620000000000000000e+02 0.000000000000000000e+00 5.000000000000000104e-03
7.630000000000000000e+02 0.000000000000000000e+00 5.000000000000000104e-03
7.640000000000000000e+02 0.000000000000000000e+00 5.000000000000000104e-03
7.650000000000000000e+02 0.000000000000000000e+00 5.000000000000000104e-03
7.660000000000000000e+02 0.000000000000000000e+00 5.000000000000000104e-03
7.670000000000000000e+02 0.000000000000000000e+00 5.000000000000000104e-03
7.680000000000000000e+02 0.000000000000000000e+00 5.000000000000000104e-03
7.690000000000000000e+02 0.000000000000000000e+00 5.000000000000000104e-03
7.700000000000000000e+02 0.000000000000000000e+00 5.000000000000000104e-03
7.710000000000000000e+02 0.000000000000000000e+00 5.000000000000000104e-03
7.720000000000000000e+02 0.000000000000000000e+00 5.000000000000000104e-03
7.730000000000000000e+02 0.000000000000000000e+00 5.000000000000000104e-03
7.740000000000000000e+02 0.000000000000000000e+00 5.000000000000000104e-03
7.750000000000000000e+02 0.000000000000000000e+00 5.000000000000000104e-03
7.760000000000000000e+02 0.000000000000000000e+00 5.000000000000000104e-03
7.770000000000000000e+02 0.000000000000000000e+00 5.000000000000000104e-03
7.780000000000000000e+02 0.000000000000000000e+00 5.000000000000000104e-03
7.790000000000000000e+02 0.000000000000000000e+00 5.000000000000000104e-03
7.800000000000000000e+02 0.000000000000000000e+00 5.000000000000000104e-03
7.810000000000000000e+02 0.000000000000000000e+00 5.000000000000000104e-03
7.820000000000000000e+02 0.000000000000000000e+00 5.000000000000000104e-03
7.830000000000000000e+02 0.000000000000000000e+00 5.000000000000000104e-03
7.840000000000000000e+02 0.000000000000000000e+00 5.000000000000000104e-03
7.850000000000000000e+02 0.000000000000000000e+00 5.000000000000000104e-03
7.860000000000000000e+02 0.000000000000000000e+00 5.000000000000000104e-03
7.870000000000000000e+02 0.000000000000000000e+00 5.000000000000000104e-03
7.880000000000000000e+02 0.000000000000000000e+00 5.000000000000000104e-03
7.890000000000000000e+02 0.000000000000000000e+00 5.000000000000000104e-03
7.900000000000000000e+02 0.000000000000000000e+00 5.000000000000000104e-03
7.910000000000000000e+02 0.000000000000000000e+00 5.000000000000000104e-03
7.920000000000000000e+02 0.000000000000000000e+00 5.000000000000000104e-03
7.930000000000000000e+02 0.000000000000000000e+00 5.000000000000000104e-03
7.940000000000000000e+02 0.000000000000000000e+00 5.000000000000000104e-03
7.950000000000000000e+02 0.000000000000000000e+00 5.000000000000000104e-03
7.960000000000000000e+02 0.000000000000000000e+00 5.000000000000000104e-03
7.970000000000000000e+02 0.000000000000000000e+00 5.000000000000000104e-03
7.980000000000000000e+02 0.000000000000000000e+00 5.000000000000000104e-03
7.990000000000000000e+02 0.000000000000000000e+00 5.000000000000000104e-03
8.000000000000000000e+02 0.000000000000000000e+00 5.000000000000000104e-03
8.010000000000000000e+02 0.000000000000000000e+00 5.000000000000000104e-03
8.020000000000000000e+02 0.000000000000000000e+00 5.000000000000000104e-03
8.030000000000000000e+02 0.000000000000000000e+00 5.000000000000000104e-03
8.040000000000000000e+02 0.000000000000000000e+00 5.000000000000000104e-03
8.050000000000000000e+02 0.000000000000000000e+00 5.000000000000000104e-03
8.060000000000000000e+02 0.000000000000000000e+00 5.000000000000000104e-03
8.070000000000000000e+02 0.000000000000000000e+00 5.000000000000000104e-03
8.080000000000000000e+02 0.000000000000000000e+00 5.000000000000000104e-03
8.090000000000000000e+02 0.000000000000000000e+00 5.000000000000000104e-03
8.100000000000000000e+02 0.000000000000000000e+00 5.000000000000000104e-03
8.110000000000000000e+02 0.000000000000000000e+00 5.000000000000000104e-03
8.120000000000000000e+02 0.000000000000000000e+00 5.000000000000000104e-03
8.130000000000000000e+02 0.000000000000000000e+00 5.000000000000000104e-03
8.140000000000000000e+02 0.000000000000000000e+00 5.000000000000000104e-03
8.150000000000000000e+02 0.000000000000000000e+00 5.000000000000000104e-03
8.160000000000000000e+02 0.000000000000000000e+00 5.000000000000000104e-03
8.170000000000000000e+02 0.000000000000000000e+00 5.000000000000000104e-03
8.180000000000000000e+02 0.000000000000000000e+00 5.000000000000000104e-03
8.190000000000000000e+02 0.000000000000000000e+00 5.000000000000000104e-03
8.200000000000000000e+02 0.000000000000000000e+00 5.000000000000000104e-03
8.210000000000000000e+02 0.000000000000000000e+00 5.000000000000000104e-03
8.220000000000000000e+02 0.000000000000000000e+00 5.000000000000000104e-03
8.230000000000000000e+02 0.000000000000000000e+00 5.000000000000000104e-03
8.240000000000000000e+02 0.000000000000000000e+00 5.000000000000000104e-03
8.250000000000000000e+02 0.000000000000000000e+00 5.000000000000000104e-03
8.260000000000000000e+02 0.000000000000000000e+00 5.000000000000000104e-03
8.270000000000000000e+02 0.000000000000000000e+00 5.000000000000000104e-03
8.280000000000000000e+02 0.000000000000000000e+00 5.000000000000000104e-03
8.290000000000000000e+02 0.000000000000000000e+00 5.000000000000000104e-03
8.300000000000000000e+02 0.000000000000000000e+00 5.000000000000000104e-03
8.310000000000000000e+02 0.000000000000000000e+00 5.000000000000000104e-03
8.320000000000000000e+02 0.000000000000000000e+00 5.000000000000000104e-03
8.330000000000000000e+02 0.000000000000000000e+00 5.000000000000000104e-03
8.340000000000000000e+02 0.000000000000000000e+00 5.000000000000000104e-03
8.350000000000000000e+02 0.000000000000000000e+00 5.000000000000000104e-03
8.360000000000000000e+02 0.000000000000000000e+00 5.000000000000000104e-03
8.370000000000000000e+02 0.000000000000000000e+00 5.000000000000000104e-03
8.380000000000000000e+02 0.000000000000000000e+00 5.000000000000000104e-03
8.390000000000000000e+02 0.000000000000000000e+00 5.000000000000000104e-03
8.400000000000000000e+02 0.000000000000000000e+00 5.000000000000000104e-03
8.410000000000000000e+02 0.000000000000000000e+00 5.000000000000000104e-03
8.420000000000000000e+02 0.000000000000000000e+00 5.000000000000000104e-03
8.430000000000000000e+02 0.000000000000000000e+00 5.000000000000000104e-03
8.440000000000000000e+02 0.000000000000000000e+00 5.000000000000000104e-03
8.450000000000000000e+02 0.000000000000000000e+00 5.000000000000000104e-03
8.460000000000000000e+02 0.000000000000000000e+00 5.000000000000000104e-03
8.470000000000000000e+02 0.000000000000000000e+00 5.000000000000000104e-03
8.480000000000000000e+02 0.000000000000000000e+00 5.000000000000000104e-03
8.490000000000000000e+02 0.000000000000000000e+00 5.000000000000000104e-03
8.500000000000000000e+02 0.000000000000000000e+00 5.000000000000000104e-03
8.510000000000000000e+02 0.000000000000000000e+00 5.000000000000000104e-03
8.520000000000000000e+02 0.000000000000000000e+00 5.000000000000000104e-03
8.530000000000000000e+02 0.000000000000000000e+00 5.000000000000000104e-03
8.540000000000000000e+02 0.000000000000000000e+00 5.000000000000000104e-03
8.550000000000000000e+02 0.000000000000000000e+00 5.000000000000000104e-03
8.560000000000000000e+02 0.000000000000000000e+00 5.000000000000000104e-03
8.570000000000000000e+02 0.000000000000000000e+00 5.000000000000000104e-03
8.580000000000000000e+02 0.000000000000000000e+00 5.000000000000000104e-03
8.590000000000000000e+02 0.000000000000000000e+00 5.000000000000000104e-03
8.600000000000000000e+02 0.000000000000000000e+00 5.000000000000000104e-03
8.610000000000000000e+02 0.000000000000000000e+00 5.000000000000000104e-03
8.620000000000000000e+02 0.000000000000000000e+00 5.000000000000000104e-03
8.630000000000000000e+02 0.000000000000000000e+00 5.000000000000000104e-03
8.640000000000000000e+02 0.000000000000000000e+00 5.000000000000000104e-03
8.650000000000000000e+02 0.000000000000000000e+00 5.000000000000000104e-03
8.660000000000000000e+02 0.000000000000000000e+00 5.000000000000000104e-03
8.670000000000000000e+02 0.000000000000000000e+00 5.000000000000000104e-03
8.680000000000000000e+02 0.000000000000000000e+00 5.000000000000000104e-03
8.690000000000000000e+02 0.000000000000000000e+00 5.000000000000000104e-03
8.700000000000000000e+02 0.000000000000000000e+00 5.000000000000000104e-03
8.710000000000000000e+02 0.000000000000000000e+00 5.000000000000000104e-03
8.720000000000000000e+02 0.000000000000000000e+00 5.000000000000000104e-03
8.730000000000000000e+02 0.000000000000000000e+00 5.000000000000000104e-03
8.740000000000000000e+02 0.000000000000000000e+00 5.000000000000000104e-03
8.750000000000000000e+02 0.000000000000000000e+00 5.000000000000000104e-03
8.760000000000000000e+02 0.000000000000000000e+00 5.000000000000000104e-03
8.770000000000000000e+02 0.000000000000000000e+00 5.000000000000000104e-03
8.780000000000000000e+02 0.000000000000000000e+00 5.000000000000000104e-03
8.790000000000000000e+02 0.000000000000000000e+00 5.000000000000000104e-03
8.800000000000000000e+02 0.000000000000000000e+00 5.000000000000000104e-03
8.810000000000000000e+02 0.000000000000000000e+00 5.000000000000000104e-03
8.820000000000000000e+02 0.000000000000000000e+00 5.000000000000000104e-03
8.830000000000000000e+02 0.000000000000000000e+00 5.000000000000000104e-03
8.840000000000000000e+02 0.000000000000000000e+00 5.000000000000000104e-03
8.850000000000000000e+02 0.000000000000000000e+00 5.000000000000000104e-03
8.860000000000000000e+02 0.000000000000000000e+00 5.000000000000000104e-03
8.870000000000000000e+02 0.000000000000000000e+00 5.000000000000000104e-03
8.880000000000000000e+02 0.000000000000000000e+00 5.000000000000000104e-03
8.890000000000000000e+02 0.000000000000000000e+00 5.000000000000000104e-03
8.900000000000000000e+02 0.000000000000000000e+00 5.000000000000000104e-03
8.910000000000000000e+02 0.000000000000000000e+00 5.000000000000000104e-03
8.920000000000000000e+02 0.000000000000000000e+00 5.000000000000000104e-03
8.930000000000000000e+02 0.000000000000000000e+00 5.000000000000000104e-03
8.940000000000000000e+02 0.000000000000000000e+00 5.000000000000000104e-03
8.950000000000000000e+02 0.000000000000000000e+00 5.000000000000000104e-03
8.960000000000000000e+02 0.000000000000000000e+00 5.000000000000000104e-03
8.970000000000000000e+02 0.000000000000000000e+00 5.000000000000000104e-03
8.980000000000000000e+02 0.000000000000000000e+00 5.000000000000000104e-03
8.990000000000000000e+02 0.000000000000000000e+00 5.000000000000000104e-03
9.000000000000000000e+02 0.000000000000000000e+00 5.000000000000000104e-03
9.010000000000000000e+02 0.000000000000000000e+00 5.000000000000000104e-03
9.020000000000000000e+02 0.000000000000000000e+00 5.000000000000000104e-03
9.030000000000000000e+02 0.000000000000000000e+00 5.000000000000000104e-03
9.040000000000000000e+02 0.000000000000000000e+00 5.000000000000000104e-03
9.050000000000000000e+02 0.000000000000000000e+00 5.000000000000000104e-03
9.060000000000000000e+02 0.000000000000000000e+00 5.000000000000000104e-03
9.070000000000000000e+02 0.000000000000000000e+00 5.000000000000000104e-03
9.080000000000000000e+02 0.000000000000000000e+00 5.000000000000000104e-03
9.090000000000000000e+02 0.000000000000000000e+00 5.000000000000000104e-03
9.100000000000000000e+02 0.000000000000000000e+00 5.000000000000000104e-03
9.110000000000000000e+02 0.000000000000000000e+00 5.000000000000000104e-03
9.120000000000000000e+02 0.000000000000000000e+00 5.000000000000000104e-03
9.130000000000000000e+02 0.000000000000000000e+00 5.000000000000000104e-03
9.140000000000000000e+02 0.000000000000000000e+00 5.000000000000000104e-03
9.150000000000000000e+02 0.000000000000000000e+00 5.000000000000000104e-03
9.160000000000000000e+02 0.000000000000000000e+00 5.000000000000000104e-03
9.170000000000000000e+02 0.000000000000000000e+00 5.000000000000000104e-03
9.180000000000000000e+02 0.000000000000000000e+00 5.000000000000000104e-03
9.190000000000000000e+02 0.000000000000000000e+00 5.000000000000000104e-03
9.200000000000000000e+02 0.000000000000000000e+00 5.000000000000000104e-03
9.210000000000000000e+02 0.000000000000000000e+00 5.000000000000000104e-03
9.220000000000000000e+02 0.000000000000000000e+00 5.000000000000000104e-03
9.230000000000000000e+02 0.000000000000000000e+00 5.000000000000000104e-03
9.240000000000000000e+02 0.000000000000000000e+00 5.000000000000000104e-03
9.250000000000000000e+02 0.000000000000000000e+00 5.000000000000000104e-03
9.260000000000000000e+02 0.000000000000000000e+00 5.000000000000000104e-03
9.270000000000000000e+02 0.000000000000000000e+00 5.000000000000000104e-03
9.280000000000000000e+02 0.000000000000000000e+00 5.000000000000000104e-03
9.290000000000000000e+02 0.000000000000000000e+00 5.000000000000000104e-03
9.300000000000000000e+02 0.000000000000000000e+00 5.000000000000000104e-03
9.310000000000000000e+02 0.000000000000000000e+00 5.000000000000000104e-03
9.320000000000000000e+02 0.000000000000000000e+00 5.000000000000000104e-03
9.330000000000000000e+02 0.000000000000000000e+00 5.000000000000000104e-03
9.340000000000000000e+02 0.000000000000000000e+00 5.000000000000000104e-03
9.350000000000000000e+02 0.000000000000000000e+00 5.000000000000000104e-03
9.360000000000000000e+02 0.000000000000000000e+00 5.000000000000000104e-03
9.370000000000000000e+02 0.000000000000000000e+00 5.000000000000000104e-03
9.380000000000000000e+02 0.000000000000000000e+00 5.000000000000000104e-03
9.390000000000000000e+02 0.000000000000000000e+00 5.000000000000000104e-03
9.400000000000000000e+02 0.000000000000000000e+00 5.000000000000000104e-03
9.410000000000000000e+02 0.000000000000000000e+00 5.000000000000000104e-03
9.420000000000000000e+02 0.000000000000000000e+00 5.000000000000000104e-03
9.430000000000000000e+02 0.000000000000000000e+00 5.000000000000000104e-03
9.440000000000000000e+02 0.000000000000000000e+00 5.000000000000000104e-03
9.450000000000000000e+02 0.000000000000000000e+00 5.000000000000000104e-03
9.460000000000000000e+02 0.000000000000000000e+00 5.000000000000000104e-03
9.470000000000000000e+02 0.000000000000000000e+00 5.000000000000000104e-03
9.480000000000000000e+02 0.000000000000000000e+00 5.000000000000000104e-03
9.490000000000000000e+02 0.000000000000000000e+00 5.000000000000000104e-03
9.500000000000000000e+02 0.000000000000000000e+00 5.000000000000000104e-03
9.510000000000000000e+02 0.000000000000000000e+00 5.000000000000000104e-03
9.520000000000000000e+02 0.000000000000000000e+00 5.000000000000000104e-03
9.530000000000000000e+02 0.000000000000000000e+00 5.000000000000000104e-03
9.540000000000000000e+02 0.000000000000000000e+00 5.000000000000000104e-03
9.550000000000000000e+02 0.000000000000000000e+00 5.000000000000000104e-03
9.560000000000000000e+02 0.000000000000000000e+00 5.000000000000000104e-03
9.570000000000000000e+02 0.000000000000000000e+00 5.000000000000000104e-03
9.580000000000000000e+02 0.000000000000000000e+00 5.000000000000000104e-03
9.590000000000000000e+02 0.000000000000000000e+00 5.000000000000000104e-03
9.600000000000000000e+02 0.000000000000000000e+00 5.000000000000000104e-03
9.610000000000000000e+02 0.000000000000000000e+00 5.000000000000000104e-03
9.620000000000000000e+02 0.000000000000000000e+00 5.000000000000000104e-03
9.630000000000000000e+02 0.000000000000000000e+00 5.000000000000000104e-03
9.640000000000000000e+02 0.000000000000000000e+00 5.000000000000000104e-03
9.650000000000000000e+02 0.000000000000000000e+00 5.000000000000000104e-03
9.660000000000000000e+02 0.000000000000000000e+00 5.000000000000000104e-03
9.670000000000000000e+02 0.000000000000000000e+00 5.000000000000000104e-03
9.680000000000000000e+02 0.000000000000000000e+00 5.000000000000000104e-03
9.690000000000000000e+02 0.000000000000000000e+00 5.000000000000000104e-03
9.700000000000000000e+02 0.000000000000000000e+00 5.000000000000000104e-03
9.710000000000000000e+02 0.000000000000000000e+00 5.000000000000000104e-03
9.720000000000000000e+02 0.000000000000000000e+00 5.000000000000000104e-03
9.730000000000000000e+02 0.000000000000000000e+00 5.000000000000000104e-03
9.740000000000000000e+02 0.000000000000000000e+00 5.000000000000000104e-03
9.750000000000000000e+02 0.000000000000000000e+00 5.000000000000000104e-03
9.760000000000000000e+02 0.000000000000000000e+00 5.000000000000000104e-03
9.770000000000000000e+02 0.000000000000000000e+00 5.000000000000000104e-03
9.780000000000000000e+02 0.000000000000000000e+00 5.000000000000000104e-03
9.790000000000000000e+02 0.000000000000000000e+00 5.000000000000000104e-03
9.800000000000000000e+02 0.000000000000000000e+00 5.000000000000000104e-03
9.810000000000000000e+02 0.000000000000000000e+00 5.000000000000000104e-03
9.820000000000000000e+02 0.000000000000000000e+00 5.000000000000000104e-03
9.830000000000000000e+02 0.000000000000000000e+00 5.000000000000000104e-03
9.840000000000000000e+02 0.000000000000000000e+00 5.000000000000000104e-03
9.850000000000000000e+02 0.000000000000000000e+00 5.000000000000000104e-03
9.860000000000000000e+02 0.000000000000000000e+00 5.000000000000000104e-03
9.870000000000000000e+02 0.000000000000000000e+00 5.000000000000000104e-03
9.880000000000000000e+02 0.000000000000000000e+00 5.000000000000000104e-03
9.890000000000000000e+02 0.000000000000000000e+00 5.000000000000000104e-03
9.900000000000000000e+02 0.000000000000000000e+00 5.000000000000000104e-03
9.910000000000000000e+02 0.000000000000000000e+00 5.000000000000000104e-03
9.920000000000000000e+02 0.000000000000000000e+00 5.000000000000000104e-03
9.930000000000000000e+02 0.000000000000000000e+00 5.000000000000000104e-03
9.940000000000000000e+02 0.000000000000000000e+00 5.000000000000000104e-03
9.950000000000000000e+02 0.000000000000000000e+00 5.000000000000000104e-03
9.960000000000000000e+02 0.000000000000000000e+00 5.000000000000000104e-03
9.970000000000000000e+02 0.000000000000000000e+00 5.000000000000000104e-03
9.980000000000000000e+02 0.000000000000000000e+00 5.000000000000000104e-03
9.990000000000000000e+02 0.000000000000000000e+00 5.000000000000000104e-03
1.000000000000000000e+03 0.000000000000000000e+00 5.000000000000000104e-03
1.001000000000000000e+03 0.000000000000000000e+00 5.000000000000000104e-03
1.002000000000000000e+03 0.000000000000000000e+00 5.000000000000000104e-03
1.003000000000000000e+03 0.000000000000000000e+00 5.000000000000000104e-03
1.004000000000000000e+03 0.000000000000000000e+00 5.000000000000000104e-03
1.005000000000000000e+03 0.000000000000000000e+00 5.000000000000000104e-03
1.006000000000000000e+03 0.000000000000000000e+00 5.000000000000000104e-03
1.007000000000000000e+03 0.000000000000000000e+00 5.000000000000000104e-03
1.008000000000000000e+03 0.000000000000000000e+00 5.000000000000000104e-03
1.009000000000000000e+03 0.000000000000000000e+00 5.000000000000000104e-03
1.010000000000000000e+03 0.000000000000000000e+00 5.000000000000000104e-03
1.011000000000000000e+03 0.000000000000000000e+00 5.000000000000000104e-03
1.012000000000000000e+03 0.000000000000000000e+00 5.000000000000000104e-03
1.013000000000000000e+03 0.000000000000000000e+00 5.000000000000000104e-03
1.014000000000000000e+03 0.000000000000000000e+00 5.000000000000000104e-03
1.015000000000000000e+03 0.000000000000000000e+00 5.000000000000000104e-03
1.016000000000000000e+03 0.000000000000000000e+00 5.000000000000000104e-03
1.017000000000000000e+03 0.000000000000000000e+00 5.000000000000000104e-03
1.018000000000000000e+03 0.000000000000000000e+00 5.000000000000000104e-03
1.019000000000000000e+03 0.000000000000000000e+00 5.000000000000000104e-03
1.020000000000000000e+03 0.000000000000000000e+00 5.000000000000000104e-03
1.021000000000000000e+03 0.000000000000000000e+00 5.000000000000000104e-03
1.022000000000000000e+03 0.000000000000000000e+00 5.000000000000000104e-03
1.023000000000000000e+03 0.000000000000000000e+00 5.000000000000000104e-03
1.024000000000000000e+03 0.000000000000000000e+00 5.000000000000000104e-03
1.025000000000000000e+03 0.000000000000000000e+00 5.000000000000000104e-03
1.026000000000000000e+03 0.000000000000000000e+00 5.000000000000000104e-03
1.027000000000000000e+03 0.000000000000000000e+00 5.000000000000000104e-03
1.028000000000000000e+03 0.000000000000000000e+00 5.000000000000000104e-03
1.029000000000000000e+03 0.000000000000000000e+00 5.000000000000000104e-03
1.030000000000000000e+03 0.000000000000000000e+00 5.000000000000000104e-03
1.031000000000000000e+03 0.000000000000000000e+00 5.000000000000000104e-03
1.032000000000000000e+03 0.000000000000000000e+00 5.000000000000000104e-03
1.033000000000000000e+03 0.000000000000000000e+00 5.000000000000000104e-03
1.034000000000000000e+03 0.000000000000000000e+00 5.000000000000000104e-03
1.035000000000000000e+03 0.000000000000000000e+00 5.000000000000000104e-03
1.036000000000000000e+03 0.000000000000000000e+00 5.000000000000000104e-03
1.037000000000000000e+03 0.000000000000000000e+00 5.000000000000000104e-03
1.038000000000000000e+03 0.000000000000000000e+00 5.000000000000000104e-03
1.039000000000000000e+03 0.000000000000000000e+00 5.000000000000000104e-03
1.040000000000000000e+03 0.000000000000000000e+00 5.000000000000000104e-03
1.041000000000000000e+03 0.000000000000000000e+00 5.000000000000000104e-03
1.042000000000000000e+03 0.000000000000000000e+00 5.000000000000000104e-03
1.043000000000000000e+03 0.000000000000000000e+00 5.000000000000000104e-03
1.044000000000000000e+03 0.000000000000000000e+00 5.000000000000000104e-03
1.045000000000000000e+03 0.000000000000000000e+00 5.000000000000000104e-03
1.046000000000000000e+03 0.000000000000000000e+00 5.000000000000000104e-03
1.047000000000000000e+03 0.000000000000000000e+00 5.000000000000000104e-03
1.048000000000000000e+03 0.000000000000000000e+00 5.000000000000000104e-03
1.049000000000000000e+03 0.000000000000000000e+00 5.000000000000000104e-03
1.050000000000000000e+03 0.000000000000000000e+00 5.000000000000000104e-03
1.051000000000000000e+03 0.000000000000000000e+00 5.000000000000000104e-03
1.052000000000000000e+03 0.000000000000000000e+00 5.000000000000000104e-03
1.053000000000000000e+03 0.000000000000000000e+00 5.000000000000000104e-03
1.054000000000000000e+03 0.000000000000000000e+00 5.000000000000000104e-03
1.055000000000000000e+03 0.000000000000000000e+00 5.000000000000000104e-03
1.056000000000000000e+03 0.000000000000000000e+00 5.000000000000000104e-03
1.057000000000000000e+03 0.000000000000000000e+00 5.000000000000000104e-03
1.058000000000000000e+03 0.000000000000000000e+00 5.000000000000000104e-03
1.059000000000000000e+03 0.000000000000000000e+00 5.000000000000000104e-03
1.060000000000000000e+03 0.000000000000000000e+00 5.000000000000000104e-03
1.061000000000000000e+03 0.000000000000000000e+00 5.000000000000000104e-03
1.062000000000000000e+03 0.000000000000000000e+00 5.000000000000000104e-03
1.063000000000000000e+03 0.000000000000000000e+00 5.000000000000000104e-03
1.064000000000000000e+03 0.000000000000000000e+00 5.000000000000000104e-03
1.065000000000000000e+03 0.000000000000000000e+00 5.000000000000000104e-03
1.066000000000000000e+03 0.000000000000000000e+00 5.000000000000000104e-03
1.067000000000000000e+03 0.000000000000000000e+00 5.000000000000000104e-03
1.068000000000000000e+03 0.000000000000000000e+00 5.000000000000000104e-03
1.069000000000000000e+03 0.000000000000000000e+00 5.000000000000000104e-03
1.070000000000000000e+03 0.000000000000000000e+00 5.000000000000000104e-03
1.071000000000000000e+03 0.000000000000000000e+00 5.000000000000000104e-03
1.072000000000000000e+03 0.000000000000000000e+00 5.000000000000000104e-03
1.073000000000000000e+03 0.000000000000000000e+00 5.000000000000000104e-03
1.074000000000000000e+03 0.000000000000000000e+00 5.000000000000000104e-03
1.075000000000000000e+03 0.000000000000000000e+00 5.000000000000000104e-03
1.076000000000000000e+03 0.000000000000000000e+00 5.000000000000000104e-03
1.077000000000000000e+03 0.000000000000000000e+00 5.000000000000000104e-03
1.078000000000000000e+03 0.000000000000000000e+00 5.000000000000000104e-03
1.079000000000000000e+03 0.000000000000000000e+00 5.000000000000000104e-03
1.080000000000000000e+03 0.000000000000000000e+00 5.000000000000000104e-03
1.081000000000000000e+03 0.000000000000000000e+00 5.000000000000000104e-03
1.082000000000000000e+03 0.000000000000000000e+00 5.000000000000000104e-03
1.083000000000000000e+03 0.000000000000000000e+00 5.000000000000000104e-03
1.084000000000000000e+03 0.000000000000000000e+00 5.000000000000000104e-03
1.085000000000000000e+03 0.000000000000000000e+00 5.000000000000000104e-03
1.086000000000000000e+03 0.000000000000000000e+00 5.000000000000000104e-03
1.087000000000000000e+03 0.000000000000000000e+00 5.000000000000000104e-03
1.088000000000000000e+03 0.000000000000000000e+00 5.000000000000000104e-03
1.089000000000000000e+03 0.000000000000000000e+00 5.000000000000000104e-03
1.090000000000000000e+03 0.000000000000000000e+00 5.000000000000000104e-03
1.091000000000000000e+03 0.000000000000000000e+00 5.000000000000000104e-03
1.092000000000000000e+03 0.000000000000000000e+00 5.000000000000000104e-03
1.093000000000000000e+03 0.000000000000000000e+00 5.000000000000000104e-03
1.094000000000000000e+03 0.000000000000000000e+00 5.000000000000000104e-03
1.095000000000000000e+03 0.000000000000000000e+00 5.000000000000000104e-03
1.096000000000000000e+03 0.000000000000000000e+00 5.000000000000000104e-03
1.097000000000000000e+03 0.000000000000000000e+00 5.000000000000000104e-03
1.098000000000000000e+03 0.000000000000000000e+00 5.000000000000000104e-03
1.099000000000000000e+03 0.000000000000000000e+00 5.000000000000000104e-03
