3.000000000000000000e+02 3.721366349917738271e-03 2.893903296900652775e-02
3.080808080808080831e+02 1.875718998594900697e-02 2.465229749024503564e-02
3.161616161616161662e+02 3.379301362198027653e-02 2.036556201148354006e-02
3.242424242424242493e+02 4.882883725801154956e-02 1.607882653272204448e-02
3.323232323232323324e+02 6.386466089404281565e-02 1.179209105396054544e-02
3.404040404040404155e+02 7.427078452974883449e-02 7.886878377170322696e-03
3.484848484848484986e+02 7.664261312057422948e-02 3.329547221338265400e-03
3.565656565656565817e+02 8.647339085180666407e-02 2.839621976324647069e-03
3.646464646464646648e+02 1.884871402070017743e-01 5.962456555410573962e-03
3.727272727272727479e+02 2.241693548744589093e-01 6.973929590266248445e-03
3.808080808080808310e+02 2.498449953659998002e-01 7.589480500499916696e-03
3.888888888888889142e+02 3.142020135339135267e-01 9.549450114785308988e-03
3.969696969696969973e+02 3.653989088440420807e-01 1.118229115070558388e-02
4.050505050505050804e+02 4.027175587749028951e-01 1.211324822624225417e-02
4.131313131313131635e+02 4.266522690372355209e-01 1.283008533256720443e-02
4.212121212121212466e+02 4.494494147923064342e-01 1.351997510458848896e-02
4.292929292929293297e+02 4.696973017915874737e-01 1.411797471999102702e-02
4.373737373737374128e+02 4.846413383818439224e-01 1.456918392121846380e-02
4.454545454545454959e+02 4.961420849915603726e-01 1.491157782874461164e-02
4.535353535353535790e+02 5.038229059734438131e-01 1.513512773008536538e-02
4.616161616161616621e+02 5.113139341923246262e-01 1.535922061399801197e-02
4.696969696969697452e+02 5.167401616581511758e-01 1.552115406645912521e-02
4.777777777777778283e+02 5.257520030538574973e-01 1.579071182547590879e-02
4.858585858585859114e+02 5.300581111660884748e-01 1.591973436189058136e-02
4.939393939393939377e+02 5.344448330999735930e-01 1.605078977127837730e-02
5.020202020202020208e+02 5.332069077232814980e-01 1.601489463112220832e-02
5.101010101010101039e+02 5.375985673702453616e-01 1.614629374514536808e-02
5.181818181818182438e+02 5.394902718726957147e-01 1.620283245520338575e-02
5.262626262626263269e+02 5.429562703526097378e-01 1.630957271963147034e-02
5.343434343434344100e+02 5.465110598416555998e-01 1.641223605531880875e-02
5.424242424242424931e+02 5.504737161864812212e-01 1.653151797319352828e-02
5.505050505050505762e+02 5.558751816309726035e-01 1.669639077767996402e-02
5.585858585858586594e+02 5.591429424707030638e-01 1.679516984674097810e-02
5.666666666666667425e+02 5.650505987486990067e-01 1.697345394922775835e-02
5.747474747474748256e+02 5.698439141271228747e-01 1.711680380222281930e-02
5.828282828282829087e+02 5.760477917326292108e-01 1.730332343832067729e-02
5.909090909090909918e+02 5.775612686999324064e-01 1.734976119130566055e-02
5.989898989898990749e+02 5.882800342434236773e-01 1.767108901744581309e-02
6.070707070707071580e+02 5.999518034429500712e-01 1.802071288399061805e-02
6.151515151515152411e+02 6.071160005529189219e-01 1.823607529309456687e-02
6.232323232323233242e+02 6.114561076244183768e-01 1.836683570483228431e-02
6.313131313131314073e+02 6.178610235602790546e-01 1.855887569388667627e-02
6.393939393939394904e+02 6.254921239049159309e-01 1.878712094166554158e-02
6.474747474747475735e+02 6.299944735638854931e-01 1.892281274942666722e-02
6.555555555555556566e+02 6.374248953946272112e-01 1.914668429728460727e-02
6.636363636363637397e+02 6.451031014415785636e-01 1.943008275674723215e-02
6.717171717171718228e+02 6.504354903710110047e-01 1.953630994690682895e-02
6.797979797979799059e+02 6.538593072607885581e-01 1.963933738190385553e-02
6.878787878787878753e+02 6.549728016772323747e-01 1.967412502732399093e-02
6.959595959595959584e+02 6.593887845171596540e-01 1.980750035057040823e-02
7.040404040404040416e+02 6.601657041471098442e-01 1.982965753313389867e-02
7.121212121212121247e+02 6.608297890621205317e-01 1.985080647282348731e-02
7.202020202020202078e+02 6.606761329072661226e-01 1.985151004101218253e-02
7.282828282828282909e+02 6.652980125840696202e-01 1.998807654720983346e-02
7.363636363636363740e+02 6.676176989584441390e-01 2.005572606905275598e-02
7.444444444444444571e+02 6.729741530924510107e-01 2.021786384376439427e-02
7.525252525252525402e+02 6.794369524790738746e-01 2.041308049158718427e-02
7.606060606060606233e+02 6.839594684577628980e-01 2.057862585431341138e-02
7.686868686868687064e+02 6.877217793556523739e-01 2.072703401782759539e-02
7.767676767676767895e+02 6.742974664104091076e-01 2.025915854924006942e-02
7.848484848484848726e+02 6.710967819220992059e-01 2.016380054051377518e-02
7.929292929292929557e+02 6.691477761823124704e-01 2.010757751064178728e-02
8.010101010101010388e+02 6.706186588891992484e-01 2.015102255047928129e-02
8.090909090909091219e+02 6.643405178099143216e-01 1.996476066833521509e-02
8.171717171717172050e+02 6.624777373623828014e-01 1.991048460489523025e-02
8.252525252525252881e+02 6.612350087190401737e-01 1.987541147258679516e-02
8.333333333333333712e+02 6.618186322793325749e-01 1.989335713001361486e-02
8.414141414141414543e+02 6.612144628982711270e-01 1.987463340979418042e-02
8.494949494949495374e+02 6.570157509779671612e-01 1.975213869238292425e-02
8.575757575757576205e+02 6.512508101301475172e-01 1.957868912785863322e-02
8.656565656565657036e+02 6.452452860090964748e-01 1.940222448577192185e-02
8.737373737373737868e+02 6.426676200717230669e-01 1.932297360982718898e-02
8.818181818181818699e+02 6.350572582885918305e-01 1.909745858643800004e-02
8.898989898989899530e+02 6.222162569949364341e-01 1.871132996290558390e-02
8.979797979797980361e+02 6.092274910906939622e-01 1.833487014944916102e-02
9.060606060606061192e+02 5.969585215441032267e-01 1.796282715033333671e-02
9.141414141414142023e+02 5.787413946583352953e-01 1.742346175642985398e-02
9.222222222222222854e+02 5.456719334330194515e-01 1.642296635573099739e-02
9.303030303030303685e+02 5.303971945882388628e-01 1.600395223955053403e-02
9.383838383838384516e+02 5.038498455572347767e-01 1.521410240414967571e-02
9.464646464646465347e+02 4.752922238206236383e-01 1.436119230180245114e-02
9.545454545454546178e+02 4.305741163592488041e-01 1.301313850894376262e-02
9.626262626262627009e+02 3.978091445035374929e-01 1.201728121451972262e-02
9.707070707070707840e+02 3.668067136124024685e-01 1.108136899174645001e-02
9.787878787878788671e+02 3.251178820836626016e-01 9.832519082305266403e-03
9.868686868686869502e+02 2.869565528691167544e-01 8.690420561367753413e-03
9.949494949494950333e+02 2.417630233760715841e-01 7.341294453667155870e-03
1.003030303030303116e+03 1.994066703056638079e-01 6.089946411921882616e-03
1.011111111111111200e+03 1.590468964041848177e-01 4.892311742779519197e-03
1.019191919191919283e+03 1.178723482150416252e-01 3.684730252180649836e-03
1.027272727272727479e+03 6.197348408911295542e-02 3.460780285059575877e-03
1.035353535353535335e+03 3.341273420439401509e-02 2.719353940099038421e-03
1.043434343434343646e+03 1.496523329165850777e-02 1.247239296932349615e-03
1.051515151515151501e+03 -1.243836239451905666e-05 1.224808745145302964e-05
1.059595959595959812e+03 1.165642814700613468e-05 3.133621452546785864e-06
1.067676767676767668e+03 1.381691479185320251e-05 1.996888672282912693e-06
1.075757575757575751e+03 4.601135505442996605e-03 5.670300217249187903e-04
1.083838383838383834e+03 2.108745382038082136e-02 1.742788385544636470e-03
1.091919191919191917e+03 0.000000000000000000e+00 1.000000000000000021e-02
1.100000000000000000e+03 0.000000000000000000e+00 1.000000000000000021e-02
