3.350000000000000000e+02 0.000000000000000000e+00 1.000000000000000021e-02
3.427272727272727479e+02 0.000000000000000000e+00 1.000000000000000021e-02
3.504545454545454390e+02 0.000000000000000000e+00 1.000000000000000021e-02
3.581818181818181870e+02 1.259891597117705764e-01 1.967968519258434662e-02
3.659090909090909349e+02 1.817931170401571317e-01 1.983226853488636102e-02
3.736363636363636260e+02 2.522089065668641772e-01 2.100272251156653711e-02
3.813636363636363740e+02 2.993194676686659061e-01 2.012223970871603040e-02
3.890909090909091219e+02 3.430368771650640913e-01 1.959502074020304588e-02
3.968181818181818130e+02 3.825540907585333605e-01 1.920947867228619405e-02
4.045454545454545610e+02 4.097672909208597281e-01 1.859173705630288650e-02
4.122727272727272521e+02 4.298014381426147890e-01 1.802387208815129857e-02
4.200000000000000000e+02 4.303237660495935479e-01 1.700120268424539643e-02
4.277272727272727479e+02 4.510821395400885780e-01 1.700738763733138439e-02
4.354545454545454390e+02 4.629934272608588475e-01 1.671182411811385563e-02
4.431818181818181870e+02 4.763223874711879358e-01 1.657394175413106838e-02
4.509090909090908781e+02 4.848576422638500860e-01 1.642200434496057099e-02
4.586363636363636260e+02 4.907779266532261708e-01 1.612454563655000422e-02
4.663636363636363740e+02 4.912698271782031667e-01 1.593253303376854571e-02
4.740909090909091219e+02 4.975643936315005122e-01 1.607892773302270484e-02
4.818181818181818130e+02 5.021430005103901806e-01 1.622083225738076007e-02
4.895454545454545610e+02 5.047072737441158363e-01 1.627865492240775785e-02
4.972727272727272521e+02 5.041641924714584944e-01 1.618416313494683983e-02
5.050000000000000000e+02 5.129363005348568372e-01 1.644548095661175352e-02
5.127272727272727479e+02 5.152960767681142862e-01 1.651652239246857376e-02
5.204545454545454959e+02 5.198853657168847064e-01 1.665529789547172748e-02
5.281818181818182438e+02 5.232332026932819957e-01 1.685626955477695366e-02
5.359090909090908781e+02 5.290253076541214794e-01 1.718285153360012488e-02
5.436363636363636260e+02 5.317007178892546593e-01 1.746206421829368111e-02
5.513636363636363740e+02 5.351380384871514684e-01 1.781259324448918394e-02
5.590909090909091219e+02 5.405918206699878992e-01 1.823806255241645913e-02
5.668181818181817562e+02 5.440415326976781873e-01 1.867984636578488844e-02
5.745454545454545041e+02 5.486879379098968945e-01 1.924276631023974504e-02
5.822727272727272521e+02 5.540717238598515948e-01 1.980396424220466980e-02
5.900000000000000000e+02 5.618651801719224403e-01 2.031606009542383240e-02
5.977272727272727479e+02 5.681511166873148833e-01 2.082291940151983003e-02
6.054545454545454959e+02 5.772832282737773157e-01 2.145135137204265408e-02
6.131818181818182438e+02 5.837218000573540788e-01 2.196795269359038544e-02
6.209090909090909918e+02 5.896589619550501871e-01 2.244038832583050008e-02
6.286363636363636260e+02 5.947844636533624607e-01 2.284868095122076850e-02
6.363636363636363740e+02 5.985000942285292336e-01 2.325357470136438579e-02
6.440909090909091219e+02 6.071236751274710075e-01 2.389217104331476174e-02
6.518181818181817562e+02 6.137017863927369810e-01 2.451330379434145390e-02
6.595454545454545041e+02 6.211172899520797097e-01 2.526852909192052812e-02
6.672727272727272521e+02 6.282751766992523690e-01 2.587010701665047943e-02
6.750000000000000000e+02 6.300250185884235243e-01 2.639367159401828644e-02
6.827272727272727479e+02 6.314640332078068630e-01 2.694088932966480499e-02
6.904545454545454959e+02 6.362139348624659130e-01 2.754559429796214765e-02
6.981818181818182438e+02 6.353865035398585936e-01 2.799562426777798749e-02
7.059090909090909918e+02 6.399240722749297561e-01 2.868262938279694807e-02
7.136363636363636260e+02 6.431204777718170229e-01 2.934480912445556339e-02
7.213636363636363740e+02 6.448244606669675250e-01 2.995250695334254060e-02
7.290909090909091219e+02 6.454388649246631804e-01 3.042370055398144896e-02
7.368181818181817562e+02 6.659261278927182115e-01 3.181732331507357986e-02
7.445454545454545041e+02 6.470230329061859020e-01 3.143654381090797006e-02
7.522727272727272521e+02 6.406400765849405987e-01 3.167676115894414723e-02
7.600000000000000000e+02 6.418859737622086836e-01 3.221566313025481937e-02
7.677272727272727479e+02 6.428925301055468111e-01 3.281449642058275468e-02
7.754545454545454959e+02 6.278501742465858459e-01 3.256887103152961149e-02
7.831818181818182438e+02 6.514130764217404002e-01 3.429233319122853424e-02
7.909090909090909918e+02 6.508635721620111836e-01 3.474700449513135059e-02
7.986363636363636260e+02 6.461566414261602498e-01 3.499634267884624284e-02
8.063636363636363740e+02 6.407288952751905020e-01 3.533137157875133189e-02
8.140909090909091219e+02 6.364681941896270789e-01 3.568520399776820007e-02
8.218181818181817562e+02 6.362984676883738366e-01 3.627150508347132263e-02
8.295454545454545041e+02 6.332882818259227831e-01 3.686534605638020629e-02
8.372727272727272521e+02 6.348744026423092102e-01 3.760814679647575542e-02
8.450000000000000000e+02 6.376518087637850218e-01 3.835845501357818682e-02
8.527272727272727479e+02 6.377159046825213728e-01 3.888670212853961167e-02
8.604545454545454959e+02 6.341127842804958892e-01 3.915942301096753120e-02
8.681818181818182438e+02 6.340206857597915358e-01 3.985089570754955790e-02
8.759090909090908781e+02 6.292468800975763443e-01 4.019328248940459009e-02
8.836363636363636260e+02 6.205717945587463369e-01 4.035137160066248202e-02
8.913636363636363740e+02 6.100981687401554332e-01 4.044233989137853424e-02
8.990909090909091219e+02 5.945190729549854058e-01 4.002735245780122270e-02
9.068181818181818699e+02 5.826949848403846222e-01 4.000608262280254401e-02
9.145454545454546178e+02 5.694391555849124265e-01 3.965457504959069013e-02
9.222727272727272521e+02 5.452909167280245439e-01 3.834499443015673692e-02
9.300000000000000000e+02 5.155082776735757655e-01 3.664586797378561328e-02
9.377272727272727479e+02 4.854155643257550001e-01 3.520593476282760093e-02
9.454545454545454959e+02 4.427161977332103593e-01 3.260821705671115844e-02
9.531818181818182438e+02 4.178541624891285444e-01 3.115792085597266989e-02
9.609090909090908781e+02 3.883244976005140181e-01 2.935998360933709042e-02
9.686363636363636260e+02 3.594756426346864542e-01 2.783041835933608085e-02
9.763636363636363740e+02 3.301598998554434172e-01 2.614077311438707529e-02
9.840909090909091219e+02 2.932886650308896836e-01 2.352895407756072990e-02
9.918181818181818699e+02 2.535006881730086925e-01 2.054903125785056614e-02
9.995454545454546178e+02 2.118227999472477308e-01 1.752713244640297097e-02
1.007272727272727252e+03 1.707421462975050042e-01 1.436103843882873161e-02
1.015000000000000000e+03 1.326276086636530294e-01 1.132915064405222438e-02
1.022727272727272748e+03 9.846415452524255596e-02 8.550870952653418303e-03
1.030454545454545496e+03 7.029578201269560955e-02 6.217328917871378126e-03
1.038181818181818244e+03 4.983824551950145898e-02 4.534669378173340586e-03
1.045909090909090992e+03 3.495141178142659177e-02 3.259421427813781989e-03
1.053636363636363512e+03 2.468659096311844395e-02 2.402050715166535125e-03
1.061363636363636488e+03 1.866624358001087169e-02 1.984774408944064723e-03
1.069090909090909008e+03 1.386836159247810916e-02 1.544735689682602466e-03
1.076818181818181984e+03 1.012570862560970529e-02 1.410709315393649573e-03
1.084545454545454504e+03 7.486971193121290911e-03 1.387871500449780514e-03
1.092272727272727252e+03 4.833012655820186597e-03 1.545883239433830251e-03
1.100000000000000000e+03 0.000000000000000000e+00 1.000000000000000021e-02
