3.000000000000000000e+02 0.000000000000000000e+00 1.000000000000000021e-02
3.010000000000000000e+02 0.000000000000000000e+00 1.000000000000000021e-02
3.020000000000000000e+02 0.000000000000000000e+00 1.000000000000000021e-02
3.030000000000000000e+02 0.000000000000000000e+00 1.000000000000000021e-02
3.040000000000000000e+02 0.000000000000000000e+00 1.000000000000000021e-02
3.050000000000000000e+02 0.000000000000000000e+00 1.000000000000000021e-02
3.060000000000000000e+02 0.000000000000000000e+00 1.000000000000000021e-02
3.070000000000000000e+02 0.000000000000000000e+00 1.000000000000000021e-02
3.080000000000000000e+02 0.000000000000000000e+00 1.000000000000000021e-02
3.090000000000000000e+02 0.000000000000000000e+00 1.000000000000000021e-02
3.100000000000000000e+02 0.000000000000000000e+00 1.000000000000000021e-02
3.110000000000000000e+02 0.000000000000000000e+00 1.000000000000000021e-02
3.120000000000000000e+02 0.000000000000000000e+00 1.000000000000000021e-02
3.130000000000000000e+02 0.000000000000000000e+00 1.000000000000000021e-02
3.140000000000000000e+02 0.000000000000000000e+00 1.000000000000000021e-02
3.150000000000000000e+02 0.000000000000000000e+00 1.000000000000000021e-02
3.160000000000000000e+02 0.000000000000000000e+00 1.000000000000000021e-02
3.170000000000000000e+02 0.000000000000000000e+00 1.000000000000000021e-02
3.180000000000000000e+02 0.000000000000000000e+00 1.000000000000000021e-02
3.190000000000000000e+02 0.000000000000000000e+00 1.000000000000000021e-02
3.200000000000000000e+02 0.000000000000000000e+00 1.000000000000000021e-02
3.210000000000000000e+02 0.000000000000000000e+00 1.000000000000000021e-02
3.220000000000000000e+02 0.000000000000000000e+00 1.000000000000000021e-02
3.230000000000000000e+02 0.000000000000000000e+00 1.000000000000000021e-02
3.240000000000000000e+02 0.000000000000000000e+00 1.000000000000000021e-02
3.250000000000000000e+02 0.000000000000000000e+00 1.000000000000000021e-02
3.260000000000000000e+02 0.000000000000000000e+00 1.000000000000000021e-02
3.270000000000000000e+02 0.000000000000000000e+00 1.000000000000000021e-02
3.280000000000000000e+02 0.000000000000000000e+00 1.000000000000000021e-02
3.290000000000000000e+02 0.000000000000000000e+00 1.000000000000000021e-02
3.300000000000000000e+02 0.000000000000000000e+00 1.000000000000000021e-02
3.310000000000000000e+02 0.000000000000000000e+00 1.000000000000000021e-02
3.320000000000000000e+02 0.000000000000000000e+00 1.000000000000000021e-02
3.330000000000000000e+02 0.000000000000000000e+00 1.000000000000000021e-02
3.340000000000000000e+02 0.000000000000000000e+00 1.000000000000000021e-02
3.350000000000000000e+02 0.000000000000000000e+00 1.000000000000000021e-02
3.360000000000000000e+02 0.000000000000000000e+00 1.000000000000000021e-02
3.370000000000000000e+02 0.000000000000000000e+00 1.000000000000000021e-02
3.380000000000000000e+02 0.000000000000000000e+00 1.000000000000000021e-02
3.390000000000000000e+02 0.000000000000000000e+00 1.000000000000000021e-02
3.400000000000000000e+02 0.000000000000000000e+00 1.000000000000000021e-02
3.410000000000000000e+02 0.000000000000000000e+00 1.000000000000000021e-02
3.420000000000000000e+02 0.000000000000000000e+00 1.000000000000000021e-02
3.430000000000000000e+02 0.000000000000000000e+00 1.000000000000000021e-02
3.440000000000000000e+02 0.000000000000000000e+00 1.000000000000000021e-02
3.450000000000000000e+02 0.000000000000000000e+00 1.000000000000000021e-02
3.460000000000000000e+02 0.000000000000000000e+00 1.000000000000000021e-02
3.470000000000000000e+02 0.000000000000000000e+00 1.000000000000000021e-02
3.480000000000000000e+02 0.000000000000000000e+00 1.000000000000000021e-02
3.490000000000000000e+02 0.000000000000000000e+00 1.000000000000000021e-02
3.500000000000000000e+02 4.460543080675311023e-04 1.000000000000000021e-02
3.510000000000000000e+02 5.127732532376337755e-03 1.000000000000000021e-02
3.520000000000000000e+02 9.809410756685144409e-03 1.000000000000000021e-02
3.530000000000000000e+02 1.449108898099395193e-02 1.000000000000000021e-02
3.540000000000000000e+02 2.151360631745716928e-02 1.000000000000000021e-02
3.550000000000000000e+02 2.853612365392038663e-02 1.000000000000000021e-02
3.560000000000000000e+02 4.258115832684682134e-02 1.076978108162215649e-03
3.570000000000000000e+02 5.662619299977324216e-02 1.000000000000000021e-02
3.580000000000000000e+02 7.067122767269960748e-02 9.179710898409596063e-04
3.590000000000000000e+02 8.458727746713645690e-02 1.000000000000000021e-02
3.600000000000000000e+02 9.981309525069298472e-02 1.000000000000000021e-02
3.610000000000000000e+02 1.159818086563590006e-01 1.000000000000000021e-02
3.620000000000000000e+02 1.320523482528832560e-01 1.663011488662912915e-03
3.630000000000000000e+02 1.476744926766204169e-01 1.000000000000000021e-02
3.640000000000000000e+02 1.507394599221379972e-01 8.333343236250701294e-03
3.650000000000000000e+02 1.538044271676555774e-01 6.666686472501400645e-03
3.660000000000000000e+02 1.568693944131731577e-01 5.000029708752101731e-03
3.670000000000000000e+02 1.599343616586907380e-01 3.333372945002801950e-03
3.680000000000000000e+02 1.629993289042083182e-01 1.666716181253502602e-03
3.690000000000000000e+02 1.783612927446105167e-01 1.870126998706461013e-03
3.700000000000000000e+02 1.936064772326762939e-01 1.970150181592436340e-03
3.710000000000000000e+02 2.081650200601536937e-01 2.119537801644612567e-03
3.720000000000000000e+02 2.259372492357716034e-01 2.291670345302004863e-03
3.730000000000000000e+02 2.425423740773889891e-01 2.455992604441717755e-03
3.740000000000000000e+02 2.620251063350992338e-01 2.646727927819524529e-03
3.750000000000000000e+02 2.815262246846203520e-01 2.844843184435932783e-03
3.760000000000000000e+02 3.016515719597132605e-01 3.040447514683536183e-03
3.770000000000000000e+02 3.179438795109302274e-01 3.206015471118409035e-03
3.780000000000000000e+02 3.388975841081813822e-01 3.412701411070339849e-03
3.790000000000000000e+02 3.466918843041088549e-01 3.487155017944860904e-03
3.800000000000000000e+02 3.537462102758726079e-01 3.575908857438699941e-03
3.810000000000000000e+02 3.604314183201944299e-01 3.651607519698463374e-03
3.820000000000000000e+02 3.681364447930130512e-01 3.714686331139742826e-03
3.830000000000000000e+02 3.764417484179440332e-01 3.788268295412688686e-03
3.840000000000000000e+02 3.840386281231472632e-01 3.866725621885364929e-03
3.850000000000000000e+02 3.915743876319797701e-01 3.948133438503839514e-03
3.860000000000000000e+02 4.006261283731907263e-01 4.032895911530041434e-03
3.870000000000000000e+02 4.111182809709077457e-01 4.135176143496543597e-03
3.880000000000000000e+02 4.208493427921270458e-01 4.224472097095320448e-03
3.890000000000000000e+02 4.298364715123607072e-01 4.312739137929130252e-03
3.900000000000000000e+02 4.380494340788068097e-01 4.397379734676848742e-03
3.910000000000000000e+02 4.458146141918289396e-01 4.473449347004570913e-03
3.920000000000000000e+02 4.522655153319541932e-01 4.540130956717093429e-03
3.930000000000000000e+02 4.566912401726505033e-01 4.587090089119567893e-03
3.940000000000000000e+02 4.626058897195414188e-01 4.644276382833139455e-03
3.950000000000000000e+02 4.686451777856776579e-01 4.708996120336973040e-03
3.960000000000000000e+02 4.751504326555002766e-01 4.790558678552226009e-03
3.970000000000000000e+02 4.812879830561051508e-01 4.835913523056021950e-03
3.980000000000000000e+02 4.865238459740403587e-01 4.884516529229299478e-03
3.990000000000000000e+02 4.916030381012437278e-01 4.932098726482249569e-03
4.000000000000000000e+02 4.981313600959162424e-01 4.989844448815746944e-03
4.010000000000000000e+02 5.063021777786359534e-01 5.069595784606026508e-03
4.020000000000000000e+02 5.146858215957684779e-01 5.153573531454703864e-03
4.030000000000000000e+02 5.213141566003129945e-01 5.219341388876982436e-03
4.040000000000000000e+02 5.217021168992267421e-01 5.223124370251436277e-03
4.050000000000000000e+02 5.220900771981404898e-01 5.226907351625890118e-03
4.060000000000000000e+02 5.224780374970541263e-01 5.230690333000343958e-03
4.070000000000000000e+02 5.228659977959678740e-01 5.234473314374797799e-03
4.080000000000000000e+02 5.232539580948816216e-01 5.238256295749251640e-03
4.090000000000000000e+02 5.236419183937953692e-01 5.242039277123705480e-03
4.100000000000000000e+02 5.240298786927090058e-01 5.245822258498159321e-03
4.110000000000000000e+02 5.244178389916227534e-01 5.249605239872613162e-03
4.120000000000000000e+02 5.248057992905365010e-01 5.253388221247067003e-03
4.130000000000000000e+02 5.251937595894502486e-01 5.257171202621520843e-03
4.140000000000000000e+02 5.255817198883638852e-01 5.260954183995974684e-03
4.150000000000000000e+02 5.259696801872776328e-01 5.264737165370428525e-03
4.160000000000000000e+02 5.263576404861913804e-01 5.268520146744882365e-03
4.170000000000000000e+02 5.310640634328672727e-01 5.315713956644364108e-03
4.180000000000000000e+02 5.367429251883262253e-01 5.371783634025770020e-03
4.190000000000000000e+02 5.400648268674412833e-01 5.405732744989401664e-03
4.200000000000000000e+02 5.419561462405937391e-01 5.424658726253380088e-03
4.210000000000000000e+02 5.449350712322762469e-01 5.453555390726110008e-03
4.220000000000000000e+02 5.489855825655407529e-01 5.494188505890672779e-03
4.230000000000000000e+02 5.543038238374357052e-01 5.547892329172726851e-03
4.240000000000000000e+02 5.605861665365758917e-01 5.610125459643114897e-03
4.250000000000000000e+02 5.676191755089935453e-01 5.681581248397647721e-03
4.260000000000000000e+02 5.748865644126684993e-01 5.753390744834812470e-03
4.270000000000000000e+02 5.789848418201570812e-01 5.794830910672929374e-03
4.280000000000000000e+02 5.792391924851346685e-01 5.797358475705640529e-03
4.290000000000000000e+02 5.794935431501122558e-01 5.799886040738351685e-03
4.300000000000000000e+02 5.797478938150898431e-01 5.802413605771063708e-03
4.310000000000000000e+02 5.800022444800673194e-01 5.804941170803774864e-03
4.320000000000000000e+02 5.802565951450449067e-01 5.807468735836486019e-03
4.330000000000000000e+02 5.805109458100224940e-01 5.809996300869197175e-03
4.340000000000000000e+02 5.807652964750000812e-01 5.812523865901909198e-03
4.350000000000000000e+02 5.810196471399776685e-01 5.815051430934620354e-03
4.360000000000000000e+02 5.812739978049552558e-01 5.817578995967331509e-03
4.370000000000000000e+02 5.815283484699327321e-01 5.820106561000042665e-03
4.380000000000000000e+02 5.817826991349103194e-01 5.822634126032754688e-03
4.390000000000000000e+02 5.820370497998879067e-01 5.825161691065465844e-03
4.400000000000000000e+02 5.822914004648654940e-01 5.827689256098176999e-03
4.410000000000000000e+02 5.849909850337680073e-01 5.854598809908535123e-03
4.420000000000000000e+02 5.876735224549063386e-01 5.881888060227547822e-03
4.430000000000000000e+02 5.908443807511560841e-01 5.913186467178386217e-03
4.440000000000000000e+02 5.940549067188650723e-01 5.944851976169895046e-03
4.450000000000000000e+02 5.966808307913511467e-01 5.970811948724130853e-03
4.460000000000000000e+02 5.986671031548086441e-01 5.990235509806019452e-03
4.470000000000000000e+02 6.003810074337593283e-01 6.008558033509111065e-03
4.480000000000000000e+02 6.023882939372509071e-01 6.027651766779144708e-03
4.490000000000000000e+02 6.050548319349985382e-01 6.054403376803072986e-03
4.500000000000000000e+02 6.080653401779443357e-01 6.083838544617688020e-03
4.510000000000000000e+02 6.088525579516838038e-01 6.091680908221141881e-03
4.520000000000000000e+02 6.095244680978807450e-01 6.100300089979797391e-03
4.530000000000000000e+02 6.103188296897102960e-01 6.106367350164973971e-03
4.540000000000000000e+02 6.113464479826622444e-01 6.116649829296993100e-03
4.550000000000000000e+02 6.123649987590320531e-01 6.126841447782508179e-03
4.560000000000000000e+02 6.129260221712807821e-01 6.132974256427257270e-03
4.570000000000000000e+02 6.133176629432940397e-01 6.136282597737747167e-03
4.580000000000000000e+02 6.137137871687073920e-01 6.140128949104806805e-03
4.590000000000000000e+02 6.143022476564211631e-01 6.145979329727296013e-03
4.600000000000000000e+02 6.152359311174073753e-01 6.154915733558617014e-03
4.610000000000000000e+02 6.164972644973615301e-01 6.167986832037704661e-03
4.620000000000000000e+02 6.178075738472684764e-01 6.181028504114945837e-03
4.630000000000000000e+02 6.188528909666184408e-01 6.191090911172004822e-03
4.640000000000000000e+02 6.194798054121375408e-01 6.197462390445691340e-03
4.650000000000000000e+02 6.201297923230562059e-01 6.204357425636372256e-03
4.660000000000000000e+02 6.209304350286939389e-01 6.212789038918828041e-03
4.670000000000000000e+02 6.219236196626970470e-01 6.222133429652011369e-03
4.680000000000000000e+02 6.231188517106269753e-01 6.234092242459520448e-03
4.690000000000000000e+02 6.244202884741631987e-01 6.246687024995109180e-03
4.700000000000000000e+02 6.260402804842494229e-01 6.262886346059232980e-03
4.710000000000000000e+02 6.274806257103889839e-01 6.277292098025975646e-03
4.720000000000000000e+02 6.288249276062355397e-01 6.290694379052960347e-03
4.730000000000000000e+02 6.302943419205974118e-01 6.305355806054919326e-03
4.740000000000000000e+02 6.316890375797836743e-01 6.319625523362145010e-03
4.750000000000000000e+02 6.326234632009674064e-01 6.328950057356711248e-03
4.760000000000000000e+02 6.332205999877441593e-01 6.334905474343680704e-03
4.770000000000000000e+02 6.336292798212869171e-01 6.338959525197166052e-03
4.780000000000000000e+02 6.340253538365256958e-01 6.342891103178033632e-03
4.790000000000000000e+02 6.347618900847562529e-01 6.349886176116778178e-03
4.800000000000000000e+02 6.348326093829307348e-01 6.350657708575931440e-03
4.810000000000000000e+02 6.349033286811053278e-01 6.351429241035085570e-03
4.820000000000000000e+02 6.349740479792798098e-01 6.352200773494238832e-03
4.830000000000000000e+02 6.350447672774544028e-01 6.352972305953392962e-03
4.840000000000000000e+02 6.351154865756288848e-01 6.353743838412546224e-03
4.850000000000000000e+02 6.351862058738034778e-01 6.354515370871700354e-03
4.860000000000000000e+02 6.352569251719779597e-01 6.355286903330853616e-03
4.870000000000000000e+02 6.353276444701525527e-01 6.356058435790007746e-03
4.880000000000000000e+02 6.353983637683270347e-01 6.356829968249161009e-03
4.890000000000000000e+02 6.354690830665016277e-01 6.357601500708315138e-03
4.900000000000000000e+02 6.355398023646761096e-01 6.358373033167468401e-03
4.910000000000000000e+02 6.356105216628507026e-01 6.359144565626622531e-03
4.920000000000000000e+02 6.356812409610251846e-01 6.359916098085775793e-03
4.930000000000000000e+02 6.366123767942116762e-01 6.368723232008330695e-03
4.940000000000000000e+02 6.373977931969883048e-01 6.376287086743787948e-03
4.950000000000000000e+02 6.379334519478817578e-01 6.382498286355599293e-03
4.960000000000000000e+02 6.383221292117425838e-01 6.386282852473907506e-03
4.970000000000000000e+02 6.389249302220838533e-01 6.391564002620915390e-03
4.980000000000000000e+02 6.397053620338933877e-01 6.399722783672879244e-03
4.990000000000000000e+02 6.405453357857376906e-01 6.408595419681089797e-03
5.000000000000000000e+02 6.412867679401250687e-01 6.416669921842426023e-03
5.010000000000000000e+02 6.417296669376736373e-01 6.420448479741484860e-03
5.020000000000000000e+02 6.419393963105621825e-01 6.422034777620743914e-03
5.030000000000000000e+02 6.415945542170119476e-01 6.419029641586818970e-03
5.040000000000000000e+02 6.411245325654459926e-01 6.414276863297013742e-03
5.050000000000000000e+02 6.405344525018966673e-01 6.407885453992145409e-03
5.060000000000000000e+02 6.398786058430441237e-01 6.400986174816243948e-03
5.070000000000000000e+02 6.393713332783365066e-01 6.395891259155836450e-03
5.080000000000000000e+02 6.392108650639907186e-01 6.394244304222081003e-03
5.090000000000000000e+02 6.395332496292989166e-01 6.397482941782998284e-03
5.100000000000000000e+02 6.403867537315617309e-01 6.405988492901602827e-03
5.110000000000000000e+02 6.413725894409542105e-01 6.415892076274994429e-03
5.120000000000000000e+02 6.417839758562345898e-01 6.419997537592603450e-03
5.130000000000000000e+02 6.414685121027949855e-01 6.417300109396942807e-03
5.140000000000000000e+02 6.406343815259699648e-01 6.408946608234560374e-03
5.150000000000000000e+02 6.398351068191322488e-01 6.401678167302927644e-03
5.160000000000000000e+02 6.399707786860634462e-01 6.408335741594253267e-03
5.170000000000000000e+02 6.406290925762313515e-01 6.414278529911866811e-03
5.180000000000000000e+02 6.411010378642104657e-01 6.414306411854977900e-03
5.190000000000000000e+02 6.413186470824592256e-01 6.416286067961341627e-03
5.200000000000000000e+02 6.414847671684338337e-01 6.417761139000577666e-03
5.210000000000000000e+02 6.418152183966264746e-01 6.421032239414225552e-03
5.220000000000000000e+02 6.426357046742106061e-01 6.428424084485856102e-03
5.230000000000000000e+02 6.434837629653110680e-01 6.436966926597850226e-03
5.240000000000000000e+02 6.442850207322560196e-01 6.445464543998333934e-03
5.250000000000000000e+02 6.450635838247631426e-01 6.456313148669571428e-03
5.260000000000000000e+02 6.460443551613890278e-01 6.464618734600631293e-03
5.270000000000000000e+02 6.469339780395596540e-01 6.472018912438008351e-03
5.280000000000000000e+02 6.477273621762766886e-01 6.480437688886455175e-03
5.290000000000000000e+02 6.486970377915011188e-01 6.490190158334202368e-03
5.300000000000000000e+02 6.496844849691268964e-01 6.499813867366935338e-03
5.310000000000000000e+02 6.503721598396978720e-01 6.506241548319148180e-03
5.320000000000000000e+02 6.506975229130349536e-01 6.510431401554770021e-03
5.330000000000000000e+02 6.510902956183820534e-01 6.514573048233090330e-03
5.340000000000000000e+02 6.519698869047872991e-01 6.521857203614467996e-03
5.350000000000000000e+02 6.535068672027224412e-01 6.537194113292853909e-03
5.360000000000000000e+02 6.553091549659344484e-01 6.555616076664253292e-03
5.370000000000000000e+02 6.565338518396246492e-01 6.567445193379438211e-03
5.380000000000000000e+02 6.573929708513644998e-01 6.576192666165992830e-03
5.390000000000000000e+02 6.582749147473181406e-01 6.585161189366730596e-03
5.400000000000000000e+02 6.592693275927086205e-01 6.595793130258589473e-03
5.410000000000000000e+02 6.602737535957234893e-01 6.605126869775390826e-03
5.420000000000000000e+02 6.611693365793651633e-01 6.614106308687250912e-03
5.430000000000000000e+02 6.616573930760077937e-01 6.619089389064387353e-03
5.440000000000000000e+02 6.620375551758644894e-01 6.622978368396682802e-03
5.450000000000000000e+02 6.624934287939081567e-01 6.627356713841737502e-03
5.460000000000000000e+02 6.633270544052645157e-01 6.635877801355920952e-03
5.470000000000000000e+02 6.643304199681914213e-01 6.646034759110883844e-03
5.480000000000000000e+02 6.655823043179920351e-01 6.658583670106169375e-03
5.490000000000000000e+02 6.669595310447870018e-01 6.672320054452761558e-03
5.500000000000000000e+02 6.681184442302848803e-01 6.684001665506435728e-03
5.510000000000000000e+02 6.690445873787315145e-01 6.693266941235314314e-03
5.520000000000000000e+02 6.698195015216434900e-01 6.701067672375148401e-03
5.530000000000000000e+02 6.706421691071035029e-01 6.709215309679491396e-03
5.540000000000000000e+02 6.715699983611683743e-01 6.718572843323359842e-03
5.550000000000000000e+02 6.724413875049821687e-01 6.727339070116641374e-03
5.560000000000000000e+02 6.730424994123487270e-01 6.733338957333787934e-03
5.570000000000000000e+02 6.734869100933369435e-01 6.738228478318099290e-03
5.580000000000000000e+02 6.739712701134650263e-01 6.743047326539210011e-03
5.590000000000000000e+02 6.746951608701091674e-01 6.749945409194654973e-03
5.600000000000000000e+02 6.756730149721951184e-01 6.759711427616290312e-03
5.610000000000000000e+02 6.766811392550420301e-01 6.769707106739997725e-03
5.620000000000000000e+02 6.774744010902917779e-01 6.777689812386661350e-03
5.630000000000000000e+02 6.781164138465199942e-01 6.784086655629541045e-03
5.640000000000000000e+02 6.788612626539605177e-01 6.791580051000761092e-03
5.650000000000000000e+02 6.798391537627614944e-01 6.801274398405611835e-03
5.660000000000000000e+02 6.809334470710038945e-01 6.812289161707521523e-03
5.670000000000000000e+02 6.819978030397207958e-01 6.822963096474402717e-03
5.680000000000000000e+02 6.830340456536331262e-01 6.833281160910495075e-03
5.690000000000000000e+02 6.840860340344454560e-01 6.843840485509764676e-03
5.700000000000000000e+02 6.850637584117861278e-01 6.853559242870590346e-03
5.710000000000000000e+02 6.859963924212862940e-01 6.862915920738939766e-03
5.720000000000000000e+02 6.868996159361304699e-01 6.871915812809404125e-03
5.730000000000000000e+02 6.878256013989664241e-01 6.881133313787482324e-03
5.740000000000000000e+02 6.887435612808698870e-01 6.890363188757243386e-03
5.750000000000000000e+02 6.895286054310720836e-01 6.898228563376595547e-03
5.760000000000000000e+02 6.900759569825454243e-01 6.903727851333716324e-03
5.770000000000000000e+02 6.905583220539187606e-01 6.908480527939989298e-03
5.780000000000000000e+02 6.913640794585006466e-01 6.916956797840691229e-03
5.790000000000000000e+02 6.924214995412899532e-01 6.927154436888517154e-03
5.800000000000000000e+02 6.932657702113735887e-01 6.935514161098840259e-03
5.810000000000000000e+02 6.937720203822594911e-01 6.940586154634619670e-03
5.820000000000000000e+02 6.943062094989819188e-01 6.945860359646059343e-03
5.830000000000000000e+02 6.949495431962902092e-01 6.952336944836330634e-03
5.840000000000000000e+02 6.957244145415361070e-01 6.960065806537478819e-03
5.850000000000000000e+02 6.963997064035344353e-01 6.966873307323702240e-03
5.860000000000000000e+02 6.968546071526039443e-01 6.971492604316269909e-03
5.870000000000000000e+02 6.971793617329234971e-01 6.975158078042330810e-03
5.880000000000000000e+02 6.974522251577228715e-01 6.977950350531525806e-03
5.890000000000000000e+02 6.976636658509998146e-01 6.979584342626248168e-03
5.900000000000000000e+02 6.978867261911128050e-01 6.981845141165382747e-03
5.910000000000000000e+02 6.984831555481261223e-01 6.987782557190214648e-03
5.920000000000000000e+02 6.993689095283392998e-01 6.997601534405470391e-03
5.930000000000000000e+02 7.002595358021241889e-01 7.005442416807700946e-03
5.940000000000000000e+02 7.010476087158342695e-01 7.013317297000477846e-03
5.950000000000000000e+02 7.017859268643735771e-01 7.020731700859981703e-03
5.960000000000000000e+02 7.026438083374827448e-01 7.029262068844012619e-03
5.970000000000000000e+02 7.037348797115990928e-01 7.040282572914008039e-03
5.980000000000000000e+02 7.049568412209298307e-01 7.052519313512603180e-03
5.990000000000000000e+02 7.059011904650809299e-01 7.062231040157952028e-03
6.000000000000000000e+02 7.064509107449495895e-01 7.067689039083822379e-03
6.010000000000000000e+02 7.069542781346525029e-01 7.073466011888446432e-03
6.020000000000000000e+02 7.076118970335734115e-01 7.080094598416067884e-03
6.030000000000000000e+02 7.082526754093028121e-01 7.085709867945163588e-03
6.040000000000000000e+02 7.090325040802892831e-01 7.093487301502094874e-03
6.050000000000000000e+02 7.099984987523827451e-01 7.102815284202171515e-03
6.060000000000000000e+02 7.112415126965304646e-01 7.115244142143613455e-03
6.070000000000000000e+02 7.126482063151833302e-01 7.129355815549798248e-03
6.080000000000000000e+02 7.140487266874475658e-01 7.143310142135476937e-03
6.090000000000000000e+02 7.153870382337936817e-01 7.156771436113319208e-03
6.100000000000000000e+02 7.165647476515684122e-01 7.168585417135130144e-03
6.110000000000000000e+02 7.175165360625338495e-01 7.178100739398181329e-03
6.120000000000000000e+02 7.180894136586016829e-01 7.183822798595737580e-03
6.130000000000000000e+02 7.185194329319063433e-01 7.188123450616258972e-03
6.140000000000000000e+02 7.190555028169611784e-01 7.193546077390785068e-03
6.150000000000000000e+02 7.196867510993741890e-01 7.199781114166061737e-03
6.160000000000000000e+02 7.202655300177719377e-01 7.205625392190328181e-03
6.170000000000000000e+02 7.206660133783557853e-01 7.209590865362295806e-03
6.180000000000000000e+02 7.209659157862022827e-01 7.212523325888617505e-03
6.190000000000000000e+02 7.212997700571391890e-01 7.216398520049017475e-03
6.200000000000000000e+02 7.218043573766270704e-01 7.220833673959719916e-03
6.210000000000000000e+02 7.226147864397306497e-01 7.229015209757420728e-03
6.220000000000000000e+02 7.236891646761300922e-01 7.239787374462442957e-03
6.230000000000000000e+02 7.248536078851276487e-01 7.251458865114381730e-03
6.240000000000000000e+02 7.259923773080821929e-01 7.262828763620068039e-03
6.250000000000000000e+02 7.270383415026787643e-01 7.273320352638068705e-03
6.260000000000000000e+02 7.278802719052898107e-01 7.281767078651461833e-03
6.270000000000000000e+02 7.284639975525026845e-01 7.287531068222457935e-03
6.280000000000000000e+02 7.289388705373496258e-01 7.292340452721065083e-03
6.290000000000000000e+02 7.295318343736829636e-01 7.298284683351381925e-03
6.300000000000000000e+02 7.302847704039854282e-01 7.305790234551435072e-03
6.310000000000000000e+02 7.312243043981029311e-01 7.315153645918171833e-03
6.320000000000000000e+02 7.322015268018418066e-01 7.324894205157481478e-03
6.330000000000000000e+02 7.331933355887841897e-01 7.334840986591636969e-03
6.340000000000000000e+02 7.342170914642718316e-01 7.344985301059037130e-03
6.350000000000000000e+02 7.352046646360912430e-01 7.354932475381480497e-03
6.360000000000000000e+02 7.361215935892986284e-01 7.364058447109740439e-03
6.370000000000000000e+02 7.370341883357560686e-01 7.373166107652954701e-03
6.380000000000000000e+02 7.381183463836006320e-01 7.384028431477030266e-03
6.390000000000000000e+02 7.394191879976592663e-01 7.397004226750233599e-03
6.400000000000000000e+02 7.412053388488730743e-01 7.414927864839743199e-03
6.410000000000000000e+02 7.428680983811766225e-01 7.431561327357828067e-03
6.420000000000000000e+02 7.443302995232717878e-01 7.446182732686634428e-03
6.430000000000000000e+02 7.455648394975600279e-01 7.458486645043223111e-03
6.440000000000000000e+02 7.466721967150116157e-01 7.469576992587437063e-03
6.450000000000000000e+02 7.477440257359908582e-01 7.480324719854536224e-03
6.460000000000000000e+02 7.488149878060187392e-01 7.490973827853132996e-03
6.470000000000000000e+02 7.498985125961166176e-01 7.501880706371808101e-03
6.480000000000000000e+02 7.510918680380558321e-01 7.513813580647395012e-03
6.490000000000000000e+02 7.524624350811166540e-01 7.527517464459066755e-03
6.500000000000000000e+02 7.525674207196095811e-01 7.528558110712708397e-03
6.510000000000000000e+02 7.526724063581025082e-01 7.529598756966349171e-03
6.520000000000000000e+02 7.527773919965954352e-01 7.530639403219990813e-03
6.530000000000000000e+02 7.528823776350883623e-01 7.531680049473632454e-03
6.540000000000000000e+02 7.529873632735812894e-01 7.532720695727273229e-03
6.550000000000000000e+02 7.530923489120742165e-01 7.533761341980914870e-03
6.560000000000000000e+02 7.531973345505670325e-01 7.534801988234556512e-03
6.570000000000000000e+02 7.533023201890599596e-01 7.535842634488198154e-03
6.580000000000000000e+02 7.534073058275528867e-01 7.536883280741838928e-03
6.590000000000000000e+02 7.535122914660458138e-01 7.537923926995480570e-03
6.600000000000000000e+02 7.536172771045387409e-01 7.538964573249122211e-03
6.610000000000000000e+02 7.537222627430316679e-01 7.540005219502762986e-03
6.620000000000000000e+02 7.538272483815245950e-01 7.541045865756404627e-03
6.630000000000000000e+02 7.550426181280555094e-01 7.553219477564273622e-03
6.640000000000000000e+02 7.561484481964096949e-01 7.564301728841237200e-03
6.650000000000000000e+02 7.572752229541589442e-01 7.575531937947321305e-03
6.660000000000000000e+02 7.584147553848232803e-01 7.586979852562465709e-03
6.670000000000000000e+02 7.595445051247535773e-01 7.598267204956456883e-03
6.680000000000000000e+02 7.607901525771171292e-01 7.610758324496692991e-03
6.690000000000000000e+02 7.622738524707752816e-01 7.625579202945965106e-03
6.700000000000000000e+02 7.639815379358100289e-01 7.642637920617730354e-03
6.710000000000000000e+02 7.658177371030865377e-01 7.661058594428523869e-03
6.720000000000000000e+02 7.674999899971504114e-01 7.677817596197759539e-03
6.730000000000000000e+02 7.686986645217892544e-01 7.689885252055375306e-03
6.740000000000000000e+02 7.698237033261976503e-01 7.701114882251895027e-03
6.750000000000000000e+02 7.708262214682062297e-01 7.711140733216980195e-03
6.760000000000000000e+02 7.717031924896029516e-01 7.719877062254739547e-03
6.770000000000000000e+02 7.725217483825785880e-01 7.728051409259262435e-03
6.780000000000000000e+02 7.734213832274311473e-01 7.737069045304507606e-03
6.790000000000000000e+02 7.744826272928605482e-01 7.747606979429264018e-03
6.800000000000000000e+02 7.756738913026216542e-01 7.759592676952332783e-03
6.810000000000000000e+02 7.757659774700745858e-01 7.760654501071961343e-03
6.820000000000000000e+02 7.758580636375275175e-01 7.761716325191590771e-03
6.830000000000000000e+02 7.759501498049804491e-01 7.762778149311219331e-03
6.840000000000000000e+02 7.760422359724333807e-01 7.763839973430848758e-03
6.850000000000000000e+02 7.761343221398863124e-01 7.764901797550477318e-03
6.860000000000000000e+02 7.762264083073392440e-01 7.765963621670106745e-03
6.870000000000000000e+02 7.763184944747922867e-01 7.767025445789735305e-03
6.880000000000000000e+02 7.764105806422452183e-01 7.768087269909364732e-03
6.890000000000000000e+02 7.765026668096981499e-01 7.769149094028993292e-03
6.900000000000000000e+02 7.765947529771510816e-01 7.770210918148622720e-03
6.910000000000000000e+02 7.766868391446040132e-01 7.771272742268251280e-03
6.920000000000000000e+02 7.767789253120569448e-01 7.772334566387880707e-03
6.930000000000000000e+02 7.768710114795098765e-01 7.773396390507509267e-03
6.940000000000000000e+02 7.779830975761161671e-01 7.783152147659891905e-03
6.950000000000000000e+02 7.790583623910911637e-01 7.793455613982672343e-03
6.960000000000000000e+02 7.801642048831112231e-01 7.804567167227261654e-03
6.970000000000000000e+02 7.812741024878694374e-01 7.815687337021421169e-03
6.980000000000000000e+02 7.823185840639017563e-01 7.826119226523651703e-03
6.990000000000000000e+02 7.832766405553203137e-01 7.835805541702279761e-03
7.000000000000000000e+02 7.841585184628420135e-01 7.844597089924940786e-03
7.010000000000000000e+02 7.849804064023663264e-01 7.852884961804357591e-03
7.020000000000000000e+02 7.857136612291294453e-01 7.860149013146302058e-03
7.030000000000000000e+02 7.863955883530541202e-01 7.866972085256888209e-03
7.040000000000000000e+02 7.868019600308426842e-01 7.871027596537578941e-03
7.050000000000000000e+02 7.869322131192119096e-01 7.872269769114275187e-03
7.060000000000000000e+02 7.867097701264444964e-01 7.870110334451115713e-03
7.070000000000000000e+02 7.862928583350549117e-01 7.865906273321664546e-03
7.080000000000000000e+02 7.861556659987622986e-01 7.864562035259389447e-03
7.090000000000000000e+02 7.863021629324743467e-01 7.866018653672424144e-03
7.100000000000000000e+02 7.864959484290314773e-01 7.867937779917932514e-03
7.110000000000000000e+02 7.867526865302197914e-01 7.870518355644687269e-03
7.120000000000000000e+02 7.869475469466951090e-01 7.872423132423264983e-03
7.130000000000000000e+02 7.870791900225037052e-01 7.874765876480336810e-03
7.140000000000000000e+02 7.871952927124239441e-01 7.877221167106809516e-03
7.150000000000000000e+02 7.871864409114227579e-01 7.877366185637885501e-03
7.160000000000000000e+02 7.870288281439605793e-01 7.876383303616738343e-03
7.170000000000000000e+02 7.868692135434420809e-01 7.873234156960121771e-03
7.180000000000000000e+02 7.868238405781892153e-01 7.873120964032861296e-03
7.190000000000000000e+02 7.868440701585782682e-01 7.872406132450458782e-03
7.200000000000000000e+02 7.869326075873908088e-01 7.872680469639839126e-03
7.210000000000000000e+02 7.870890644246277823e-01 7.875908392485966511e-03
7.220000000000000000e+02 7.872416341272704399e-01 7.877359038086400797e-03
7.230000000000000000e+02 7.873546403679831940e-01 7.877125438535874727e-03
7.240000000000000000e+02 7.873582910082713715e-01 7.876765501261710073e-03
7.250000000000000000e+02 7.874045275190009185e-01 7.877296215274177602e-03
7.260000000000000000e+02 7.876147683635339458e-01 7.879354195800717525e-03
7.270000000000000000e+02 7.880377443695116835e-01 7.883728029478002941e-03
7.280000000000000000e+02 7.887129652869923069e-01 7.890428463653559668e-03
7.290000000000000000e+02 7.892135437120890717e-01 7.895494371501443620e-03
7.300000000000000000e+02 7.895416482226436106e-01 7.898698956030056340e-03
7.310000000000000000e+02 7.898986332171877844e-01 7.902224495017456940e-03
7.320000000000000000e+02 7.901259266941215165e-01 7.904500172426422167e-03
7.330000000000000000e+02 7.902934259961127417e-01 7.906082965467362347e-03
7.340000000000000000e+02 7.904396624916221192e-01 7.907616598938162211e-03
7.350000000000000000e+02 7.905185331826121153e-01 7.908355494677330941e-03
7.360000000000000000e+02 7.906021566027541247e-01 7.909271785217565284e-03
7.370000000000000000e+02 7.907769574174218219e-01 7.911004199265081124e-03
7.380000000000000000e+02 7.909778514206157185e-01 7.913038403396570331e-03
7.390000000000000000e+02 7.910511659595562683e-01 7.913836307149242286e-03
7.400000000000000000e+02 7.909669772406197064e-01 7.912938740857151237e-03
7.410000000000000000e+02 7.907252245641077648e-01 7.910597298766587973e-03
7.420000000000000000e+02 7.903385687056521114e-01 7.906649250713871507e-03
7.430000000000000000e+02 7.906388543189248885e-01 7.909682102832153727e-03
7.440000000000000000e+02 7.907403498312813861e-01 7.910625014115560405e-03
7.450000000000000000e+02 7.908523820203852139e-01 7.911729448715749610e-03
7.460000000000000000e+02 7.907705131526501230e-01 7.910954791597743507e-03
7.470000000000000000e+02 7.905724524556559940e-01 7.908921742035765479e-03
7.480000000000000000e+02 7.903215798044848084e-01 7.906933132433555111e-03
7.490000000000000000e+02 7.901262680392747706e-01 7.904958368216712453e-03
7.500000000000000000e+02 7.899837530542805908e-01 7.903175487130304974e-03
7.510000000000000000e+02 7.899026079109706666e-01 7.902737606636560386e-03
7.520000000000000000e+02 7.898307712409803338e-01 7.904584748391556281e-03
7.530000000000000000e+02 7.898019988418464310e-01 7.901150698176963305e-03
7.540000000000000000e+02 7.897996782619868261e-01 7.901250826202294367e-03
7.550000000000000000e+02 7.897973576821271102e-01 7.901350954227623694e-03
7.560000000000000000e+02 7.897950371022675053e-01 7.901451082252954755e-03
7.570000000000000000e+02 7.897927165224077894e-01 7.901551210278284082e-03
7.580000000000000000e+02 7.897903959425481846e-01 7.901651338303615144e-03
7.590000000000000000e+02 7.897880753626884687e-01 7.901751466328946205e-03
7.600000000000000000e+02 7.897857547828288638e-01 7.901851594354275532e-03
7.610000000000000000e+02 7.897834342029692589e-01 7.901951722379606594e-03
7.620000000000000000e+02 7.897811136231095430e-01 7.902051850404937655e-03
7.630000000000000000e+02 7.897787930432499381e-01 7.902151978430266982e-03
7.640000000000000000e+02 7.897764724633902222e-01 7.902252106455598044e-03
7.650000000000000000e+02 7.897741518835306174e-01 7.902352234480929105e-03
7.660000000000000000e+02 7.897718313036709015e-01 7.902452362506258432e-03
7.670000000000000000e+02 7.897695107238112966e-01 7.902552490531589494e-03
7.680000000000000000e+02 7.897671901439515807e-01 7.902652618556918820e-03
7.690000000000000000e+02 7.897648695640919758e-01 7.902752746582249882e-03
7.700000000000000000e+02 7.896584111718267796e-01 7.899784238892834307e-03
7.710000000000000000e+02 7.894866171196035509e-01 7.898238731979435531e-03
7.720000000000000000e+02 7.893550570140241973e-01 7.896899141858385041e-03
7.730000000000000000e+02 7.892458372943464973e-01 7.896570076242007824e-03
7.740000000000000000e+02 7.890338541681251039e-01 7.894461562514798816e-03
7.750000000000000000e+02 7.887238314349960255e-01 7.891314708207024242e-03
7.760000000000000000e+02 7.884382583284915702e-01 7.887894273456248426e-03
7.770000000000000000e+02 7.882976788924707101e-01 7.886415421311411891e-03
7.780000000000000000e+02 7.883070577030106829e-01 7.886605194352976078e-03
7.790000000000000000e+02 7.875627889274388060e-01 7.879074646367095064e-03
7.800000000000000000e+02 7.868740629204618031e-01 7.872268002062778741e-03
7.810000000000000000e+02 7.860292225957168366e-01 7.863815866864904205e-03
7.820000000000000000e+02 7.850708120524449996e-01 7.854169936902679824e-03
7.830000000000000000e+02 7.841611267583389333e-01 7.845164930750866961e-03
7.840000000000000000e+02 7.837964017990879384e-01 7.841463065483013015e-03
7.850000000000000000e+02 7.836781307338760438e-01 7.840428780308630191e-03
7.860000000000000000e+02 7.835213730018932843e-01 7.838723120873960712e-03
7.870000000000000000e+02 7.832375279485082054e-01 7.835997468979194816e-03
7.880000000000000000e+02 7.828882887868143792e-01 7.832444104435025770e-03
7.890000000000000000e+02 7.825142597983699710e-01 7.828680903153289322e-03
7.900000000000000000e+02 7.821264655450629322e-01 7.824932416630028809e-03
7.910000000000000000e+02 7.817341357148817060e-01 7.820974946881506865e-03
7.920000000000000000e+02 7.813818376226406848e-01 7.820237724058686987e-03
7.930000000000000000e+02 7.810844724285643803e-01 7.819129732739998201e-03
7.940000000000000000e+02 7.808428090711170277e-01 7.813875964291432802e-03
7.950000000000000000e+02 7.807032337114928611e-01 7.810766825362922341e-03
7.960000000000000000e+02 7.806672088747727001e-01 7.810364807499583888e-03
7.970000000000000000e+02 7.807291487955105858e-01 7.811006332319813707e-03
7.980000000000000000e+02 7.808397577605568074e-01 7.812045342226974290e-03
7.990000000000000000e+02 7.809143130371526409e-01 7.812916199234822695e-03
8.000000000000000000e+02 7.809076002967973995e-01 7.812816240024635789e-03
8.010000000000000000e+02 7.803005141850950510e-01 7.806839284931464153e-03
8.020000000000000000e+02 7.798422638582169775e-01 7.802222528500556836e-03
8.030000000000000000e+02 7.797813521610232890e-01 7.801627067979240507e-03
8.040000000000000000e+02 7.799782954742743302e-01 7.803662567794503527e-03
8.050000000000000000e+02 7.798611705095916946e-01 7.802418883205420458e-03
8.060000000000000000e+02 7.794998359987604930e-01 7.798912651106538335e-03
8.070000000000000000e+02 7.791170645789611271e-01 7.795004706441766539e-03
8.080000000000000000e+02 7.788117005885912825e-01 7.792076094525881257e-03
8.090000000000000000e+02 7.784930981539938122e-01 7.788813228135433621e-03
8.100000000000000000e+02 7.780709967986386699e-01 7.784591095756246241e-03
8.110000000000000000e+02 7.780471071974769393e-01 7.784375405189434584e-03
8.120000000000000000e+02 7.780232175963150976e-01 7.784159714622622926e-03
8.130000000000000000e+02 7.779993279951533669e-01 7.783944024055811269e-03
8.140000000000000000e+02 7.779754383939916362e-01 7.783728333489000478e-03
8.150000000000000000e+02 7.779515487928299056e-01 7.783512642922188821e-03
8.160000000000000000e+02 7.779276591916681749e-01 7.783296952355377163e-03
8.170000000000000000e+02 7.779037695905063332e-01 7.783081261788565505e-03
8.180000000000000000e+02 7.778798799893446025e-01 7.782865571221753848e-03
8.190000000000000000e+02 7.778559903881828719e-01 7.782649880654942190e-03
8.200000000000000000e+02 7.778321007870210302e-01 7.782434190088130532e-03
8.210000000000000000e+02 7.778082111858592995e-01 7.782218499521319742e-03
8.220000000000000000e+02 7.777843215846975689e-01 7.782002808954508084e-03
8.230000000000000000e+02 7.777604319835358382e-01 7.781787118387696427e-03
8.240000000000000000e+02 7.777365423823741075e-01 7.781571427820884769e-03
8.250000000000000000e+02 7.777126527812122658e-01 7.781355737254073111e-03
8.260000000000000000e+02 7.776887631800505352e-01 7.781140046687261454e-03
8.270000000000000000e+02 7.776648735788888045e-01 7.780924356120450663e-03
8.280000000000000000e+02 7.776409839777269628e-01 7.780708665553639006e-03
8.290000000000000000e+02 7.776170943765652321e-01 7.780492974986827348e-03
8.300000000000000000e+02 7.775932047754035015e-01 7.780277284420015690e-03
8.310000000000000000e+02 7.771066542959147450e-01 7.775573829766701563e-03
8.320000000000000000e+02 7.766903743106784441e-01 7.771310540342977850e-03
8.330000000000000000e+02 7.763242841598773092e-01 7.767685352162253219e-03
8.340000000000000000e+02 7.760134880093827459e-01 7.764517120596827957e-03
8.350000000000000000e+02 7.756276360047890117e-01 7.760647938256187012e-03
8.360000000000000000e+02 7.750802846011097813e-01 7.755195760922098218e-03
8.370000000000000000e+02 7.743673817104134161e-01 7.747905194062387930e-03
8.380000000000000000e+02 7.734657960034594382e-01 7.739061054324048068e-03
8.390000000000000000e+02 7.726905305108655586e-01 7.731162562435505911e-03
8.400000000000000000e+02 7.722678090959158581e-01 7.727033257776260745e-03
8.410000000000000000e+02 7.721462044340026143e-01 7.725772376176319803e-03
8.420000000000000000e+02 7.713663153660181848e-01 7.718025299005249265e-03
8.430000000000000000e+02 7.704481013175077386e-01 7.708872874902190919e-03
8.440000000000000000e+02 7.696632137960733866e-01 7.700950834017763515e-03
8.450000000000000000e+02 7.690956639281576468e-01 7.695382520520432923e-03
8.460000000000000000e+02 7.685561706888510702e-01 7.689897338268395291e-03
8.470000000000000000e+02 7.679523837095058036e-01 7.684053569993420235e-03
8.480000000000000000e+02 7.673683440516534393e-01 7.679796462696399442e-03
8.490000000000000000e+02 7.666701717507475866e-01 7.673082034224900164e-03
8.500000000000000000e+02 7.661082083226814499e-01 7.667151993931258132e-03
8.510000000000000000e+02 7.655633885804737915e-01 7.664496097948456446e-03
8.520000000000000000e+02 7.651644349287506364e-01 7.659123342707991645e-03
8.530000000000000000e+02 7.646817507397207780e-01 7.654146954474395914e-03
8.540000000000000000e+02 7.638756839693684464e-01 7.649321342725856968e-03
8.550000000000000000e+02 7.626582715035096216e-01 7.632442398189939921e-03
8.560000000000000000e+02 7.615330538997766574e-01 7.622697689152335351e-03
8.570000000000000000e+02 7.606704606414986802e-01 7.613246243283325505e-03
8.580000000000000000e+02 7.601914611814390987e-01 7.607831623857512320e-03
8.590000000000000000e+02 7.599698982051534824e-01 7.605654099116376451e-03
8.600000000000000000e+02 7.597763374020680693e-01 7.605136366757143940e-03
8.610000000000000000e+02 7.593960855691134215e-01 7.600025010146475510e-03
8.620000000000000000e+02 7.592207682081173470e-01 7.598805906124763039e-03
8.630000000000000000e+02 7.594460403656051461e-01 7.603346140074664083e-03
8.640000000000000000e+02 7.595086123762684327e-01 7.604906796502514804e-03
8.650000000000000000e+02 7.591474372016189243e-01 7.597559193000457019e-03
8.660000000000000000e+02 7.583709756439941385e-01 7.591540967079282894e-03
8.670000000000000000e+02 7.574470627728037142e-01 7.582536918118238517e-03
8.680000000000000000e+02 7.565525368821951480e-01 7.571761141570957851e-03
8.690000000000000000e+02 7.556586347598232001e-01 7.563049733416833849e-03
8.700000000000000000e+02 7.549796934489468869e-01 7.555768546849743472e-03
8.710000000000000000e+02 7.542689827785448164e-01 7.547898593128420444e-03
8.720000000000000000e+02 7.535799516913341822e-01 7.540573751665322934e-03
8.730000000000000000e+02 7.527737093549891068e-01 7.532517479124495145e-03
8.740000000000000000e+02 7.519409161762091731e-01 7.524291330907187728e-03
8.750000000000000000e+02 7.512966561030538504e-01 7.517907444011114222e-03
8.760000000000000000e+02 7.509400760875486469e-01 7.514283643610427180e-03
8.770000000000000000e+02 7.504881145746938875e-01 7.509909543823253299e-03
8.780000000000000000e+02 7.499096889515854958e-01 7.504068801004015743e-03
8.790000000000000000e+02 7.490690271187423477e-01 7.495799253076619595e-03
8.800000000000000000e+02 7.480052175415035087e-01 7.484997365426004738e-03
8.810000000000000000e+02 7.465936379539592771e-01 7.471041841146711625e-03
8.820000000000000000e+02 7.449783899201322113e-01 7.454730022339173603e-03
8.830000000000000000e+02 7.433803009361712455e-01 7.438783923318287306e-03
8.840000000000000000e+02 7.418709200696058659e-01 7.423745827046700912e-03
8.850000000000000000e+02 7.404254692900873458e-01 7.409206632253037030e-03
8.860000000000000000e+02 7.390625308859728460e-01 7.395814947900548539e-03
8.870000000000000000e+02 7.375322567726639855e-01 7.380372379699452062e-03
8.880000000000000000e+02 7.361882774939996210e-01 7.367064414727640675e-03
8.890000000000000000e+02 7.349021529000346886e-01 7.354059753298432776e-03
8.900000000000000000e+02 7.338020829208735663e-01 7.343165899009731698e-03
8.910000000000000000e+02 7.326195100442902675e-01 7.331290596084040490e-03
8.920000000000000000e+02 7.314890237239728421e-01 7.320085764908845077e-03
8.930000000000000000e+02 7.302334239241801139e-01 7.308355540405153672e-03
8.940000000000000000e+02 7.287050755863965223e-01 7.293065775499079501e-03
8.950000000000000000e+02 7.270431212733321491e-01 7.277823778514757973e-03
8.960000000000000000e+02 7.251633930963944374e-01 7.260828869479463675e-03
8.970000000000000000e+02 7.231091966491571821e-01 7.240954862567958866e-03
8.980000000000000000e+02 7.211700397179504618e-01 7.223445925207903559e-03
8.990000000000000000e+02 7.193980232539144426e-01 7.202170611962608118e-03
9.000000000000000000e+02 7.176234490368513796e-01 7.182737432592408745e-03
9.010000000000000000e+02 7.156553285496338734e-01 7.165481810247493685e-03
9.020000000000000000e+02 7.136922801776000025e-01 7.147513069560789724e-03
9.030000000000000000e+02 7.118610121853380379e-01 7.125180350387577514e-03
9.040000000000000000e+02 7.102534191898838278e-01 7.108928839113334841e-03
9.050000000000000000e+02 7.087139146494794151e-01 7.093809621033777754e-03
9.060000000000000000e+02 7.070692128955540223e-01 7.079447870625182188e-03
9.070000000000000000e+02 7.052932822914931288e-01 7.060076582055371981e-03
9.080000000000000000e+02 7.035583765426126623e-01 7.043814236025687514e-03
9.090000000000000000e+02 7.014046342577240356e-01 7.020604967551123156e-03
9.100000000000000000e+02 6.989806050967001250e-01 6.996175246990662608e-03
9.110000000000000000e+02 6.962210524712377779e-01 6.968444402947402729e-03
9.120000000000000000e+02 6.933827734008969346e-01 6.939909946205809199e-03
9.130000000000000000e+02 6.903352090698537946e-01 6.909582688401386293e-03
9.140000000000000000e+02 6.873261265703511924e-01 6.879329208736858527e-03
9.150000000000000000e+02 6.846541390119207371e-01 6.853087149596476593e-03
9.160000000000000000e+02 6.821299909462210653e-01 6.827725560446474586e-03
9.170000000000000000e+02 6.797805985720529742e-01 6.804019156550399072e-03
9.180000000000000000e+02 6.771969093699040654e-01 6.778101594696758769e-03
9.190000000000000000e+02 6.739442038084758613e-01 6.745427868728013157e-03
9.200000000000000000e+02 6.701061542063823095e-01 6.707244275404315031e-03
9.210000000000000000e+02 6.662377897630391566e-01 6.668446973095770378e-03
9.220000000000000000e+02 6.621750970881298270e-01 6.628058732095714820e-03
9.230000000000000000e+02 6.576910566483945564e-01 6.583013864482231865e-03
9.240000000000000000e+02 6.530873587681965686e-01 6.538249681292663228e-03
9.250000000000000000e+02 6.491692941099829195e-01 6.497693151440002597e-03
9.260000000000000000e+02 6.464850724507857915e-01 6.470852407982065693e-03
9.270000000000000000e+02 6.448601088897909506e-01 6.458132360160709524e-03
9.280000000000000000e+02 6.435105421152214067e-01 6.446160005176752514e-03
9.290000000000000000e+02 6.418509989452081399e-01 6.430802247960713813e-03
9.300000000000000000e+02 6.395457786094423946e-01 6.407960197998960848e-03
9.310000000000000000e+02 6.368672593739184151e-01 6.385521586105541610e-03
9.320000000000000000e+02 6.335776040095139061e-01 6.356827539273959479e-03
9.330000000000000000e+02 6.295305838817693012e-01 6.319765754326381497e-03
9.340000000000000000e+02 6.246593496361064757e-01 6.271380396708281686e-03
9.350000000000000000e+02 6.194218148383011657e-01 6.209290005179837584e-03
9.360000000000000000e+02 6.143314584796401023e-01 6.158723738257700260e-03
9.370000000000000000e+02 6.097089312676644557e-01 6.113585914096946079e-03
9.380000000000000000e+02 6.050970027921371841e-01 6.065446030107475052e-03
9.390000000000000000e+02 6.007104578690400931e-01 6.017676475482037872e-03
9.400000000000000000e+02 5.967841727528344631e-01 5.976503190211176868e-03
9.410000000000000000e+02 5.930563959175804145e-01 5.941676574500456658e-03
9.420000000000000000e+02 5.889098094347204881e-01 5.901689653837817115e-03
9.430000000000000000e+02 5.847498015574985608e-01 5.863403839684727670e-03
9.440000000000000000e+02 5.809282848975647617e-01 5.822146338666105841e-03
9.450000000000000000e+02 5.771855014673233919e-01 5.781627183117831782e-03
9.460000000000000000e+02 5.724692225773213572e-01 5.734065293049922865e-03
9.470000000000000000e+02 5.662494069315758827e-01 5.672943173826709706e-03
9.480000000000000000e+02 5.590445910275907426e-01 5.599159026767313446e-03
9.490000000000000000e+02 5.516723960573840513e-01 5.525593473447873438e-03
9.500000000000000000e+02 5.446072217199287024e-01 5.454601897917831128e-03
9.510000000000000000e+02 5.382501832522404994e-01 5.392640936795103923e-03
9.520000000000000000e+02 5.323850906482686662e-01 5.333668196425579537e-03
9.530000000000000000e+02 5.272977337324952218e-01 5.284893981484307598e-03
9.540000000000000000e+02 5.231433509832807971e-01 5.240405682228363275e-03
9.550000000000000000e+02 5.197926379270323416e-01 5.206981011222787739e-03
9.560000000000000000e+02 5.165730291634025306e-01 5.174716345937454241e-03
9.570000000000000000e+02 5.128598663025736304e-01 5.137470663390236725e-03
9.580000000000000000e+02 5.085025912406110349e-01 5.093863568428666673e-03
9.590000000000000000e+02 5.039118867333949314e-01 5.047614339097801668e-03
9.600000000000000000e+02 4.990382782947056506e-01 4.999032038815498166e-03
9.610000000000000000e+02 4.938383598556516096e-01 4.946691490252595920e-03
9.620000000000000000e+02 4.884885770701494767e-01 4.893328688765890416e-03
9.630000000000000000e+02 4.833286848535669478e-01 4.841605283032689860e-03
9.640000000000000000e+02 4.785511915894386514e-01 4.793845581756669451e-03
9.650000000000000000e+02 4.739146486380745316e-01 4.747346325961943579e-03
9.660000000000000000e+02 4.691279122714072658e-01 4.699245527889156331e-03
9.670000000000000000e+02 4.644182546874540130e-01 4.651963741869226919e-03
9.680000000000000000e+02 4.599070305436897543e-01 4.606448901400621646e-03
9.690000000000000000e+02 4.553531181788305071e-01 4.561059963357823321e-03
9.700000000000000000e+02 4.506101740673051914e-01 4.514496204211852076e-03
9.710000000000000000e+02 4.456663273579833939e-01 4.467137719393907656e-03
9.720000000000000000e+02 4.405574781557447528e-01 4.416222400635327026e-03
9.730000000000000000e+02 4.351764950528943521e-01 4.361310391082450465e-03
9.740000000000000000e+02 4.294072632681477097e-01 4.303655368435952734e-03
9.750000000000000000e+02 4.232790157104381890e-01 4.242276558807371589e-03
9.760000000000000000e+02 4.170293436618583982e-01 4.180037415842267033e-03
9.770000000000000000e+02 4.108412969236125978e-01 4.116584111835153506e-03
9.780000000000000000e+02 4.046484000984150176e-01 4.054886235887103854e-03
9.790000000000000000e+02 3.983988988636278372e-01 3.993011127452093453e-03
9.800000000000000000e+02 3.922393140601281303e-01 3.931897471919193997e-03
9.810000000000000000e+02 3.863208918040205164e-01 3.872404186298494290e-03
9.820000000000000000e+02 3.805429995674727839e-01 3.816613886345904174e-03
9.830000000000000000e+02 3.749119843643112238e-01 3.760309334043587803e-03
9.840000000000000000e+02 3.693080538807973490e-01 3.704396864292594516e-03
9.850000000000000000e+02 3.633946298882619330e-01 3.645582202709886279e-03
9.860000000000000000e+02 3.573340382125716475e-01 3.584650761761476370e-03
9.870000000000000000e+02 3.511988746426654151e-01 3.523695513854388593e-03
9.880000000000000000e+02 3.449757916192970342e-01 3.461000378470769582e-03
9.890000000000000000e+02 3.386293728872323827e-01 3.398137440586627370e-03
9.900000000000000000e+02 3.321565397610770076e-01 3.333006519963638455e-03
9.910000000000000000e+02 3.256154330877004677e-01 3.268019132411583913e-03
9.920000000000000000e+02 3.191371375612059302e-01 3.201399926981446202e-03
9.930000000000000000e+02 3.127407490172854354e-01 3.139277308064529828e-03
9.940000000000000000e+02 3.064468003916913652e-01 3.078709733272541431e-03
9.950000000000000000e+02 3.002187625028532869e-01 3.014053353618928455e-03
9.960000000000000000e+02 2.939157714299296398e-01 2.954131152407326374e-03
9.970000000000000000e+02 2.875760075706059737e-01 2.890241014641134649e-03
9.980000000000000000e+02 2.812373383558955386e-01 2.827643069676258596e-03
9.990000000000000000e+02 2.749788897718989933e-01 2.764330318055280636e-03
1.000000000000000000e+03 2.688198661347008800e-01 2.703798765187609768e-03
1.001000000000000000e+03 2.626858331583472594e-01 2.642294925490960671e-03
1.002000000000000000e+03 2.566380882610728720e-01 2.582674352689992743e-03
1.003000000000000000e+03 2.506406642678879471e-01 2.523052630478435972e-03
1.004000000000000000e+03 2.445805906376559147e-01 2.462670342248521327e-03
1.005000000000000000e+03 2.384449151187563454e-01 2.402066659047045246e-03
1.006000000000000000e+03 2.324181618625841272e-01 2.338632723353782032e-03
1.007000000000000000e+03 2.263790747128379688e-01 2.278862670804639688e-03
1.008000000000000000e+03 2.203749307534488555e-01 2.218035745811968319e-03
1.009000000000000000e+03 2.144023626539646177e-01 2.159174455415866726e-03
1.010000000000000000e+03 2.085083162517175626e-01 2.099530574967484707e-03
1.011000000000000000e+03 2.027598266556651652e-01 2.042647505464125282e-03
1.012000000000000000e+03 1.971316607775393526e-01 1.989290471299883997e-03
1.013000000000000000e+03 1.915961281823060358e-01 1.934952990022929071e-03
1.014000000000000000e+03 1.860896486576171516e-01 1.880464770718611204e-03
1.015000000000000000e+03 1.806084251255839213e-01 1.826057556671594525e-03
1.016000000000000000e+03 1.751840996217163549e-01 1.772766608616137794e-03
1.017000000000000000e+03 1.699292533656071025e-01 1.720024025067603494e-03
1.018000000000000000e+03 1.648253291334529913e-01 1.670169106422806542e-03
1.019000000000000000e+03 1.599413311535699544e-01 1.620524357714481873e-03
1.020000000000000000e+03 1.550995389730692731e-01 1.573670485639895155e-03
1.021000000000000000e+03 1.501884077670336826e-01 1.524170542004606166e-03
1.022000000000000000e+03 1.451769617188636563e-01 1.475043594854790309e-03
1.023000000000000000e+03 1.400422500111145885e-01 1.424081586205500159e-03
1.024000000000000000e+03 1.349361203646674001e-01 1.373436919252747287e-03
1.025000000000000000e+03 1.299316336185109000e-01 1.324560078061857776e-03
1.026000000000000000e+03 1.250822021568329667e-01 1.276046108168024098e-03
1.027000000000000000e+03 1.203902626949029386e-01 1.230764779016065708e-03
1.028000000000000000e+03 1.158435635843868411e-01 1.184273647097548298e-03
1.029000000000000000e+03 1.113628634525782590e-01 1.148079837018516113e-03
1.030000000000000000e+03 1.071331508999577159e-01 1.104077842662819914e-03
1.031000000000000000e+03 1.030328734580701622e-01 1.069558316461686033e-03
1.032000000000000000e+03 9.897703059925638813e-02 1.030711554635111186e-03
1.033000000000000000e+03 9.502098388115687300e-02 9.967592639921547988e-04
1.034000000000000000e+03 9.121032303002588049e-02 9.569960465470421507e-04
1.035000000000000000e+03 8.758718231083717498e-02 9.236251748465754445e-04
1.036000000000000000e+03 8.422038789529767699e-02 8.919992371290537880e-04
1.037000000000000000e+03 8.114766280502058726e-02 8.613009439363004992e-04
1.038000000000000000e+03 7.831952673163725120e-02 8.358958316476878007e-04
1.039000000000000000e+03 7.564386588068071349e-02 7.968575400530856839e-04
1.040000000000000000e+03 7.292613926279578607e-02 7.731060425568140508e-04
1.041000000000000000e+03 7.016850977876504247e-02 7.446963329554155036e-04
1.042000000000000000e+03 6.745740654215512389e-02 7.122153971857195188e-04
1.043000000000000000e+03 6.495798992699892971e-02 6.947504519314385077e-04
1.044000000000000000e+03 6.270525431671919447e-02 6.753775118836584076e-04
1.045000000000000000e+03 6.066431717329990453e-02 6.559615538185594157e-04
1.046000000000000000e+03 5.894564991770784995e-02 6.315141427348644129e-04
1.047000000000000000e+03 5.746473567181502318e-02 6.297817567149599461e-04
1.048000000000000000e+03 5.613709189995956528e-02 6.143078174291037065e-04
1.049000000000000000e+03 5.498369486041716769e-02 6.021371346904693745e-04
1.050000000000000000e+03 5.397177732146830192e-02 5.926933529180221025e-04
1.051000000000000000e+03 5.280612241128356671e-02 6.143816255422037548e-04
1.052000000000000000e+03 5.169321034488788547e-02 6.089535753514795351e-04
1.053000000000000000e+03 5.064899427349616595e-02 5.897112727267215561e-04
1.054000000000000000e+03 4.963468792895304321e-02 5.796219646114333717e-04
1.055000000000000000e+03 4.874155299496014948e-02 5.475960922906729540e-04
1.056000000000000000e+03 4.792922545752861807e-02 5.381912556774555911e-04
1.057000000000000000e+03 4.715536370557339013e-02 5.287326911311681027e-04
1.058000000000000000e+03 4.636232041424764166e-02 5.186969275864616565e-04
1.059000000000000000e+03 4.555588605030019833e-02 5.361508561385514319e-04
1.060000000000000000e+03 4.477065780367314729e-02 5.309154762718984065e-04
1.061000000000000000e+03 4.402301902457297217e-02 4.989388995924729821e-04
1.062000000000000000e+03 4.333220388136843626e-02 4.955957656644576588e-04
1.063000000000000000e+03 4.280785989472904451e-02 4.925201621502814636e-04
1.064000000000000000e+03 4.236036332700753720e-02 4.993465219291960558e-04
1.065000000000000000e+03 4.198928768615071971e-02 5.131605353879616386e-04
1.066000000000000000e+03 4.168687308875029113e-02 5.151988970972071983e-04
1.067000000000000000e+03 4.128830020406685369e-02 4.947015081778467598e-04
1.068000000000000000e+03 4.077523432980383750e-02 4.900586617293405155e-04
1.069000000000000000e+03 4.017064276046052734e-02 4.800469433877069605e-04
1.070000000000000000e+03 3.938520105824146189e-02 4.678362836705530960e-04
1.071000000000000000e+03 3.860265371760809860e-02 4.721488869384776114e-04
1.072000000000000000e+03 3.794444885152389174e-02 4.506952258253157299e-04
1.073000000000000000e+03 3.745606571401392804e-02 4.514017268251912705e-04
1.074000000000000000e+03 3.718445982832373209e-02 4.495596483287294439e-04
1.075000000000000000e+03 3.690507733666610612e-02 4.490612658475153364e-04
1.076000000000000000e+03 3.648760106433639877e-02 4.389242208124782612e-04
1.077000000000000000e+03 3.612551329519327059e-02 4.385290842412436487e-04
1.078000000000000000e+03 3.590296164655401578e-02 4.379362369103643625e-04
1.079000000000000000e+03 3.596241610115500503e-02 4.453104997070488828e-04
1.080000000000000000e+03 3.653693458020594587e-02 4.512004759485544565e-04
1.081000000000000000e+03 3.652455959653668621e-02 4.553953438629825619e-04
1.082000000000000000e+03 3.651218461286743350e-02 4.458842083632784696e-04
1.083000000000000000e+03 3.649980962919818078e-02 4.570186605607101963e-04
1.084000000000000000e+03 3.648743464552892807e-02 4.754696431392953573e-04
1.085000000000000000e+03 3.647505966185967535e-02 4.535532179073188566e-04
1.086000000000000000e+03 3.646268467819042264e-02 4.514732532388483267e-04
1.087000000000000000e+03 3.645030969452116992e-02 4.471991029299272891e-04
1.088000000000000000e+03 3.643793471085191721e-02 4.358203587333960819e-04
1.089000000000000000e+03 3.642555972718266449e-02 4.149538629036672718e-04
1.090000000000000000e+03 3.641318474351341178e-02 4.168680000230486006e-04
1.091000000000000000e+03 0.000000000000000000e+00 1.000000000000000021e-02
1.092000000000000000e+03 0.000000000000000000e+00 1.000000000000000021e-02
1.093000000000000000e+03 0.000000000000000000e+00 1.000000000000000021e-02
1.094000000000000000e+03 0.000000000000000000e+00 1.000000000000000021e-02
1.095000000000000000e+03 0.000000000000000000e+00 1.000000000000000021e-02
1.096000000000000000e+03 0.000000000000000000e+00 1.000000000000000021e-02
1.097000000000000000e+03 0.000000000000000000e+00 1.000000000000000021e-02
1.098000000000000000e+03 0.000000000000000000e+00 1.000000000000000021e-02
1.099000000000000000e+03 0.000000000000000000e+00 1.000000000000000021e-02
