3.000000000000000000e+02 3.676440041415293507e-03 9.844516919595086915e-03
3.010000000000000000e+02 5.514660062122939826e-03 9.766775379392630269e-03
3.020000000000000000e+02 7.352880082830587014e-03 9.689033839190173622e-03
3.030000000000000000e+02 9.191100103538234201e-03 9.611292298987716975e-03
3.040000000000000000e+02 1.102932012424587965e-02 9.533550758785260329e-03
3.050000000000000000e+02 1.286754014495352684e-02 9.455809218582803682e-03
3.060000000000000000e+02 1.470576016566117403e-02 9.378067678380347036e-03
3.070000000000000000e+02 1.654398018636881948e-02 9.300326138177890389e-03
3.080000000000000000e+02 1.838220020707646840e-02 9.222584597975433743e-03
3.090000000000000000e+02 2.022042022778411385e-02 9.144843057772977096e-03
3.100000000000000000e+02 2.205864024849175931e-02 9.067101517570520450e-03
3.110000000000000000e+02 2.389686026919940823e-02 8.989359977368063803e-03
3.120000000000000000e+02 2.573508028990705368e-02 8.911618437165607157e-03
3.130000000000000000e+02 2.757330031061470260e-02 8.833876896963150510e-03
3.140000000000000000e+02 2.941152033132234805e-02 8.756135356760693864e-03
3.150000000000000000e+02 3.124974035202999351e-02 8.678393816558237217e-03
3.160000000000000000e+02 3.308796037273763896e-02 8.600652276355780571e-03
3.170000000000000000e+02 3.492618039344529135e-02 8.522910736153323924e-03
3.180000000000000000e+02 3.676440041415293680e-02 8.445169195950869012e-03
3.190000000000000000e+02 3.860262043486058225e-02 8.367427655748410631e-03
3.200000000000000000e+02 4.044084045556822771e-02 8.289686115545955719e-03
3.210000000000000000e+02 4.227906047627587316e-02 8.211944575343497338e-03
3.220000000000000000e+02 4.411728049698351861e-02 8.134203035141042426e-03
3.230000000000000000e+02 4.595550051769117100e-02 8.056461494938585780e-03
3.240000000000000000e+02 4.779372053839881646e-02 7.978719954736129133e-03
3.250000000000000000e+02 4.963194055910646191e-02 7.900978414533672486e-03
3.260000000000000000e+02 5.147016057981410736e-02 7.823236874331215840e-03
3.270000000000000000e+02 5.330838060052175281e-02 7.745495334128759193e-03
3.280000000000000000e+02 5.514660062122940520e-02 7.667753793926302547e-03
3.290000000000000000e+02 5.698482064193705066e-02 7.590012253723845900e-03
3.300000000000000000e+02 5.882304066264469611e-02 7.512270713521389254e-03
3.310000000000000000e+02 6.066126068335234156e-02 7.434529173318932607e-03
3.320000000000000000e+02 6.249948070405998701e-02 7.356787633116475961e-03
3.330000000000000000e+02 6.433770072476763247e-02 7.279046092914019314e-03
3.340000000000000000e+02 6.617592074547527792e-02 7.201304552711562668e-03
3.350000000000000000e+02 6.801414076618292337e-02 7.123563012509106021e-03
3.360000000000000000e+02 6.985236078689058270e-02 7.045821472306649375e-03
3.370000000000000000e+02 7.169058080759822815e-02 6.968079932104192728e-03
3.380000000000000000e+02 7.352880082830587360e-02 6.890338391901736081e-03
3.390000000000000000e+02 7.536702084901351906e-02 6.812596851699279435e-03
3.400000000000000000e+02 7.720524086972116451e-02 6.734855311496822788e-03
3.410000000000000000e+02 6.933032323872308222e-02 8.052443007110419299e-03
3.420000000000000000e+02 6.303027971275398933e-02 4.559276395255649518e-03
3.430000000000000000e+02 6.277034599566377882e-02 5.587359625106662689e-03
3.440000000000000000e+02 6.307784825837953191e-02 4.394134619783714862e-03
3.450000000000000000e+02 6.591971235851484812e-02 2.812709578640097685e-03
3.460000000000000000e+02 6.873335276918782211e-02 3.359987747554775070e-03
3.470000000000000000e+02 7.086777355444863480e-02 2.126340285551786211e-03
3.480000000000000000e+02 7.356341142529808363e-02 2.623895173586716402e-03
3.490000000000000000e+02 7.571980127427525853e-02 2.361626593400490120e-03
3.500000000000000000e+02 7.850929546473348064e-02 1.618579613692755449e-03
3.510000000000000000e+02 8.130069422056133976e-02 2.045906822971324882e-03
3.520000000000000000e+02 8.318575154741156275e-02 1.440505202909664025e-03
3.530000000000000000e+02 8.494994408826546384e-02 1.855945306911380545e-03
3.540000000000000000e+02 8.424000913719420502e-02 1.314172775458103066e-03
3.550000000000000000e+02 8.393199213438994055e-02 1.701282091235755420e-03
3.560000000000000000e+02 8.345747007946496820e-02 1.626697605145988089e-03
3.570000000000000000e+02 8.550171918334864563e-02 1.227498976736687668e-03
3.580000000000000000e+02 8.527326911387256292e-02 1.583117970952950407e-03
3.590000000000000000e+02 8.455000420424244045e-02 1.182853892653398667e-03
3.600000000000000000e+02 8.302052843929744186e-02 1.530457606370610448e-03
3.610000000000000000e+02 7.598947900898503360e-02 1.357952162221252651e-03
3.620000000000000000e+02 9.723428384847737638e-02 1.509168040479245574e-03
3.630000000000000000e+02 1.319216834091002100e-01 4.195635862110744414e-03
3.640000000000000000e+02 1.771981500878761495e-01 2.095129363360495166e-03
3.650000000000000000e+02 1.982788352143539934e-01 2.979076914214687233e-03
3.660000000000000000e+02 2.002911049063130777e-01 2.482071596888982875e-03
3.670000000000000000e+02 2.005157141530926057e-01 2.511917886450689991e-03
3.680000000000000000e+02 1.960595199159846092e-01 2.521824293386916958e-03
3.690000000000000000e+02 1.997779377611634821e-01 2.457480853888091479e-03
3.700000000000000000e+02 2.003835584366309708e-01 2.508812618190929891e-03
3.710000000000000000e+02 2.007309307491005612e-01 2.615617571270891905e-03
3.720000000000000000e+02 2.063143217824601749e-01 2.823647540964796272e-03
3.730000000000000000e+02 2.183764837569888984e-01 2.621642557195292926e-03
3.740000000000000000e+02 2.286429059139357678e-01 2.784953261572741933e-03
3.750000000000000000e+02 2.353845485732548592e-01 2.981326243996081440e-03
3.760000000000000000e+02 2.282626010573935993e-01 2.566672897000899650e-03
3.770000000000000000e+02 2.250142482362174068e-01 2.812708220196425898e-03
3.780000000000000000e+02 2.321148304559242370e-01 2.627723237982925678e-03
3.790000000000000000e+02 2.426020565591241462e-01 2.674464283321749836e-03
3.800000000000000000e+02 2.552465984206578886e-01 3.074130742655817056e-03
3.810000000000000000e+02 2.511454249206684919e-01 2.721492214374762134e-03
3.820000000000000000e+02 2.805845500166946893e-01 4.265963252744796666e-03
3.830000000000000000e+02 3.046677712478591538e-01 4.089431956844435424e-03
3.840000000000000000e+02 3.228222349788730794e-01 3.507630885089697576e-03
3.850000000000000000e+02 3.103376622988268663e-01 3.337721697650416260e-03
3.860000000000000000e+02 3.005183711365638777e-01 3.242623881027700047e-03
3.870000000000000000e+02 3.121889347110975432e-01 3.988261474947227270e-03
3.880000000000000000e+02 3.206122165998374629e-01 3.409232393726211244e-03
3.890000000000000000e+02 3.158245207050673353e-01 3.518820301488706590e-03
3.900000000000000000e+02 3.255324538355554020e-01 3.609440261842617251e-03
3.910000000000000000e+02 3.314983166231555423e-01 3.679318373584968948e-03
3.920000000000000000e+02 3.374069374343068861e-01 3.699904539127109229e-03
3.930000000000000000e+02 3.438879152813718587e-01 4.442542763746268331e-03
3.940000000000000000e+02 3.462890442892238019e-01 4.203706862773032467e-03
3.950000000000000000e+02 3.493894513634030474e-01 3.785267168954814694e-03
3.960000000000000000e+02 3.538104554247838429e-01 4.628080289124614569e-03
3.970000000000000000e+02 3.582850528025066650e-01 4.147163846891856707e-03
3.980000000000000000e+02 3.617314901042487651e-01 3.735612903058202136e-03
3.990000000000000000e+02 3.646880639809261804e-01 3.773019514517717346e-03
4.000000000000000000e+02 3.701781188693132885e-01 3.801751006017251282e-03
4.010000000000000000e+02 3.762444665945626765e-01 3.878338310238629329e-03
4.020000000000000000e+02 3.819773290644596364e-01 3.930348548676413506e-03
4.030000000000000000e+02 3.857420558104044939e-01 3.950011878623651933e-03
4.040000000000000000e+02 3.889652169705054563e-01 3.981898542996986992e-03
4.050000000000000000e+02 3.921883781306063632e-01 4.013785207370322052e-03
4.060000000000000000e+02 3.954115392907073256e-01 4.045671871743656244e-03
4.070000000000000000e+02 3.986347004508082326e-01 4.077558536116991303e-03
4.080000000000000000e+02 4.018578616109091950e-01 4.109445200490326362e-03
4.090000000000000000e+02 4.050810227710101574e-01 4.141331864863661422e-03
4.100000000000000000e+02 4.083041839311110643e-01 4.173218529236995614e-03
4.110000000000000000e+02 4.115273450912120268e-01 4.205105193610330673e-03
4.120000000000000000e+02 4.147505062513129892e-01 4.236991857983665732e-03
4.130000000000000000e+02 4.179736674114138961e-01 4.268878522357000792e-03
4.140000000000000000e+02 4.211968285715148586e-01 4.300765186730334984e-03
4.150000000000000000e+02 4.244199897316157655e-01 4.332651851103670043e-03
4.160000000000000000e+02 4.276431508917167279e-01 4.364538515477005103e-03
4.170000000000000000e+02 4.303626946122544594e-01 4.377934405260517844e-03
4.180000000000000000e+02 4.337556631035723309e-01 4.424804939558217749e-03
4.190000000000000000e+02 4.382985962756760223e-01 4.469632797330162256e-03
4.200000000000000000e+02 4.413836318586459861e-01 4.489579110577026320e-03
4.210000000000000000e+02 4.422145186018110463e-01 4.509270156304510252e-03
4.220000000000000000e+02 4.431988400393361838e-01 4.506350500686747383e-03
4.230000000000000000e+02 4.466298696607989838e-01 4.553265998676289152e-03
4.240000000000000000e+02 4.514525997941581381e-01 4.601474526601331480e-03
4.250000000000000000e+02 4.539112196478359840e-01 4.615525506660760752e-03
4.260000000000000000e+02 4.559754413965542152e-01 4.648852287394157276e-03
4.270000000000000000e+02 4.575373994985701964e-01 4.652271226162448502e-03
4.280000000000000000e+02 4.592960409800171950e-01 4.669462686116229028e-03
4.290000000000000000e+02 4.610546824614641936e-01 4.686654146070008686e-03
4.300000000000000000e+02 4.628133239429111923e-01 4.703845606023789212e-03
4.310000000000000000e+02 4.645719654243581354e-01 4.721037065977568871e-03
4.320000000000000000e+02 4.663306069058051340e-01 4.738228525931349397e-03
4.330000000000000000e+02 4.680892483872521326e-01 4.755419985885129056e-03
4.340000000000000000e+02 4.698478898686991312e-01 4.772611445838909582e-03
4.350000000000000000e+02 4.716065313501461298e-01 4.789802905792689240e-03
4.360000000000000000e+02 4.733651728315931284e-01 4.806994365746469766e-03
4.370000000000000000e+02 4.751238143130400715e-01 4.824185825700249425e-03
4.380000000000000000e+02 4.768824557944870701e-01 4.841377285654029951e-03
4.390000000000000000e+02 4.786410972759340687e-01 4.858568745607809609e-03
4.400000000000000000e+02 4.803997387573810673e-01 4.875760205561590135e-03
4.410000000000000000e+02 4.808849827413312905e-01 4.871495327988585936e-03
4.420000000000000000e+02 4.833090718024458665e-01 4.901396771620799946e-03
4.430000000000000000e+02 4.870528115034213346e-01 4.939275703925763948e-03
4.440000000000000000e+02 4.881427841703018244e-01 4.941104899158108195e-03
4.450000000000000000e+02 4.874620465560703941e-01 4.957152330199821738e-03
4.460000000000000000e+02 4.884787525084270388e-01 4.961567105553533856e-03
4.470000000000000000e+02 4.900363472582630053e-01 4.966149885151871501e-03
4.480000000000000000e+02 4.918682129563235472e-01 4.982914042651586002e-03
4.490000000000000000e+02 4.930437054702727639e-01 4.989027066643650712e-03
4.500000000000000000e+02 4.937758472860409587e-01 5.002074423205195297e-03
4.510000000000000000e+02 4.941707085979357705e-01 4.999975929767522774e-03
4.520000000000000000e+02 4.947114616896767236e-01 5.010840454763022291e-03
4.530000000000000000e+02 4.957295054610765250e-01 5.015528326897289620e-03
4.540000000000000000e+02 4.971282808534112085e-01 5.032946918794990558e-03
4.550000000000000000e+02 4.981405728412541256e-01 5.043674941739831677e-03
4.560000000000000000e+02 4.981816249665289575e-01 5.037586439178265083e-03
4.570000000000000000e+02 4.981314175035774783e-01 5.042850863635500551e-03
4.580000000000000000e+02 4.986993896550903083e-01 5.041764852276528659e-03
4.590000000000000000e+02 4.997065441759897531e-01 5.057016673953851175e-03
4.600000000000000000e+02 5.011674776171831658e-01 5.070468144915822248e-03
4.610000000000000000e+02 5.027849932403627431e-01 5.082908628111125308e-03
4.620000000000000000e+02 5.043454388090061746e-01 5.103610420529735778e-03
4.630000000000000000e+02 5.048860564738909540e-01 5.103730414887651043e-03
4.640000000000000000e+02 5.048479265287294515e-01 5.108512961561045146e-03
4.650000000000000000e+02 5.052467538412015458e-01 5.108103960023533882e-03
4.660000000000000000e+02 5.061581630025685508e-01 5.120535149435729259e-03
4.670000000000000000e+02 5.072987772467431045e-01 5.132820738110919351e-03
4.680000000000000000e+02 5.082775644757671074e-01 5.136866063969446408e-03
4.690000000000000000e+02 5.091226911992203785e-01 5.150977467202447896e-03
4.700000000000000000e+02 5.096662362221462406e-01 5.150837892050886407e-03
4.710000000000000000e+02 5.104651245185508612e-01 5.161790063355635276e-03
4.720000000000000000e+02 5.114710220695229959e-01 5.171591053475586494e-03
4.730000000000000000e+02 5.119789291652530050e-01 5.172226200655065734e-03
4.740000000000000000e+02 5.113817971627250270e-01 5.169840454599282896e-03
4.750000000000000000e+02 5.123359893740689897e-01 5.174127104959317866e-03
4.760000000000000000e+02 5.151930738989123348e-01 5.207402330038716706e-03
4.770000000000000000e+02 5.158341076979435780e-01 5.209363113081192688e-03
4.780000000000000000e+02 5.159172174467109295e-01 5.212892493474395247e-03
4.790000000000000000e+02 5.166776889328750233e-01 5.221562673251131832e-03
4.800000000000000000e+02 5.171104978332961011e-01 5.225575323278874688e-03
4.810000000000000000e+02 5.175433067337170678e-01 5.229587973306617545e-03
4.820000000000000000e+02 5.179761156341381456e-01 5.233600623334360401e-03
4.830000000000000000e+02 5.184089245345592234e-01 5.237613273362103257e-03
4.840000000000000000e+02 5.188417334349801902e-01 5.241625923389846113e-03
4.850000000000000000e+02 5.192745423354012679e-01 5.245638573417588969e-03
4.860000000000000000e+02 5.197073512358223457e-01 5.249651223445331825e-03
4.870000000000000000e+02 5.201401601362434235e-01 5.253663873473074682e-03
4.880000000000000000e+02 5.205729690366643903e-01 5.257676523500817538e-03
4.890000000000000000e+02 5.210057779370854680e-01 5.261689173528560394e-03
4.900000000000000000e+02 5.214385868375065458e-01 5.265701823556303250e-03
4.910000000000000000e+02 5.218713957379275126e-01 5.269714473584046106e-03
4.920000000000000000e+02 5.223042046383485904e-01 5.273727123611788963e-03
4.930000000000000000e+02 5.232677068296919254e-01 5.288527701981003172e-03
4.940000000000000000e+02 5.249052669072349353e-01 5.299923121282455220e-03
4.950000000000000000e+02 5.265511259231052676e-01 5.319674131614466651e-03
4.960000000000000000e+02 5.260901763294667521e-01 5.315419003045919466e-03
4.970000000000000000e+02 5.247792075985472371e-01 5.298745605571095543e-03
4.980000000000000000e+02 5.252785392200829406e-01 5.308544491538108936e-03
4.990000000000000000e+02 5.257292331991333389e-01 5.308669278614308075e-03
5.000000000000000000e+02 5.261366980251563907e-01 5.317711416166417439e-03
5.010000000000000000e+02 5.261141238530503417e-01 5.313347417842851847e-03
5.020000000000000000e+02 5.257778668076058537e-01 5.312816068604550579e-03
5.030000000000000000e+02 5.255002381303215397e-01 5.310659900660306444e-03
5.040000000000000000e+02 5.257025502103068737e-01 5.307280816238277646e-03
5.050000000000000000e+02 5.255284379960072361e-01 5.310322744579299391e-03
5.060000000000000000e+02 5.269350994169336166e-01 5.319591425548747532e-03
5.070000000000000000e+02 5.286936895501905820e-01 5.339980952628334970e-03
5.080000000000000000e+02 5.289012521833329483e-01 5.342173898079894713e-03
5.090000000000000000e+02 5.289739899191365780e-01 5.339593239408716926e-03
5.100000000000000000e+02 5.290384966879223549e-01 5.344539722655959092e-03
5.110000000000000000e+02 5.288197277176881483e-01 5.339520116064690354e-03
5.120000000000000000e+02 5.284309064268075673e-01 5.338484821227966817e-03
5.130000000000000000e+02 5.280499304545280825e-01 5.332180882523264269e-03
5.140000000000000000e+02 5.273622441337317834e-01 5.328763858942752243e-03
5.150000000000000000e+02 5.268398791516843982e-01 5.325050481422691218e-03
5.160000000000000000e+02 5.285432825886963171e-01 5.337467872695072710e-03
5.170000000000000000e+02 5.306305755175703132e-01 5.372320702910555155e-03
5.180000000000000000e+02 5.301726799229981024e-01 5.354432709780041280e-03
5.190000000000000000e+02 5.300380991220703386e-01 5.355502594273690853e-03
5.200000000000000000e+02 5.301047155581006809e-01 5.352582967216193248e-03
5.210000000000000000e+02 5.297201001190271485e-01 5.350986967013322999e-03
5.220000000000000000e+02 5.310523803777564833e-01 5.364935849394929755e-03
5.230000000000000000e+02 5.327716611474700992e-01 5.378727152406004297e-03
5.240000000000000000e+02 5.332314970204007354e-01 5.384760497951049905e-03
5.250000000000000000e+02 5.332212492879903065e-01 5.381881268415529204e-03
5.260000000000000000e+02 5.341293911084266099e-01 5.399386474863147010e-03
5.270000000000000000e+02 5.338614997976220966e-01 5.397181680275381192e-03
5.280000000000000000e+02 5.326831744329845186e-01 5.374737302254073423e-03
5.290000000000000000e+02 5.335940962848602087e-01 5.387650547508908774e-03
5.300000000000000000e+02 5.350718143944456218e-01 5.399639468076238707e-03
5.310000000000000000e+02 5.363280506695169425e-01 5.413696374897404746e-03
5.320000000000000000e+02 5.372386851574614264e-01 5.420335137820145137e-03
5.330000000000000000e+02 5.377870147953963675e-01 5.427685145834612417e-03
5.340000000000000000e+02 5.384047919966347129e-01 5.434705285703296702e-03
5.350000000000000000e+02 5.395001959181029427e-01 5.443120281730658844e-03
5.360000000000000000e+02 5.404180555564978006e-01 5.453728067090908051e-03
5.370000000000000000e+02 5.401034455994533356e-01 5.448772636779587557e-03
5.380000000000000000e+02 5.395324445860502083e-01 5.445178907386391889e-03
5.390000000000000000e+02 5.406086053907301903e-01 5.457719878167641668e-03
5.400000000000000000e+02 5.415758437861180052e-01 5.464314143945519196e-03
5.410000000000000000e+02 5.424152446344687739e-01 5.477044914900916668e-03
5.420000000000000000e+02 5.436098347100839501e-01 5.486591040485791666e-03
5.430000000000000000e+02 5.438439749570888049e-01 5.490273028789760014e-03
5.440000000000000000e+02 5.434685080716179506e-01 5.484921298903536711e-03
5.450000000000000000e+02 5.438008392746003228e-01 5.491991564327385923e-03
5.460000000000000000e+02 5.450396628950830991e-01 5.507982566481203768e-03
5.470000000000000000e+02 5.460615905783212654e-01 5.515867822130426056e-03
5.480000000000000000e+02 5.469982441529642747e-01 5.531483154980611043e-03
5.490000000000000000e+02 5.483708256858768060e-01 5.541581525360704009e-03
5.500000000000000000e+02 5.487543838307931132e-01 5.547898077143742675e-03
5.510000000000000000e+02 5.486440901145678284e-01 5.544741142918850965e-03
5.520000000000000000e+02 5.488708843566695306e-01 5.549514297833096910e-03
5.530000000000000000e+02 5.493382739638981160e-01 5.555793439202084266e-03
5.540000000000000000e+02 5.500805714471991292e-01 5.560410968011968331e-03
5.550000000000000000e+02 5.509815964552935430e-01 5.571732325160454365e-03
5.560000000000000000e+02 5.516901127510995817e-01 5.576884082107685069e-03
5.570000000000000000e+02 5.522529497571109225e-01 5.585279316159388018e-03
5.580000000000000000e+02 5.527399065588450844e-01 5.591851722378248478e-03
5.590000000000000000e+02 5.532644879213802769e-01 5.592456896752716344e-03
5.600000000000000000e+02 5.542454562906756754e-01 5.607582029422237060e-03
5.610000000000000000e+02 5.551421015886424115e-01 5.613748187004254965e-03
5.620000000000000000e+02 5.557215480653883155e-01 5.621842390960838515e-03
5.630000000000000000e+02 5.561523888538482119e-01 5.624045219380086405e-03
5.640000000000000000e+02 5.566161030173837343e-01 5.631165248496781787e-03
5.650000000000000000e+02 5.576974627105365512e-01 5.643547044018006748e-03
5.660000000000000000e+02 5.587891425512652166e-01 5.650635796221537693e-03
5.670000000000000000e+02 5.594158900029003734e-01 5.660058739610730229e-03
5.680000000000000000e+02 5.602161442746000919e-01 5.665098847853848249e-03
5.690000000000000000e+02 5.608671700734636500e-01 5.674258222542957752e-03
5.700000000000000000e+02 5.611968539890679342e-01 5.675964503333651157e-03
5.710000000000000000e+02 5.618278887124492638e-01 5.682887322514738188e-03
5.720000000000000000e+02 5.623492163977771297e-01 5.690141903810346999e-03
5.730000000000000000e+02 5.628492185475278964e-01 5.691919720106002750e-03
5.740000000000000000e+02 5.634781212278993090e-01 5.700133762236078531e-03
5.750000000000000000e+02 5.643495075097537672e-01 5.706393911484750232e-03
5.760000000000000000e+02 5.652368018415879769e-01 5.717404344527211163e-03
5.770000000000000000e+02 5.656532852549018831e-01 5.720150479959273948e-03
5.780000000000000000e+02 5.668142375952750500e-01 5.732555465053550646e-03
5.790000000000000000e+02 5.686840159154915586e-01 5.753603607195349919e-03
5.800000000000000000e+02 5.696063613648929547e-01 5.759673506964847582e-03
5.810000000000000000e+02 5.697304155832986217e-01 5.762675745214931519e-03
5.820000000000000000e+02 5.698859232248119078e-01 5.761846108089154102e-03
5.830000000000000000e+02 5.702703705123006728e-01 5.767742676054745353e-03
5.840000000000000000e+02 5.705716971910734792e-01 5.772077761170008557e-03
5.850000000000000000e+02 5.707119324916116732e-01 5.769884683314539797e-03
5.860000000000000000e+02 5.704145092909850279e-01 5.769873566001130528e-03
5.870000000000000000e+02 5.701949205831088330e-01 5.765325320037448763e-03
5.880000000000000000e+02 5.702974411692400825e-01 5.768773559501670298e-03
5.890000000000000000e+02 5.701925516546231254e-01 5.774879513193788803e-03
5.900000000000000000e+02 5.700398657570984184e-01 5.766305649891934754e-03
5.910000000000000000e+02 5.698871798595734894e-01 5.766487584171437614e-03
5.920000000000000000e+02 5.697344939620485604e-01 5.762101948659569678e-03
5.930000000000000000e+02 5.695818080645237425e-01 5.762788672514346754e-03
5.940000000000000000e+02 5.694291221669988134e-01 5.759423071978699536e-03
5.950000000000000000e+02 5.692764362694738844e-01 5.760198100500252445e-03
5.960000000000000000e+02 5.691237503719490665e-01 5.757047802130225468e-03
5.970000000000000000e+02 5.689710644744241375e-01 5.757484389772389057e-03
5.980000000000000000e+02 5.688183785768992085e-01 5.755647505465527093e-03
5.990000000000000000e+02 5.686656926793742795e-01 5.752044696475821887e-03
6.000000000000000000e+02 5.923611834072708415e-01 5.991694861278113599e-03
6.010000000000000000e+02 5.928309603832552233e-01 5.992372222717403697e-03
6.020000000000000000e+02 5.933007373592394940e-01 5.998772123599930076e-03
6.030000000000000000e+02 5.937705143352238757e-01 6.001670628975544139e-03
6.040000000000000000e+02 5.942402913112081464e-01 6.007855768861495617e-03
6.050000000000000000e+02 5.947100682871925281e-01 6.012449246965017452e-03
6.060000000000000000e+02 5.951798452631767988e-01 6.015860767823971549e-03
6.070000000000000000e+02 5.956496222391611806e-01 6.022392587895942541e-03
6.080000000000000000e+02 5.961193992151455623e-01 6.025190131659086991e-03
6.090000000000000000e+02 5.965891761911298330e-01 6.032487671676528204e-03
6.100000000000000000e+02 5.970589531671141037e-01 6.039152060165179151e-03
6.110000000000000000e+02 5.977511142992845139e-01 6.042467120601188908e-03
6.120000000000000000e+02 5.979818776974713534e-01 6.047988919057168712e-03
6.130000000000000000e+02 5.981335516469604707e-01 6.046954780837660373e-03
6.140000000000000000e+02 5.986268553493863109e-01 6.054203806426110106e-03
6.150000000000000000e+02 5.992928928359723129e-01 6.059419866135121874e-03
6.160000000000000000e+02 5.996678864775956130e-01 6.063479401955732678e-03
6.170000000000000000e+02 5.998625078752816142e-01 6.067452516065468225e-03
6.180000000000000000e+02 6.001132494415976071e-01 6.066665276993056695e-03
6.190000000000000000e+02 6.001771429310737149e-01 6.068978247895379617e-03
6.200000000000000000e+02 6.003845827171108152e-01 6.068902906840245408e-03
6.210000000000000000e+02 6.010910159486003712e-01 6.078198439129278881e-03
6.220000000000000000e+02 6.020377448885607663e-01 6.086687733708557799e-03
6.230000000000000000e+02 6.028429160463601999e-01 6.096678278617405529e-03
6.240000000000000000e+02 6.033947024777622792e-01 6.101918324998695069e-03
6.250000000000000000e+02 6.040022552600730066e-01 6.106648757102051302e-03
6.260000000000000000e+02 6.046554019725509654e-01 6.115082073624661906e-03
6.270000000000000000e+02 6.047685556395921980e-01 6.114483195114824021e-03
6.280000000000000000e+02 6.049152165405932147e-01 6.118168324174592769e-03
6.290000000000000000e+02 6.056511264681616602e-01 6.124039396025955477e-03
6.300000000000000000e+02 6.067974436595778842e-01 6.136917049865932977e-03
6.310000000000000000e+02 6.081760096939928806e-01 6.150050422002138750e-03
6.320000000000000000e+02 6.092748333366917457e-01 6.159183511742065756e-03
6.330000000000000000e+02 6.101427791987912297e-01 6.169093858474239238e-03
6.340000000000000000e+02 6.111617700892015836e-01 6.177157381498255689e-03
6.350000000000000000e+02 6.119943870900076410e-01 6.187241462154893790e-03
6.360000000000000000e+02 6.126211411282348474e-01 6.191767401587859251e-03
6.370000000000000000e+02 6.133522673732368924e-01 6.200497340930642351e-03
6.380000000000000000e+02 6.140373011694518768e-01 6.206970741371246533e-03
6.390000000000000000e+02 6.147823864347624623e-01 6.212858880493865241e-03
6.400000000000000000e+02 6.152920510697166279e-01 6.219338714565162719e-03
6.410000000000000000e+02 6.156176791034947415e-01 6.220461146228893623e-03
6.420000000000000000e+02 6.158005344436152662e-01 6.225697533756863883e-03
6.430000000000000000e+02 6.153749912534767219e-01 6.217463295889313381e-03
6.440000000000000000e+02 6.144181139028753735e-01 6.210628555156633493e-03
6.450000000000000000e+02 6.144964632817415673e-01 6.211442424323396043e-03
6.460000000000000000e+02 6.160202780906771647e-01 6.225872375337027434e-03
6.470000000000000000e+02 6.170032861037625382e-01 6.237607447501728429e-03
6.480000000000000000e+02 6.176040168956763443e-01 6.242846974451828936e-03
6.490000000000000000e+02 6.185455129775098149e-01 6.254458622874793476e-03
6.500000000000000000e+02 6.193989971883222534e-01 6.263134034142963692e-03
6.510000000000000000e+02 6.202524813991348029e-01 6.271809445411133908e-03
6.520000000000000000e+02 6.211059656099472415e-01 6.280484856679304125e-03
6.530000000000000000e+02 6.219594498207597910e-01 6.289160267947474341e-03
6.540000000000000000e+02 6.228129340315722295e-01 6.297835679215644557e-03
6.550000000000000000e+02 6.236664182423846681e-01 6.306511090483814773e-03
6.560000000000000000e+02 6.245199024531972176e-01 6.315186501751984122e-03
6.570000000000000000e+02 6.253733866640096561e-01 6.323861913020154338e-03
6.580000000000000000e+02 6.262268708748220947e-01 6.332537324288324554e-03
6.590000000000000000e+02 6.270803550856346442e-01 6.341212735556494770e-03
6.600000000000000000e+02 6.279338392964470827e-01 6.349888146824664986e-03
6.610000000000000000e+02 6.287873235072596323e-01 6.358563558092835202e-03
6.620000000000000000e+02 6.296408077180720708e-01 6.367238969361005418e-03
6.630000000000000000e+02 6.307747121583345828e-01 6.533455109338649758e-03
6.640000000000000000e+02 6.323813561544079365e-01 6.544904739287120930e-03
6.650000000000000000e+02 6.345971481850677387e-01 6.548447911296510250e-03
6.660000000000000000e+02 6.358877943785146147e-01 6.664058888358673563e-03
6.670000000000000000e+02 6.356414189614303378e-01 6.558539071673911112e-03
6.680000000000000000e+02 6.358731469713942985e-01 6.438570383235381160e-03
6.690000000000000000e+02 6.366748630824342614e-01 6.438515588139529823e-03
6.700000000000000000e+02 6.371326243337055439e-01 6.440091577584894193e-03
6.710000000000000000e+02 6.374568509163209828e-01 6.443456107217714057e-03
6.720000000000000000e+02 6.378127184981448039e-01 6.445821334190774896e-03
6.730000000000000000e+02 6.379956898684751021e-01 6.448581924849388150e-03
6.740000000000000000e+02 6.372642852438584748e-01 6.438833652970176770e-03
6.750000000000000000e+02 6.354118704733336953e-01 6.421438174350391562e-03
6.760000000000000000e+02 6.372412109906627764e-01 6.438860293714957113e-03
6.770000000000000000e+02 6.403389610688402511e-01 6.471742037063402640e-03
6.780000000000000000e+02 6.400824032451096768e-01 6.468897611095452381e-03
6.790000000000000000e+02 6.397736551975438113e-01 6.464844001612125336e-03
6.800000000000000000e+02 6.393001933307905782e-01 6.462115792968968313e-03
6.810000000000000000e+02 6.393110602134042253e-01 6.462675374122527419e-03
6.820000000000000000e+02 6.393219270960179834e-01 6.463234955276085658e-03
6.830000000000000000e+02 6.393327939786316305e-01 6.463794536429644765e-03
6.840000000000000000e+02 6.393436608612453886e-01 6.464354117583203004e-03
6.850000000000000000e+02 6.393545277438590357e-01 6.464913698736762110e-03
6.860000000000000000e+02 6.393653946264726828e-01 6.465473279890320349e-03
6.870000000000000000e+02 6.393762615090864410e-01 6.466032861043879455e-03
6.880000000000000000e+02 6.393871283917000881e-01 6.466592442197437694e-03
6.890000000000000000e+02 6.393979952743137352e-01 6.467152023350996801e-03
6.900000000000000000e+02 6.394088621569274933e-01 6.467711604504555040e-03
6.910000000000000000e+02 6.394197290395411404e-01 6.468271185658114146e-03
6.920000000000000000e+02 6.394305959221548985e-01 6.468830766811672385e-03
6.930000000000000000e+02 6.394414628047685456e-01 6.469390347965231491e-03
6.940000000000000000e+02 6.402854422146623259e-01 6.478326281611015286e-03
6.950000000000000000e+02 6.412755249384680667e-01 6.485178926206680225e-03
6.960000000000000000e+02 6.433150066204594841e-01 6.508615005172549602e-03
6.970000000000000000e+02 6.419885705887238281e-01 6.490907843515764802e-03
6.980000000000000000e+02 6.391595135307989173e-01 6.465314184055802500e-03
6.990000000000000000e+02 6.400855313969977534e-01 6.473853492129249577e-03
7.000000000000000000e+02 6.412115558789124314e-01 6.484189900177166760e-03
7.010000000000000000e+02 6.422755637614769864e-01 6.496594878458141799e-03
7.020000000000000000e+02 6.433708665217172662e-01 6.505710512437055081e-03
7.030000000000000000e+02 6.441779966840054383e-01 6.517586828214136721e-03
7.040000000000000000e+02 6.446993594747462142e-01 6.518913392810100731e-03
7.050000000000000000e+02 6.449303311934437843e-01 6.524018839798441209e-03
7.060000000000000000e+02 6.448816670427427455e-01 6.520560838808939740e-03
7.070000000000000000e+02 6.453971173402898165e-01 6.528977242009774244e-03
7.080000000000000000e+02 6.472732537158133459e-01 6.546683757376815967e-03
7.090000000000000000e+02 6.488193941352512484e-01 6.560436921675453191e-03
7.100000000000000000e+02 6.485817422744365457e-01 6.561762616501379958e-03
7.110000000000000000e+02 6.468827392086423655e-01 6.541207251535839304e-03
7.120000000000000000e+02 6.446763533203930807e-01 6.522400129753900579e-03
7.130000000000000000e+02 6.435044120614349383e-01 6.508285774135433646e-03
7.140000000000000000e+02 6.431510730956175870e-01 6.509742069515210214e-03
7.150000000000000000e+02 6.423419389115310185e-01 6.501661971341207713e-03
7.160000000000000000e+02 6.416499794738661500e-01 6.494217943731096787e-03
7.170000000000000000e+02 6.417289928100390339e-01 6.500862949219246220e-03
7.180000000000000000e+02 6.423072857420480952e-01 6.503609714023157046e-03
7.190000000000000000e+02 6.424118088665211612e-01 6.508458627443543254e-03
7.200000000000000000e+02 6.424927354440636007e-01 6.505978650633162733e-03
7.210000000000000000e+02 6.431303510543712187e-01 6.523745958917627659e-03
7.220000000000000000e+02 6.434475034806083071e-01 6.524791998554357528e-03
7.230000000000000000e+02 6.434904914752047622e-01 6.527620202499068332e-03
7.240000000000000000e+02 6.437807918208692248e-01 6.530994782862568210e-03
7.250000000000000000e+02 6.446407783475451847e-01 6.537148772575047777e-03
7.260000000000000000e+02 6.457015507460176496e-01 6.547502814864081776e-03
7.270000000000000000e+02 6.466791375003098086e-01 6.547853890388690042e-03
7.280000000000000000e+02 6.471729387567186631e-01 6.557099523765185997e-03
7.290000000000000000e+02 6.461755453443380759e-01 6.544394743029299799e-03
7.300000000000000000e+02 6.451249955774214229e-01 6.539654527344020661e-03
7.310000000000000000e+02 6.457088951779382802e-01 6.545062106340085104e-03
7.320000000000000000e+02 6.471314102593003215e-01 6.550240333416369742e-03
7.330000000000000000e+02 6.485154251625254718e-01 6.566315231557476838e-03
7.340000000000000000e+02 6.490872789420722988e-01 6.568930693565580570e-03
7.350000000000000000e+02 6.490982890070922107e-01 6.571990119031745174e-03
7.360000000000000000e+02 6.498857397078671161e-01 6.577690731994058869e-03
7.370000000000000000e+02 6.512127466719903612e-01 6.591654861470384354e-03
7.380000000000000000e+02 6.522316296286412296e-01 6.605344382790043559e-03
7.390000000000000000e+02 6.530935876901250436e-01 6.610626488653917332e-03
7.400000000000000000e+02 6.547512191370880030e-01 6.631084422304895677e-03
7.410000000000000000e+02 6.561861148810876898e-01 6.643599870729084353e-03
7.420000000000000000e+02 6.562722904003824853e-01 6.647687471796459753e-03
7.430000000000000000e+02 6.565801643508528684e-01 6.650396748889111573e-03
7.440000000000000000e+02 6.565738621047610968e-01 6.649113706165468880e-03
7.450000000000000000e+02 6.562474897470754742e-01 6.645427638427612617e-03
7.460000000000000000e+02 6.548890823885510359e-01 6.629585103233056123e-03
7.470000000000000000e+02 6.512479386691235606e-01 6.591883358696341497e-03
7.480000000000000000e+02 6.436013437294740847e-01 6.509432997372084986e-03
7.490000000000000000e+02 6.398468337517949633e-01 6.472253623679208832e-03
7.500000000000000000e+02 6.570651959871887104e-01 6.642418993848095594e-03
7.510000000000000000e+02 6.624227780592821802e-01 6.699340028751502724e-03
7.520000000000000000e+02 6.615999640508958279e-01 6.714809096021616408e-03
7.530000000000000000e+02 6.636345226995593594e-01 6.713203045527525378e-03
7.540000000000000000e+02 6.641080286731194660e-01 6.727540284516967881e-03
7.550000000000000000e+02 6.645815346466795726e-01 6.741877523506409516e-03
7.560000000000000000e+02 6.650550406202396791e-01 6.756214762495851150e-03
7.570000000000000000e+02 6.655285465937997857e-01 6.770552001485293653e-03
7.580000000000000000e+02 6.660020525673598923e-01 6.784889240474736155e-03
7.590000000000000000e+02 6.664755585409199989e-01 6.799226479464177790e-03
7.600000000000000000e+02 6.669490645144801055e-01 6.813563718453619425e-03
7.610000000000000000e+02 6.674225704880401011e-01 6.827900957443061927e-03
7.620000000000000000e+02 6.678960764616002077e-01 6.842238196432504430e-03
7.630000000000000000e+02 6.683695824351603143e-01 6.856575435421946065e-03
7.640000000000000000e+02 6.688430884087204209e-01 6.870912674411387699e-03
7.650000000000000000e+02 6.693165943822805275e-01 6.885249913400830202e-03
7.660000000000000000e+02 6.697901003558406341e-01 6.899587152390272704e-03
7.670000000000000000e+02 6.702636063294007407e-01 6.913924391379714339e-03
7.680000000000000000e+02 6.707371123029608473e-01 6.928261630369155974e-03
7.690000000000000000e+02 6.712106182765209539e-01 6.942598869358598476e-03
7.700000000000000000e+02 6.749365486373082312e-01 6.942991595352999458e-03
7.710000000000000000e+02 6.575090491996197217e-01 6.654995980175231265e-03
7.720000000000000000e+02 6.520676963135715321e-01 6.601492451742859736e-03
7.730000000000000000e+02 6.530962886682205593e-01 6.609649707774937176e-03
7.740000000000000000e+02 6.515798647543025179e-01 6.598281603645101030e-03
7.750000000000000000e+02 6.523732469348492158e-01 6.608377971801309911e-03
7.760000000000000000e+02 6.552105254166715742e-01 6.635773111310135780e-03
7.770000000000000000e+02 6.579134534403975332e-01 6.668179906814621430e-03
7.780000000000000000e+02 6.596006451047966568e-01 6.683179098426509160e-03
7.790000000000000000e+02 6.587786914130945304e-01 6.678029388871797867e-03
7.800000000000000000e+02 6.580615496731742065e-01 6.668642755215565231e-03
7.810000000000000000e+02 6.566037142732499277e-01 6.658147567299765868e-03
7.820000000000000000e+02 6.562604087350190074e-01 6.652629055240561438e-03
7.830000000000000000e+02 6.554977087279103554e-01 6.645591833036874896e-03
7.840000000000000000e+02 6.546797165473086100e-01 6.639958268759499523e-03
7.850000000000000000e+02 6.538397793576720129e-01 6.627815155152596074e-03
7.860000000000000000e+02 6.529815574837199987e-01 6.622140074073443877e-03
7.870000000000000000e+02 6.522845754378079342e-01 6.613282065318651370e-03
7.880000000000000000e+02 6.516201038950033553e-01 6.611024814083080528e-03
7.890000000000000000e+02 6.514762333315601284e-01 6.607650207844196349e-03
7.900000000000000000e+02 6.514950424024016362e-01 6.609239730404277251e-03
7.910000000000000000e+02 6.513719866052634089e-01 6.611212144284647589e-03
7.920000000000000000e+02 6.515044345335169185e-01 6.608498665407873743e-03
7.930000000000000000e+02 6.517810597587373467e-01 6.614458237331456714e-03
7.940000000000000000e+02 6.520927858722492809e-01 6.615269980995496651e-03
7.950000000000000000e+02 6.521652194450947571e-01 6.618317555296644034e-03
7.960000000000000000e+02 6.523307826243740504e-01 6.616526593720552067e-03
7.970000000000000000e+02 6.526562378930279573e-01 6.624000525474241924e-03
7.980000000000000000e+02 6.529099174563125496e-01 6.627168408448000370e-03
7.990000000000000000e+02 6.533118161205991870e-01 6.626450267405083194e-03
8.000000000000000000e+02 6.534502775051189705e-01 6.631805094455300517e-03
8.010000000000000000e+02 6.528329576736313644e-01 6.622373840020414314e-03
8.020000000000000000e+02 6.515568709721565321e-01 6.612410800461413288e-03
8.030000000000000000e+02 6.501418944764437713e-01 6.595737721902010346e-03
8.040000000000000000e+02 6.489812141195214767e-01 6.587504652720160142e-03
8.050000000000000000e+02 6.475620121448978361e-01 6.570583158056071335e-03
8.060000000000000000e+02 6.466249529679095609e-01 6.562393992610963608e-03
8.070000000000000000e+02 6.461608792899468101e-01 6.560957792272123848e-03
8.080000000000000000e+02 6.454336218279952408e-01 6.550413212364207538e-03
8.090000000000000000e+02 6.452155961487237024e-01 6.552224061793492788e-03
8.100000000000000000e+02 6.441743538226530896e-01 6.540807055739827729e-03
8.110000000000000000e+02 6.439900748482083603e-01 6.539741514139793196e-03
8.120000000000000000e+02 6.438057958737637421e-01 6.538675972539758664e-03
8.130000000000000000e+02 6.436215168993190128e-01 6.537610430939724132e-03
8.140000000000000000e+02 6.434372379248742835e-01 6.536544889339689600e-03
8.150000000000000000e+02 6.432529589504295542e-01 6.535479347739655068e-03
8.160000000000000000e+02 6.430686799759848249e-01 6.534413806139619668e-03
8.170000000000000000e+02 6.428844010015402066e-01 6.533348264539585136e-03
8.180000000000000000e+02 6.427001220270954773e-01 6.532282722939550604e-03
8.190000000000000000e+02 6.425158430526507480e-01 6.531217181339516072e-03
8.200000000000000000e+02 6.423315640782061298e-01 6.530151639739481539e-03
8.210000000000000000e+02 6.421472851037614005e-01 6.529086098139447007e-03
8.220000000000000000e+02 6.419630061293166712e-01 6.528020556539412475e-03
8.230000000000000000e+02 6.417787271548719419e-01 6.526955014939377943e-03
8.240000000000000000e+02 6.415944481804272126e-01 6.525889473339343411e-03
8.250000000000000000e+02 6.414101692059825943e-01 6.524823931739308011e-03
8.260000000000000000e+02 6.412258902315378650e-01 6.523758390139273479e-03
8.270000000000000000e+02 6.410416112570931357e-01 6.522692848539238947e-03
8.280000000000000000e+02 6.408573322826485175e-01 6.521627306939204415e-03
8.290000000000000000e+02 6.406730533082037882e-01 6.520561765339169882e-03
8.300000000000000000e+02 6.404887743337590589e-01 6.519496223739135350e-03
8.310000000000000000e+02 6.412141650984576335e-01 6.523997175888387318e-03
8.320000000000000000e+02 6.428391581529520060e-01 6.543420777865355774e-03
8.330000000000000000e+02 6.426357821582991958e-01 6.537570873715604566e-03
8.340000000000000000e+02 6.420939124255109487e-01 6.534651447682818595e-03
8.350000000000000000e+02 6.430907970750919800e-01 6.541149701774896449e-03
8.360000000000000000e+02 6.436577366556175406e-01 6.550500875805415936e-03
8.370000000000000000e+02 6.437113672757978078e-01 6.547972324537780324e-03
8.380000000000000000e+02 6.432048032332967624e-01 6.542069410696639206e-03
8.390000000000000000e+02 6.433688517736873003e-01 6.546560459510931788e-03
8.400000000000000000e+02 6.437365730862733004e-01 6.545832471524782453e-03
8.410000000000000000e+02 6.431185618371755286e-01 6.543088565234738210e-03
8.420000000000000000e+02 6.424709577476500622e-01 6.533214905799359859e-03
8.430000000000000000e+02 6.428091038882672859e-01 6.540204549345150949e-03
8.440000000000000000e+02 6.442557540642219749e-01 6.552803630066741242e-03
8.450000000000000000e+02 6.444640378753501153e-01 6.560600742275386754e-03
8.460000000000000000e+02 6.433042851978447718e-01 6.549621581817260431e-03
8.470000000000000000e+02 6.416702071092352799e-01 6.531738482728115767e-03
8.480000000000000000e+02 6.403487704715586926e-01 6.523945034483316120e-03
8.490000000000000000e+02 6.395320957968956277e-01 6.513554945294736109e-03
8.500000000000000000e+02 6.387009203931044432e-01 6.509752889152070274e-03
8.510000000000000000e+02 6.377433365865332604e-01 6.497239576323067534e-03
8.520000000000000000e+02 6.363657374410424117e-01 6.489242492704155353e-03
8.530000000000000000e+02 6.345801367995858033e-01 6.465667208988052153e-03
8.540000000000000000e+02 6.328917825540736342e-01 6.454277673420184651e-03
8.550000000000000000e+02 6.322227074734562136e-01 6.446100753737255516e-03
8.560000000000000000e+02 6.329477394518705502e-01 6.448597872468158840e-03
8.570000000000000000e+02 6.333844700314869014e-01 6.455645274222768064e-03
8.580000000000000000e+02 6.333608984597837166e-01 6.450901633868182973e-03
8.590000000000000000e+02 6.333538757299991273e-01 6.454282377144760288e-03
8.600000000000000000e+02 6.325733752170353830e-01 6.443100175685580015e-03
8.610000000000000000e+02 6.319014961866231683e-01 6.441831675196620262e-03
8.620000000000000000e+02 6.319942276119158153e-01 6.440854891025228623e-03
8.630000000000000000e+02 6.320335797216966034e-01 6.447193752708303173e-03
8.640000000000000000e+02 6.310059614431091646e-01 6.436449360921484876e-03
8.650000000000000000e+02 6.287324981575000971e-01 6.412490349184024434e-03
8.660000000000000000e+02 6.271672827893139957e-01 6.399862573559171597e-03
8.670000000000000000e+02 6.268974026506128894e-01 6.393836179969464642e-03
8.680000000000000000e+02 6.270769679431408283e-01 6.398083252426622729e-03
8.690000000000000000e+02 6.270101680194517524e-01 6.391423413607552964e-03
8.700000000000000000e+02 6.266471058784973680e-01 6.392382780730221196e-03
8.710000000000000000e+02 6.261040344543949976e-01 6.382926217342326999e-03
8.720000000000000000e+02 6.254691009244330857e-01 6.378375245308563757e-03
8.730000000000000000e+02 6.250811881933554526e-01 6.377251878741263362e-03
8.740000000000000000e+02 6.250099485631105400e-01 6.373505979874593587e-03
8.750000000000000000e+02 6.247046295791439663e-01 6.374356689371116040e-03
8.760000000000000000e+02 6.238998611752457624e-01 6.363207251062599594e-03
8.770000000000000000e+02 6.221114472459344791e-01 6.349923536609554907e-03
8.780000000000000000e+02 6.206160030096558033e-01 6.331216988072370204e-03
8.790000000000000000e+02 6.200238620900989650e-01 6.331553993716460861e-03
8.800000000000000000e+02 6.194317028272444681e-01 6.323829732655433279e-03
8.810000000000000000e+02 6.185840407498799376e-01 6.316944909604164243e-03
8.820000000000000000e+02 6.171468817521545969e-01 6.303977692086446850e-03
8.830000000000000000e+02 6.151278694659760848e-01 6.279240097830737603e-03
8.840000000000000000e+02 6.128780605636036105e-01 6.260887778189552430e-03
8.850000000000000000e+02 6.102488830918072482e-01 6.230513617252375971e-03
8.860000000000000000e+02 6.080308069143939287e-01 6.211176839204496369e-03
8.870000000000000000e+02 6.056881048427958936e-01 6.185760597986770561e-03
8.880000000000000000e+02 6.038138229091020159e-01 6.164753833361566633e-03
8.890000000000000000e+02 6.033569480982310385e-01 6.160541788248897858e-03
8.900000000000000000e+02 6.028651738750822053e-01 6.158131426160957066e-03
8.910000000000000000e+02 6.022689347775171953e-01 6.155900518377967895e-03
8.920000000000000000e+02 6.010045980470453131e-01 6.141344527841998378e-03
8.930000000000000000e+02 5.984719226295855954e-01 6.124511300273606344e-03
8.940000000000000000e+02 5.953337868139161326e-01 6.092754713652544750e-03
8.950000000000000000e+02 5.926275169738526305e-01 6.075257016843444748e-03
8.960000000000000000e+02 5.907972569792259154e-01 6.061592258516464507e-03
8.970000000000000000e+02 5.893036105831669369e-01 6.051328165007199660e-03
8.980000000000000000e+02 5.876739293346425752e-01 6.040851229477133336e-03
8.990000000000000000e+02 5.864930888156182354e-01 6.037823439799182637e-03
9.000000000000000000e+02 5.849362605682041361e-01 6.022167839854876761e-03
9.010000000000000000e+02 5.821265658277914312e-01 5.981040674379235582e-03
9.020000000000000000e+02 5.788433648683590782e-01 5.949741500750053112e-03
9.030000000000000000e+02 5.763633553401943388e-01 5.916418198149460059e-03
9.040000000000000000e+02 5.751067579210601410e-01 5.906781586881896216e-03
9.050000000000000000e+02 5.746484823474196091e-01 5.901530083761200550e-03
9.060000000000000000e+02 5.733376188949318442e-01 5.887144711559225141e-03
9.070000000000000000e+02 5.717241471669329833e-01 5.873725350146915582e-03
9.080000000000000000e+02 5.709652561199367593e-01 5.871257635333577800e-03
9.090000000000000000e+02 5.686126724893695306e-01 5.851891960138291479e-03
9.100000000000000000e+02 5.647107516477681832e-01 5.808643339486059542e-03
9.110000000000000000e+02 5.615988562248225291e-01 5.784841188466059367e-03
9.120000000000000000e+02 5.588710477966506440e-01 5.754177986902102651e-03
9.130000000000000000e+02 5.569867255096833114e-01 5.744346279465934769e-03
9.140000000000000000e+02 5.565623909714089157e-01 5.740682973757709438e-03
9.150000000000000000e+02 5.562114043477092151e-01 5.734987337324887191e-03
9.160000000000000000e+02 5.542239582792761743e-01 5.714979921133413708e-03
9.170000000000000000e+02 5.506490225969834507e-01 5.677818610235080624e-03
9.180000000000000000e+02 5.454303113900440536e-01 5.620917174879894000e-03
9.190000000000000000e+02 5.385395755121807904e-01 5.544016267019728078e-03
9.200000000000000000e+02 5.311444894170563868e-01 5.469122660154208948e-03
9.210000000000000000e+02 5.264797668342311443e-01 5.412983720836860371e-03
9.220000000000000000e+02 5.236731563480642171e-01 5.387310274434403343e-03
9.230000000000000000e+02 5.197757526594583011e-01 5.346751427908219556e-03
9.240000000000000000e+02 5.160477750617258330e-01 5.306772617694291948e-03
9.250000000000000000e+02 5.134808027686178500e-01 5.284027383288255469e-03
9.260000000000000000e+02 5.117798643312444495e-01 5.274388047361844127e-03
9.270000000000000000e+02 5.123871580342004295e-01 5.290493165724490833e-03
9.280000000000000000e+02 5.112705403959263428e-01 5.302656829156955111e-03
9.290000000000000000e+02 5.064163725120482962e-01 5.280570837587547119e-03
9.300000000000000000e+02 5.023687101105656083e-01 5.263956451335776235e-03
9.310000000000000000e+02 4.991459129803474948e-01 5.276453165055455807e-03
9.320000000000000000e+02 4.961839881175882372e-01 5.284825190123246946e-03
9.330000000000000000e+02 4.939169056946836056e-01 5.284168067309591606e-03
9.340000000000000000e+02 4.896353370593368171e-01 5.250624590201453425e-03
9.350000000000000000e+02 4.837038737512628916e-01 5.182914042508525616e-03
9.360000000000000000e+02 4.789244057909284868e-01 5.112891869256571721e-03
9.370000000000000000e+02 4.757274642110759233e-01 5.057276815344934236e-03
9.380000000000000000e+02 4.719812418083547678e-01 5.001186250293406139e-03
9.390000000000000000e+02 4.683925675092392993e-01 4.936372356804042544e-03
9.400000000000000000e+02 4.665490452312968106e-01 4.915276747500394589e-03
9.410000000000000000e+02 4.664134807054874932e-01 4.907250166990283734e-03
9.420000000000000000e+02 4.634168309332256652e-01 4.893968568800347377e-03
9.430000000000000000e+02 4.583736766046133115e-01 4.842364386169925941e-03
9.440000000000000000e+02 4.554974110525730757e-01 4.819246825236624815e-03
9.450000000000000000e+02 4.534301231363230822e-01 4.805011432713689190e-03
9.460000000000000000e+02 4.487136732827838315e-01 4.763348164704076480e-03
9.470000000000000000e+02 4.408548790964961772e-01 4.689519231743040188e-03
9.480000000000000000e+02 4.328556271202245731e-01 4.604327941437467119e-03
9.490000000000000000e+02 4.266307337172828285e-01 4.546883930986267072e-03
9.500000000000000000e+02 4.231507858286894241e-01 4.496654441412477853e-03
9.510000000000000000e+02 4.201875307483889377e-01 4.471911398493166705e-03
9.520000000000000000e+02 4.159610917117835815e-01 4.427256378003422907e-03
9.530000000000000000e+02 4.113495096870830037e-01 4.376802150752401831e-03
9.540000000000000000e+02 4.069524563194681366e-01 4.332884521769784017e-03
9.550000000000000000e+02 4.043593281163364583e-01 4.307473124919476704e-03
9.560000000000000000e+02 4.025112604331714805e-01 4.285784700543126928e-03
9.570000000000000000e+02 3.993671733925214240e-01 4.256896257066121458e-03
9.580000000000000000e+02 3.955514313797630632e-01 4.218378954810289919e-03
9.590000000000000000e+02 3.923371178821348226e-01 4.171088096705272141e-03
9.600000000000000000e+02 3.891527139580652772e-01 4.142045819047832610e-03
9.610000000000000000e+02 3.857363423885025178e-01 4.100344873289956532e-03
9.620000000000000000e+02 3.808279039104960351e-01 4.042374673485463199e-03
9.630000000000000000e+02 3.766148968586843782e-01 3.993984210822745448e-03
9.640000000000000000e+02 3.743029575254241403e-01 3.961969201438302751e-03
9.650000000000000000e+02 3.716014582338670880e-01 3.932184148521576141e-03
9.660000000000000000e+02 3.671255565809216637e-01 3.881441845957617990e-03
9.670000000000000000e+02 3.631896673849043800e-01 3.834890413451355704e-03
9.680000000000000000e+02 3.611320555913039576e-01 3.819259112506536834e-03
9.690000000000000000e+02 3.579639068210886954e-01 3.789978710948471372e-03
9.700000000000000000e+02 3.541539361373565731e-01 3.748641097312170080e-03
9.710000000000000000e+02 3.505501504802645552e-01 3.726393675165966257e-03
9.720000000000000000e+02 3.469827863740939100e-01 3.695770061211966183e-03
9.730000000000000000e+02 3.437279720531724037e-01 3.663446173190175632e-03
9.740000000000000000e+02 3.393257148050415895e-01 3.621232352629917290e-03
9.750000000000000000e+02 3.332771082943301599e-01 3.560975936014348139e-03
9.760000000000000000e+02 3.272647765611420567e-01 3.495922615985664218e-03
9.770000000000000000e+02 3.220894529290944663e-01 3.442184798554406237e-03
9.780000000000000000e+02 3.173295636788987517e-01 3.396941112829894843e-03
9.790000000000000000e+02 3.126613682499593261e-01 3.347410199518632400e-03
9.800000000000000000e+02 3.084159492285248882e-01 3.309182752518560408e-03
9.810000000000000000e+02 3.046635684034216807e-01 3.269919468375813432e-03
9.820000000000000000e+02 3.008041692058478489e-01 3.225898325699823061e-03
9.830000000000000000e+02 2.969020456849004175e-01 3.193533389645856948e-03
9.840000000000000000e+02 2.924648219154758477e-01 3.149280888751850721e-03
9.850000000000000000e+02 2.874242091999755222e-01 3.102111607517787223e-03
9.860000000000000000e+02 2.822607367481772545e-01 3.050498721836710208e-03
9.870000000000000000e+02 2.771253576664927665e-01 3.000175285136270388e-03
9.880000000000000000e+02 2.719713765632071345e-01 2.952290284966886669e-03
9.890000000000000000e+02 2.664611949824602366e-01 2.903226657502776687e-03
9.900000000000000000e+02 2.608200248285644229e-01 2.838591833149541228e-03
9.910000000000000000e+02 2.553650596721934729e-01 2.791687294429698665e-03
9.920000000000000000e+02 2.501322899731012184e-01 2.739604202521392102e-03
9.930000000000000000e+02 2.447370084088317521e-01 2.684664980919091413e-03
9.940000000000000000e+02 2.393884076992510157e-01 2.639218892148111929e-03
9.950000000000000000e+02 2.343070486103258632e-01 2.586337668586368311e-03
9.960000000000000000e+02 2.292858406424593265e-01 2.541185825518490864e-03
9.970000000000000000e+02 2.241810921733833617e-01 2.498642157598701587e-03
9.980000000000000000e+02 2.190153295515086251e-01 2.451360868837500727e-03
9.990000000000000000e+02 2.139569244306781248e-01 2.410497616035649302e-03
1.000000000000000000e+03 2.089355962237549880e-01 2.367626529885342914e-03
1.001000000000000000e+03 2.038593984561475336e-01 2.315234738087305899e-03
1.002000000000000000e+03 1.986901476204637196e-01 2.282075250605569445e-03
1.003000000000000000e+03 1.936024812232518544e-01 2.231861164256252611e-03
1.004000000000000000e+03 1.885494296292561656e-01 2.182085739163707513e-03
1.005000000000000000e+03 1.835016045265918105e-01 2.139456726951176422e-03
1.006000000000000000e+03 1.784407054958945804e-01 2.089016520805803395e-03
1.007000000000000000e+03 1.733913956739776552e-01 2.044621049799343407e-03
1.008000000000000000e+03 1.686209840089828993e-01 1.994910386076071632e-03
1.009000000000000000e+03 1.639469347219257023e-01 1.947831793270804208e-03
1.010000000000000000e+03 1.593048847159214687e-01 1.908628303600930958e-03
1.011000000000000000e+03 1.547940393643302270e-01 1.868971349350253674e-03
1.012000000000000000e+03 1.503200790833108258e-01 1.833628401568317134e-03
1.013000000000000000e+03 1.458677824806931811e-01 1.802579579169042052e-03
1.014000000000000000e+03 1.413214156401544908e-01 1.766952080401929274e-03
1.015000000000000000e+03 1.367974918336759549e-01 1.724748034980062589e-03
1.016000000000000000e+03 1.323767028262615719e-01 1.696581558052116844e-03
1.017000000000000000e+03 1.279818946034137761e-01 1.657353649340963892e-03
1.018000000000000000e+03 1.236892705252740227e-01 1.616097247234649136e-03
1.019000000000000000e+03 1.156882657577089357e-01 1.531297618528558273e-03
1.020000000000000000e+03 1.110661762783092255e-01 1.499060643689868093e-03
1.021000000000000000e+03 1.073632115598522480e-01 1.451809201010426922e-03
1.022000000000000000e+03 1.036602468413952566e-01 1.404557758330985968e-03
1.023000000000000000e+03 9.995728212293827908e-02 1.357306315651544797e-03
1.024000000000000000e+03 9.625431740448130158e-02 1.310054872972103842e-03
1.025000000000000000e+03 9.255135268602432408e-02 1.262803430292662671e-03
1.026000000000000000e+03 8.884838796756733270e-02 1.215551987613221717e-03
1.027000000000000000e+03 8.514542324911035520e-02 1.168300544933780546e-03
1.028000000000000000e+03 8.144245853065337770e-02 1.121049102254339591e-03
1.029000000000000000e+03 7.773949381219638632e-02 1.073797659574898420e-03
1.030000000000000000e+03 7.403652909373940882e-02 1.026546216895457466e-03
1.031000000000000000e+03 7.033356437528243132e-02 9.792947742160162949e-04
1.032000000000000000e+03 6.663059965682543995e-02 9.320433315365752322e-04
1.033000000000000000e+03 6.292763493836846245e-02 8.847918888571341695e-04
1.034000000000000000e+03 5.922467021991147801e-02 8.375404461776931068e-04
1.035000000000000000e+03 5.552170550145450051e-02 7.902890034982520441e-04
1.036000000000000000e+03 5.181874078299751607e-02 7.430375608188109814e-04
1.037000000000000000e+03 4.811577606454053857e-02 6.957861181393699187e-04
1.038000000000000000e+03 4.441281134608354719e-02 6.485346754599288560e-04
1.039000000000000000e+03 4.070984662762656969e-02 6.012832327804877933e-04
1.040000000000000000e+03 3.700688190916959219e-02 5.540317901010467306e-04
1.041000000000000000e+03 3.330391719071260082e-02 5.067803474216056678e-04
1.042000000000000000e+03 2.960095247225562332e-02 4.595289047421644967e-04
1.043000000000000000e+03 2.589798775379864582e-02 4.122774620627235424e-04
1.044000000000000000e+03 2.219502303534165444e-02 3.650260193832823713e-04
1.045000000000000000e+03 1.849205831688467694e-02 3.177745767038414170e-04
1.046000000000000000e+03 1.478909359842769944e-02 2.705231340244002459e-04
1.047000000000000000e+03 1.108612887997072194e-02 2.232716913449592916e-04
1.048000000000000000e+03 7.383164161513730561e-03 1.760202486655181205e-04
1.049000000000000000e+03 3.680199443056753061e-03 1.287688059860771662e-04
1.050000000000000000e+03 -2.276527540022409959e-05 8.151736330663598149e-05
1.051000000000000000e+03 -1.516494856324683593e-05 1.881988716484503949e-05
1.052000000000000000e+03 -8.968486393786217529e-06 1.000000000000000021e-02
1.053000000000000000e+03 -3.895569917825403595e-06 1.000000000000000021e-02
1.054000000000000000e+03 1.851350758777346132e-07 1.000000000000000021e-02
1.055000000000000000e+03 3.352252039818173108e-06 1.000000000000000021e-02
1.056000000000000000e+03 5.717962998634380204e-06 1.000000000000000021e-02
1.057000000000000000e+03 7.330824216436159223e-06 1.000000000000000021e-02
1.058000000000000000e+03 8.912196531681779572e-06 1.000000000000000021e-02
1.059000000000000000e+03 1.061766602396035843e-05 1.000000000000000021e-02
1.060000000000000000e+03 1.163217976170611710e-05 1.000000000000000021e-02
1.061000000000000000e+03 1.208587122301968175e-05 1.000000000000000021e-02
1.062000000000000000e+03 1.240143789917118188e-05 1.000000000000000021e-02
1.063000000000000000e+03 1.256064587070661121e-05 1.000000000000000021e-02
1.064000000000000000e+03 1.274538412934402784e-05 1.000000000000000021e-02
1.065000000000000000e+03 1.302176919485245846e-05 1.000000000000000021e-02
1.066000000000000000e+03 1.327668426725718469e-05 1.000000000000000021e-02
1.067000000000000000e+03 1.338986020194921504e-05 1.000000000000000021e-02
1.068000000000000000e+03 1.334037572669562034e-05 1.000000000000000021e-02
1.069000000000000000e+03 1.321835195646847713e-05 1.000000000000000021e-02
1.070000000000000000e+03 1.309118828992285033e-05 1.000000000000000021e-02
1.071000000000000000e+03 1.290255393410540553e-05 1.000000000000000021e-02
1.072000000000000000e+03 1.270418740759247161e-05 1.000000000000000021e-02
1.073000000000000000e+03 1.248875190710327269e-05 1.000000000000000021e-02
1.074000000000000000e+03 1.742184186418783108e-03 1.918765765619596378e-04
1.075000000000000000e+03 3.382908745779642477e-03 3.337247670703726932e-04
1.076000000000000000e+03 4.964599143062152498e-03 6.068241064285211095e-04
1.077000000000000000e+03 6.661805278797335722e-03 5.630996986126311343e-04
1.078000000000000000e+03 8.581137102379943898e-03 8.828229577141407519e-04
1.079000000000000000e+03 1.066771934368438042e-02 9.215670359120389484e-04
1.080000000000000000e+03 1.327354706154754843e-02 1.479690722177144993e-03
1.081000000000000000e+03 0.000000000000000000e+00 1.000000000000000021e-02
1.082000000000000000e+03 0.000000000000000000e+00 1.000000000000000021e-02
1.083000000000000000e+03 0.000000000000000000e+00 1.000000000000000021e-02
1.084000000000000000e+03 0.000000000000000000e+00 1.000000000000000021e-02
1.085000000000000000e+03 0.000000000000000000e+00 1.000000000000000021e-02
1.086000000000000000e+03 0.000000000000000000e+00 1.000000000000000021e-02
1.087000000000000000e+03 0.000000000000000000e+00 1.000000000000000021e-02
1.088000000000000000e+03 0.000000000000000000e+00 1.000000000000000021e-02
1.089000000000000000e+03 0.000000000000000000e+00 1.000000000000000021e-02
1.090000000000000000e+03 0.000000000000000000e+00 1.000000000000000021e-02
1.091000000000000000e+03 0.000000000000000000e+00 1.000000000000000021e-02
1.092000000000000000e+03 0.000000000000000000e+00 1.000000000000000021e-02
1.093000000000000000e+03 0.000000000000000000e+00 1.000000000000000021e-02
1.094000000000000000e+03 0.000000000000000000e+00 1.000000000000000021e-02
1.095000000000000000e+03 0.000000000000000000e+00 1.000000000000000021e-02
1.096000000000000000e+03 0.000000000000000000e+00 1.000000000000000021e-02
1.097000000000000000e+03 0.000000000000000000e+00 1.000000000000000021e-02
1.098000000000000000e+03 0.000000000000000000e+00 1.000000000000000021e-02
1.099000000000000000e+03 0.000000000000000000e+00 1.000000000000000021e-02
