3.000000000000000000e+02 0.000000000000000000e+00 1.000000000000000021e-02
3.080808080808080831e+02 0.000000000000000000e+00 1.000000000000000021e-02
3.161616161616161662e+02 0.000000000000000000e+00 1.000000000000000021e-02
3.242424242424242493e+02 0.000000000000000000e+00 1.000000000000000021e-02
3.323232323232323324e+02 0.000000000000000000e+00 1.000000000000000021e-02
3.404040404040404155e+02 0.000000000000000000e+00 1.000000000000000021e-02
3.484848484848484986e+02 0.000000000000000000e+00 1.000000000000000021e-02
3.565656565656565817e+02 0.000000000000000000e+00 1.000000000000000021e-02
3.646464646464646648e+02 0.000000000000000000e+00 1.000000000000000021e-02
3.727272727272727479e+02 0.000000000000000000e+00 1.000000000000000021e-02
3.808080808080808310e+02 0.000000000000000000e+00 1.000000000000000021e-02
3.888888888888889142e+02 0.000000000000000000e+00 1.000000000000000021e-02
3.969696969696969973e+02 0.000000000000000000e+00 1.000000000000000021e-02
4.050505050505050804e+02 0.000000000000000000e+00 1.000000000000000021e-02
4.131313131313131635e+02 0.000000000000000000e+00 1.000000000000000021e-02
4.212121212121212466e+02 0.000000000000000000e+00 1.000000000000000021e-02
4.292929292929293297e+02 0.000000000000000000e+00 1.000000000000000021e-02
4.373737373737374128e+02 0.000000000000000000e+00 1.000000000000000021e-02
4.454545454545454959e+02 0.000000000000000000e+00 1.000000000000000021e-02
4.535353535353535790e+02 0.000000000000000000e+00 1.000000000000000021e-02
4.616161616161616621e+02 0.000000000000000000e+00 1.000000000000000021e-02
4.696969696969697452e+02 0.000000000000000000e+00 1.000000000000000021e-02
4.777777777777778283e+02 0.000000000000000000e+00 1.000000000000000021e-02
4.858585858585859114e+02 0.000000000000000000e+00 1.000000000000000021e-02
4.939393939393939377e+02 0.000000000000000000e+00 1.000000000000000021e-02
5.020202020202020208e+02 0.000000000000000000e+00 1.000000000000000021e-02
5.101010101010101039e+02 0.000000000000000000e+00 1.000000000000000021e-02
5.181818181818182438e+02 3.903434273049569071e-04 7.022334299144758962e-05
5.262626262626263269e+02 5.941184180320439531e-03 2.096417708415642658e-04
5.343434343434344100e+02 5.955793394715392514e-02 1.802399790664233189e-03
5.424242424242424931e+02 2.350264943540276152e-01 7.065378988941641014e-03
5.505050505050505762e+02 4.142296992173830628e-01 1.244174686565906532e-02
5.585858585858586594e+02 5.167946394718337944e-01 1.551886019064160210e-02
5.666666666666667425e+02 5.527129339259333474e-01 1.659693673767514630e-02
5.747474747474748256e+02 5.706470139333286173e-01 1.713635958253825753e-02
5.828282828282829087e+02 5.770340946059026033e-01 1.732632943707797246e-02
5.909090909090909918e+02 5.820557181671547342e-01 1.747948018789132266e-02
5.989898989898990749e+02 5.766147248398044711e-01 1.731559451694519858e-02
6.070707070707071580e+02 5.888829293983168789e-01 1.768290914291453797e-02
6.151515151515152411e+02 5.881214653779109902e-01 1.766172692585595005e-02
6.232323232323233242e+02 5.867681698932351031e-01 1.761936863357624339e-02
6.313131313131314073e+02 5.855206273957331842e-01 1.758384361936800311e-02
6.393939393939394904e+02 5.834823414506553618e-01 1.752164248424829471e-02
6.474747474747475735e+02 5.857037005089376080e-01 1.758878420558619357e-02
6.555555555555556566e+02 5.865975124737775603e-01 1.761556343316098006e-02
6.636363636363637397e+02 5.872781185563435979e-01 1.763594849188422631e-02
6.717171717171718228e+02 5.895842374513186046e-01 1.770651012032325305e-02
6.797979797979799059e+02 5.859230015390959334e-01 1.759569220234070974e-02
6.878787878787878753e+02 5.858171851194448054e-01 1.759358983024812695e-02
6.959595959595959584e+02 5.861804468364075760e-01 1.760371663046599727e-02
7.040404040404040416e+02 5.852756823652091045e-01 1.757995924051525966e-02
7.121212121212121247e+02 5.845855999761979671e-01 1.755666367883828433e-02
7.202020202020202078e+02 5.842013520212845368e-01 1.755014077530283115e-02
7.282828282828282909e+02 5.825805131659307357e-01 1.750007483765241706e-02
7.363636363636363740e+02 5.836647120832604285e-01 1.753245987480002779e-02
7.444444444444444571e+02 5.786808675576113892e-01 1.738335001338134345e-02
7.525252525252525402e+02 5.721630329185749542e-01 1.718622892077257755e-02
7.606060606060606233e+02 5.707740116321664559e-01 1.714649382449201856e-02
7.686868686868687064e+02 5.696853718561152302e-01 1.711466947443887610e-02
7.767676767676767895e+02 5.728518735568883802e-01 1.721012347882238877e-02
7.848484848484848726e+02 5.803244587819365030e-01 1.743667006149560855e-02
7.929292929292929557e+02 5.796897531206325338e-01 1.741677041100821166e-02
8.010101010101010388e+02 5.764383905080229242e-01 1.732250646802559885e-02
8.090909090909091219e+02 5.737795632308169136e-01 1.724079459681442800e-02
8.171717171717172050e+02 5.736564066691127728e-01 1.724080664256613313e-02
8.252525252525252881e+02 5.740313486206776172e-01 1.725232509973738740e-02
8.333333333333333712e+02 5.753839155399442795e-01 1.729562087832313064e-02
8.414141414141414543e+02 5.782730518405347908e-01 1.738104614458403641e-02
8.494949494949495374e+02 5.799685588979780482e-01 1.743505663992825014e-02
8.575757575757576205e+02 5.811291259403364995e-01 1.746975582916368563e-02
8.656565656565657036e+02 5.819677571935110150e-01 1.749917732698965528e-02
8.737373737373737868e+02 5.831458591425211502e-01 1.753600651297255314e-02
8.818181818181818699e+02 5.820639522754322837e-01 1.749948965189023278e-02
8.898989898989899530e+02 5.800134076218945722e-01 1.744074756978235621e-02
8.979797979797980361e+02 5.792934344100398869e-01 1.742928711818403711e-02
9.060606060606061192e+02 5.803031188682892250e-01 1.746940206390395697e-02
9.141414141414142023e+02 5.800587880864389589e-01 1.746866564880861922e-02
9.222222222222222854e+02 5.798144573045886929e-01 1.746792923371328146e-02
9.303030303030303685e+02 5.795701265227384269e-01 1.746719281861794371e-02
9.383838383838384516e+02 5.793257957408881609e-01 1.746645640352260248e-02
9.464646464646465347e+02 5.790814649590378949e-01 1.746571998842726473e-02
9.545454545454546178e+02 5.788371341771877399e-01 1.746498357333192697e-02
9.626262626262627009e+02 5.835744058587022387e-01 1.761267224396837611e-02
9.707070707070707840e+02 5.945841475336332005e-01 1.794252916578811113e-02
9.787878787878788671e+02 6.015452038516123645e-01 1.817720423290147130e-02
9.868686868686869502e+02 5.997094460902664403e-01 1.813081216101747328e-02
9.949494949494950333e+02 5.993586168563875827e-01 1.816716171693080056e-02
1.003030303030303116e+03 5.979965251897130241e-01 1.819881193494477661e-02
1.011111111111111200e+03 5.994415794619063487e-01 1.000000000000000021e-02
1.019191919191919283e+03 5.994415794619063487e-01 1.000000000000000021e-02
1.027272727272727479e+03 5.994415794619063487e-01 1.000000000000000021e-02
1.035353535353535335e+03 5.994415794619063487e-01 1.000000000000000021e-02
1.043434343434343646e+03 5.994415794619063487e-01 1.000000000000000021e-02
1.051515151515151501e+03 5.994415794619063487e-01 1.000000000000000021e-02
1.059595959595959812e+03 5.994415794619063487e-01 1.000000000000000021e-02
1.067676767676767668e+03 5.994415794619063487e-01 1.000000000000000021e-02
1.075757575757575751e+03 5.994415794619063487e-01 1.000000000000000021e-02
1.083838383838383834e+03 5.994415794619063487e-01 1.000000000000000021e-02
1.091919191919191917e+03 5.994415794619063487e-01 1.000000000000000021e-02
1.100000000000000000e+03 5.994415794619063487e-01 1.000000000000000021e-02
