3.000000000000000000e+02 6.509725923171346018e+00
3.010000000000000000e+02 1.156983590235709514e+01
3.020000000000000000e+02 2.065892767125739837e+01
3.030000000000000000e+02 3.266384599854518456e+01
3.040000000000000000e+02 3.688427015932408182e+01
3.050000000000000000e+02 2.955846253730900131e+01
3.060000000000000000e+02 2.086079963948771621e+01
3.070000000000000000e+02 1.483391093997127363e+01
3.080000000000000000e+02 1.101253581269824622e+01
3.090000000000000000e+02 8.543345874672958473e+00
3.100000000000000000e+02 6.879515790464199476e+00
3.110000000000000000e+02 5.709608451523049411e+00
3.120000000000000000e+02 4.855338801222115030e+00
3.130000000000000000e+02 4.211091270164593503e+00
3.140000000000000000e+02 3.711767709806035320e+00
3.150000000000000000e+02 3.315685161054438446e+00
3.160000000000000000e+02 2.995214546596440375e+00
3.170000000000000000e+02 2.731470209997443721e+00
3.180000000000000000e+02 2.511187170917052569e+00
3.190000000000000000e+02 2.324821673858040505e+00
3.200000000000000000e+02 2.165359445266830996e+00
3.210000000000000000e+02 2.027546656272186887e+00
3.220000000000000000e+02 1.907380888083412884e+00
3.230000000000000000e+02 1.801766370524660932e+00
3.240000000000000000e+02 1.708275577335355067e+00
3.250000000000000000e+02 1.624981230221655082e+00
3.260000000000000000e+02 1.550335869337169825e+00
3.270000000000000000e+02 1.483084159928695689e+00
3.280000000000000000e+02 1.422198114662133195e+00
3.290000000000000000e+02 1.366828609434258768e+00
3.300000000000000000e+02 1.316268651832293690e+00
3.310000000000000000e+02 1.269925240112287579e+00
3.320000000000000000e+02 1.227297578953946422e+00
3.330000000000000000e+02 1.187960052992033333e+00
3.340000000000000000e+02 1.151548799291647995e+00
3.350000000000000000e+02 1.117751029224237636e+00
3.360000000000000000e+02 1.086296470221350230e+00
3.370000000000000000e+02 1.056950456212043310e+00
3.380000000000000000e+02 1.029508310721562347e+00
3.390000000000000000e+02 1.003790751240222878e+00
3.400000000000000000e+02 9.796401062565228690e-01
3.410000000000000000e+02 9.569171833460039522e-01
3.420000000000000000e+02 9.354986621867263930e-01
3.430000000000000000e+02 9.152749133711250984e-01
3.440000000000000000e+02 8.961481645859491474e-01
3.450000000000000000e+02 8.780309517196009939e-01
3.460000000000000000e+02 8.608448048873430514e-01
3.470000000000000000e+02 8.445191290942747342e-01
3.480000000000000000e+02 8.289902469153803688e-01
3.490000000000000000e+02 8.142005766414438517e-01
3.500000000000000000e+02 8.000979241709312850e-01
3.510000000000000000e+02 7.866348707990169498e-01
3.520000000000000000e+02 7.737682421688460987e-01
3.530000000000000000e+02 7.614586461696587483e-01
3.540000000000000000e+02 7.496700696129982022e-01
3.550000000000000000e+02 7.383695251887274491e-01
3.560000000000000000e+02 7.275267415721883291e-01
3.570000000000000000e+02 7.171138906805679669e-01
3.580000000000000000e+02 7.071053470080953529e-01
3.590000000000000000e+02 6.974774747419761889e-01
3.600000000000000000e+02 6.882084390034897137e-01
3.610000000000000000e+02 6.792780380986728206e-01
3.620000000000000000e+02 6.706675541072550928e-01
3.630000000000000000e+02 6.623596195251194585e-01
3.640000000000000000e+02 6.543380979885390358e-01
3.650000000000000000e+02 6.465879773821993082e-01
3.660000000000000000e+02 6.390952738614180673e-01
3.670000000000000000e+02 6.318469455143372882e-01
3.680000000000000000e+02 6.248308145566628946e-01
3.690000000000000000e+02 6.180354970939593295e-01
3.700000000000000000e+02 6.114503396089747689e-01
3.710000000000000000e+02 6.050653614366442445e-01
3.720000000000000000e+02 5.988712025800647654e-01
3.730000000000000000e+02 5.928590762992315133e-01
3.740000000000000000e+02 5.870207259720922055e-01
3.750000000000000000e+02 5.813483857864492066e-01
3.760000000000000000e+02 5.758347448724864259e-01
3.770000000000000000e+02 5.704729145303520932e-01
3.780000000000000000e+02 5.652563982462379677e-01
3.790000000000000000e+02 5.601790642245236818e-01
3.800000000000000000e+02 5.552351201935545877e-01
3.810000000000000000e+02 5.504190902687762232e-01
3.820000000000000000e+02 5.457257936802333287e-01
3.830000000000000000e+02 5.411503251916882640e-01
3.840000000000000000e+02 5.366880370567861380e-01
3.850000000000000000e+02 5.323345223733942921e-01
3.860000000000000000e+02 5.280855997116135070e-01
3.870000000000000000e+02 5.239372989032440309e-01
3.880000000000000000e+02 5.198858478917152137e-01
3.890000000000000000e+02 5.159276605514671044e-01
3.900000000000000000e+02 5.120593253943732659e-01
3.910000000000000000e+02 5.082775950889130145e-01
3.920000000000000000e+02 5.045793767246775641e-01
3.930000000000000000e+02 5.009617227611485868e-01
3.940000000000000000e+02 4.974218226053315761e-01
3.950000000000000000e+02 4.939569947679042228e-01
3.960000000000000000e+02 4.905646795520252623e-01
3.970000000000000000e+02 4.872424322331894153e-01
3.980000000000000000e+02 4.839879166919889286e-01
3.990000000000000000e+02 4.807988994651667958e-01
4.000000000000000000e+02 4.776732441832539644e-01
4.010000000000000000e+02 4.746089063657677465e-01
4.020000000000000000e+02 4.716039285475141507e-01
4.030000000000000000e+02 4.686564357116038138e-01
4.040000000000000000e+02 4.657646310069922246e-01
4.050000000000000000e+02 4.629267917299948465e-01
4.060000000000000000e+02 4.601412655510689342e-01
4.070000000000000000e+02 4.574064669695095398e-01
4.080000000000000000e+02 4.547208739802010569e-01
4.090000000000000000e+02 4.520830249377760790e-01
4.100000000000000000e+02 4.494915156046404570e-01
4.110000000000000000e+02 4.469449963704413276e-01
4.120000000000000000e+02 4.444421696314884707e-01
4.130000000000000000e+02 4.419817873194388791e-01
4.140000000000000000e+02 4.395626485694713037e-01
4.150000000000000000e+02 4.371835975188317347e-01
4.160000000000000000e+02 4.348435212273337735e-01
4.170000000000000000e+02 4.325413477119841033e-01
4.180000000000000000e+02 4.302760440884981774e-01
4.190000000000000000e+02 4.280466148130216975e-01
4.200000000000000000e+02 4.258521000177492022e-01
4.210000000000000000e+02 4.236915739346737708e-01
4.220000000000000000e+02 4.215641434020956368e-01
4.230000000000000000e+02 4.194689464488028929e-01
4.240000000000000000e+02 4.174051509513057034e-01
4.250000000000000000e+02 4.153719533597377556e-01
4.260000000000000000e+02 4.133685774883759656e-01
4.270000000000000000e+02 4.113942733669674334e-01
4.280000000000000000e+02 4.094483161493540080e-01
4.290000000000000000e+02 4.075300050760630177e-01
4.300000000000000000e+02 4.056386624877854619e-01
4.310000000000000000e+02 4.013912009558592842e-01
4.320000000000000000e+02 3.971192247879613002e-01
4.330000000000000000e+02 3.929431662759431121e-01
4.340000000000000000e+02 3.887877778006299523e-01
4.350000000000000000e+02 3.847991905271044843e-01
4.360000000000000000e+02 3.808899497092754771e-01
4.370000000000000000e+02 3.770321205610598914e-01
4.380000000000000000e+02 3.732521381443776876e-01
4.390000000000000000e+02 3.694158397025473217e-01
4.400000000000000000e+02 3.656361642969984116e-01
4.410000000000000000e+02 3.637041215579885356e-01
4.420000000000000000e+02 3.618050021278039763e-01
4.430000000000000000e+02 3.599573466274055278e-01
4.440000000000000000e+02 3.581622953562234035e-01
4.450000000000000000e+02 3.563475298726105911e-01
4.460000000000000000e+02 3.546131012783114156e-01
4.470000000000000000e+02 3.529171425161061748e-01
4.480000000000000000e+02 3.511600645287158429e-01
4.490000000000000000e+02 3.495001340366898912e-01
4.500000000000000000e+02 3.478342642145098584e-01
4.510000000000000000e+02 3.464230590325684256e-01
4.520000000000000000e+02 3.448679466138410143e-01
4.530000000000000000e+02 3.432877541094727092e-01
4.540000000000000000e+02 3.419279637498306990e-01
4.550000000000000000e+02 3.403899632567217726e-01
4.560000000000000000e+02 3.388281057218366921e-01
4.570000000000000000e+02 3.374509332583289223e-01
4.580000000000000000e+02 3.360451544967197890e-01
4.590000000000000000e+02 3.346336262677152562e-01
4.600000000000000000e+02 3.331518803143234675e-01
4.610000000000000000e+02 3.322999523736291372e-01
4.620000000000000000e+02 3.314413399858454623e-01
4.630000000000000000e+02 3.305725970739325503e-01
4.640000000000000000e+02 3.297325016120075669e-01
4.650000000000000000e+02 3.288405527362059932e-01
4.660000000000000000e+02 3.280349124410171235e-01
4.670000000000000000e+02 3.272181645157655749e-01
4.680000000000000000e+02 3.264107816982220744e-01
4.690000000000000000e+02 3.256138361259974801e-01
4.700000000000000000e+02 3.248861836773703771e-01
4.710000000000000000e+02 3.236703958241508583e-01
4.720000000000000000e+02 3.224004875302849960e-01
4.730000000000000000e+02 3.212142588947224375e-01
4.740000000000000000e+02 3.201511185091803768e-01
4.750000000000000000e+02 3.189554620501165449e-01
4.760000000000000000e+02 3.178098233543905082e-01
4.770000000000000000e+02 3.167221172560253373e-01
4.780000000000000000e+02 3.157016581654958909e-01
4.790000000000000000e+02 3.145593782471240440e-01
4.800000000000000000e+02 3.134509493041701123e-01
4.810000000000000000e+02 3.121425769791167926e-01
4.820000000000000000e+02 3.108784129001939678e-01
4.830000000000000000e+02 3.096797605619626692e-01
4.840000000000000000e+02 3.085392244289119623e-01
4.850000000000000000e+02 3.074820466880909264e-01
4.860000000000000000e+02 3.064652653738632604e-01
4.870000000000000000e+02 3.053357684427669416e-01
4.880000000000000000e+02 3.043780287842099974e-01
4.890000000000000000e+02 3.033467242744036785e-01
4.900000000000000000e+02 3.023931681866862675e-01
4.910000000000000000e+02 3.014207182671409524e-01
4.920000000000000000e+02 3.004620052485332260e-01
4.930000000000000000e+02 2.995395110481065548e-01
4.940000000000000000e+02 2.986801932647105695e-01
4.950000000000000000e+02 2.978709237690262412e-01
4.960000000000000000e+02 2.970468427189997818e-01
4.970000000000000000e+02 2.963053479931697654e-01
4.980000000000000000e+02 2.955473664731924632e-01
4.990000000000000000e+02 2.947567652016332418e-01
5.000000000000000000e+02 2.941277613234809518e-01
5.010000000000000000e+02 2.934817548728843040e-01
5.020000000000000000e+02 2.928781479379820585e-01
5.030000000000000000e+02 2.922706048624220676e-01
5.040000000000000000e+02 2.916459244383286520e-01
5.050000000000000000e+02 2.912236565535889499e-01
5.060000000000000000e+02 2.907475290896360254e-01
5.070000000000000000e+02 2.902677375099961266e-01
5.080000000000000000e+02 2.897676634669539841e-01
5.090000000000000000e+02 2.893731430640880120e-01
5.100000000000000000e+02 2.889589445163627812e-01
5.110000000000000000e+02 2.881700181111551684e-01
5.120000000000000000e+02 2.873480520316719078e-01
5.130000000000000000e+02 2.865151935771834135e-01
5.140000000000000000e+02 2.856811667792410470e-01
5.150000000000000000e+02 2.849473062224541775e-01
5.160000000000000000e+02 2.840788906049899754e-01
5.170000000000000000e+02 2.833928994179065741e-01
5.180000000000000000e+02 2.827039766186793535e-01
5.190000000000000000e+02 2.819754817033529593e-01
5.200000000000000000e+02 2.812482993192523262e-01
5.210000000000000000e+02 2.809187193137456240e-01
5.220000000000000000e+02 2.806119449158293033e-01
5.230000000000000000e+02 2.803365836900778563e-01
5.240000000000000000e+02 2.800123081838547523e-01
5.250000000000000000e+02 2.797458103743233893e-01
5.260000000000000000e+02 2.795503012147202426e-01
5.270000000000000000e+02 2.793651617083823813e-01
5.280000000000000000e+02 2.791742447571493035e-01
5.290000000000000000e+02 2.790152870372823446e-01
5.300000000000000000e+02 2.787765316151872286e-01
5.310000000000000000e+02 2.782614025891858578e-01
5.320000000000000000e+02 2.777553322218797582e-01
5.330000000000000000e+02 2.772724584393295721e-01
5.340000000000000000e+02 2.767805116406394927e-01
5.350000000000000000e+02 2.763191815102425952e-01
5.360000000000000000e+02 2.758573178654324942e-01
5.370000000000000000e+02 2.754049108370179577e-01
5.380000000000000000e+02 2.749522072559143493e-01
5.390000000000000000e+02 2.745113907245025353e-01
5.400000000000000000e+02 2.740557320472344904e-01
5.410000000000000000e+02 2.738357205008694062e-01
5.420000000000000000e+02 2.736625084758002036e-01
5.430000000000000000e+02 2.734110728475184771e-01
5.440000000000000000e+02 2.731982861589927758e-01
5.450000000000000000e+02 2.729718221333193306e-01
5.460000000000000000e+02 2.728511995680704683e-01
5.470000000000000000e+02 2.726255409409779062e-01
5.480000000000000000e+02 2.725091758002506914e-01
5.490000000000000000e+02 2.723876843379202661e-01
5.500000000000000000e+02 2.722399028653252340e-01
5.510000000000000000e+02 2.715911952691412168e-01
5.520000000000000000e+02 2.709460720857740923e-01
5.530000000000000000e+02 2.703044947435113143e-01
5.540000000000000000e+02 2.696664253031139102e-01
5.550000000000000000e+02 2.690318264447055796e-01
5.560000000000000000e+02 2.684006614549652170e-01
5.570000000000000000e+02 2.677728942146391788e-01
5.580000000000000000e+02 2.671484891863595834e-01
5.590000000000000000e+02 2.665274114027597063e-01
5.600000000000000000e+02 2.659096264548642674e-01
5.610000000000000000e+02 2.652951004807700963e-01
5.620000000000000000e+02 2.646838001546008567e-01
5.630000000000000000e+02 2.640756926757049650e-01
5.640000000000000000e+02 2.634707457581375589e-01
5.650000000000000000e+02 2.628689276203737268e-01
5.660000000000000000e+02 2.622702069752671505e-01
5.670000000000000000e+02 2.616745530202487235e-01
5.680000000000000000e+02 2.610819354277570947e-01
5.690000000000000000e+02 2.604923243358777674e-01
5.700000000000000000e+02 2.599056903392269469e-01
5.710000000000000000e+02 2.593220044800134683e-01
5.720000000000000000e+02 2.587412382393369792e-01
5.730000000000000000e+02 2.581633635286694761e-01
5.740000000000000000e+02 2.575883526815297420e-01
5.750000000000000000e+02 2.570161784453716680e-01
5.760000000000000000e+02 2.564468139736207908e-01
5.770000000000000000e+02 2.558802328179256569e-01
5.780000000000000000e+02 2.553164089205607334e-01
5.790000000000000000e+02 2.547553166070181674e-01
5.800000000000000000e+02 2.541969305787496469e-01
5.810000000000000000e+02 2.536412259060807917e-01
5.820000000000000000e+02 2.530881780567449391e-01
5.830000000000000000e+02 2.525377627468738395e-01
5.840000000000000000e+02 2.519899561483122663e-01
5.850000000000000000e+02 2.514447347391092213e-01
5.860000000000000000e+02 2.509020753330470366e-01
5.870000000000000000e+02 2.503619550399095450e-01
5.880000000000000000e+02 2.498243513939016058e-01
5.890000000000000000e+02 2.492892421454347696e-01
5.900000000000000000e+02 2.487566053905642949e-01
5.910000000000000000e+02 2.482264195314022592e-01
5.920000000000000000e+02 2.476986632705741043e-01
5.930000000000000000e+02 2.471733156057744074e-01
5.940000000000000000e+02 2.466503558244548810e-01
5.950000000000000000e+02 2.461297634986228111e-01
5.960000000000000000e+02 2.456115184797426632e-01
5.970000000000000000e+02 2.450956008937515973e-01
5.980000000000000000e+02 2.445819911361842014e-01
5.990000000000000000e+02 2.440706698673940078e-01
6.000000000000000000e+02 2.435616180078764292e-01
6.010000000000000000e+02 2.430548167336908649e-01
6.020000000000000000e+02 2.425502474719749280e-01
6.030000000000000000e+02 2.420478918965666137e-01
6.040000000000000000e+02 2.415477319236925824e-01
6.050000000000000000e+02 2.410497497077650209e-01
6.060000000000000000e+02 2.405539276372625490e-01
6.070000000000000000e+02 2.400602483306865376e-01
6.080000000000000000e+02 2.395686946326125166e-01
6.090000000000000000e+02 2.390792496098067821e-01
6.100000000000000000e+02 2.385918965474450038e-01
6.110000000000000000e+02 2.381066189453825144e-01
6.120000000000000000e+02 2.376234005145202166e-01
6.130000000000000000e+02 2.371422251732272779e-01
6.140000000000000000e+02 2.366630770438537534e-01
6.150000000000000000e+02 2.361859404492911152e-01
6.160000000000000000e+02 2.357107999096284823e-01
6.170000000000000000e+02 2.352376401388481530e-01
6.180000000000000000e+02 2.347664460416065690e-01
6.190000000000000000e+02 2.342972027100732046e-01
6.200000000000000000e+02 2.338298954208279934e-01
6.210000000000000000e+02 2.333645096318186229e-01
6.220000000000000000e+02 2.329010309793958511e-01
6.230000000000000000e+02 2.324394452753779650e-01
6.240000000000000000e+02 2.319797385041930393e-01
6.250000000000000000e+02 2.315218968200772609e-01
6.260000000000000000e+02 2.310659065443141091e-01
6.270000000000000000e+02 2.306117541625375411e-01
6.280000000000000000e+02 2.301594263220834435e-01
6.290000000000000000e+02 2.297089098293993159e-01
6.300000000000000000e+02 2.292601916474861501e-01
6.310000000000000000e+02 2.288132588934114198e-01
6.320000000000000000e+02 2.283680988358526565e-01
6.330000000000000000e+02 2.279246988926959816e-01
6.340000000000000000e+02 2.274830466286782149e-01
6.350000000000000000e+02 2.270431297530706993e-01
6.360000000000000000e+02 2.266049361174183041e-01
6.370000000000000000e+02 2.261684537132997164e-01
6.380000000000000000e+02 2.257336706701522644e-01
6.390000000000000000e+02 2.253005752531235806e-01
6.400000000000000000e+02 2.248691558609697549e-01
6.410000000000000000e+02 2.244394010239880444e-01
6.420000000000000000e+02 2.240112994019895776e-01
6.430000000000000000e+02 2.235848397823104738e-01
6.440000000000000000e+02 2.231600110778641233e-01
6.450000000000000000e+02 2.227368023252197793e-01
6.460000000000000000e+02 2.223152026827190930e-01
6.470000000000000000e+02 2.218952014286380836e-01
6.480000000000000000e+02 2.214767879593616262e-01
6.490000000000000000e+02 2.210599517876132847e-01
6.500000000000000000e+02 2.206446825407070711e-01
6.510000000000000000e+02 2.202309699588207714e-01
6.520000000000000000e+02 2.198188038933247268e-01
6.530000000000000000e+02 2.194081743051159161e-01
6.540000000000000000e+02 2.189990712630012493e-01
6.550000000000000000e+02 2.185914849420922679e-01
6.560000000000000000e+02 2.181854056222474192e-01
6.570000000000000000e+02 2.177808236865258207e-01
6.580000000000000000e+02 2.173777296196790776e-01
6.590000000000000000e+02 2.169761140066586436e-01
6.600000000000000000e+02 2.165759675311676735e-01
6.610000000000000000e+02 2.161772809742177892e-01
6.620000000000000000e+02 2.157800452127254520e-01
6.630000000000000000e+02 2.153842512181299573e-01
6.640000000000000000e+02 2.149898900550256398e-01
6.650000000000000000e+02 2.145969528798400972e-01
6.660000000000000000e+02 2.142054309395081124e-01
6.670000000000000000e+02 2.138153155701894848e-01
6.680000000000000000e+02 2.134265981959994340e-01
6.690000000000000000e+02 2.130392703277668165e-01
6.700000000000000000e+02 2.126533235618015827e-01
6.710000000000000000e+02 2.122687495787007605e-01
6.720000000000000000e+02 2.118855401421630702e-01
6.730000000000000000e+02 2.115036870978229122e-01
6.740000000000000000e+02 2.111231823721143319e-01
6.750000000000000000e+02 2.107440179711427275e-01
6.760000000000000000e+02 2.103661859795838140e-01
6.770000000000000000e+02 2.099896785595972704e-01
6.780000000000000000e+02 2.096144879497590652e-01
6.790000000000000000e+02 2.092406064640178198e-01
6.800000000000000000e+02 2.088680264906531692e-01
6.810000000000000000e+02 2.084967404912727307e-01
6.820000000000000000e+02 2.081267409998037721e-01
6.830000000000000000e+02 2.077580206215242642e-01
6.840000000000000000e+02 2.073905720320884938e-01
6.850000000000000000e+02 2.070243879765835127e-01
6.860000000000000000e+02 2.066594612685986321e-01
6.870000000000000000e+02 2.062957847893023000e-01
6.880000000000000000e+02 2.059333514865440695e-01
6.890000000000000000e+02 2.055721543739636448e-01
6.900000000000000000e+02 2.052121865301247128e-01
6.910000000000000000e+02 2.048534410976490527e-01
6.920000000000000000e+02 2.044959112823747094e-01
6.930000000000000000e+02 2.041395903525253519e-01
6.940000000000000000e+02 2.037844716378908461e-01
6.950000000000000000e+02 2.034305485290265891e-01
6.960000000000000000e+02 2.030778144764594784e-01
6.970000000000000000e+02 2.027262629899092006e-01
6.980000000000000000e+02 2.023758876375233162e-01
6.990000000000000000e+02 2.020266820451206424e-01
7.000000000000000000e+02 2.016786398954537873e-01
7.010000000000000000e+02 2.013317549274782348e-01
7.020000000000000000e+02 2.009860209356282568e-01
7.030000000000000000e+02 2.006414317691171401e-01
7.040000000000000000e+02 2.002979813312388280e-01
7.050000000000000000e+02 1.999556635786803871e-01
7.060000000000000000e+02 1.996144725208495729e-01
7.070000000000000000e+02 1.992744022192144138e-01
7.080000000000000000e+02 1.989354467866432108e-01
7.090000000000000000e+02 1.985976003867695738e-01
7.100000000000000000e+02 1.982608572333535712e-01
7.110000000000000000e+02 1.979252115896589503e-01
7.120000000000000000e+02 1.975906577678417098e-01
7.130000000000000000e+02 1.972571901283477480e-01
7.140000000000000000e+02 1.969248030793145365e-01
7.150000000000000000e+02 1.965934910759837284e-01
7.160000000000000000e+02 1.962632486266521481e-01
7.170000000000000000e+02 1.959340702659196076e-01
7.180000000000000000e+02 1.956059505935459353e-01
7.190000000000000000e+02 1.952788842475245701e-01
7.200000000000000000e+02 1.949528659101645856e-01
7.210000000000000000e+02 1.946278903075495947e-01
7.220000000000000000e+02 1.943039522090126980e-01
7.230000000000000000e+02 1.939810464266206180e-01
7.240000000000000000e+02 1.936591678146649953e-01
7.250000000000000000e+02 1.933383112691586525e-01
7.260000000000000000e+02 1.930184717273383255e-01
7.270000000000000000e+02 1.926996441671788018e-01
7.280000000000000000e+02 1.923818236069127496e-01
7.290000000000000000e+02 1.920650051045573736e-01
7.300000000000000000e+02 1.917491837574481495e-01
7.310000000000000000e+02 1.914343547017823277e-01
7.320000000000000000e+02 1.911205131121570255e-01
7.330000000000000000e+02 1.908076542011389876e-01
7.340000000000000000e+02 1.904957732188080066e-01
7.350000000000000000e+02 1.901848654523400350e-01
7.360000000000000000e+02 1.898749262255676751e-01
7.370000000000000000e+02 1.895659508985683972e-01
7.380000000000000000e+02 1.892579348672460138e-01
7.390000000000000000e+02 1.889508735629232272e-01
7.400000000000000000e+02 1.886447624519428656e-01
7.410000000000000000e+02 1.883395970352690352e-01
7.420000000000000000e+02 1.880353728480916031e-01
7.430000000000000000e+02 1.877320854594486943e-01
7.440000000000000000e+02 1.874297304676837694e-01
7.450000000000000000e+02 1.871283035167833897e-01
7.460000000000000000e+02 1.868278002708305685e-01
7.470000000000000000e+02 1.865282164305049062e-01
7.480000000000000000e+02 1.862295477284785505e-01
7.490000000000000000e+02 1.859317899290809373e-01
7.500000000000000000e+02 1.856349388279329160e-01
7.510000000000000000e+02 1.853389902516112964e-01
7.520000000000000000e+02 1.850439400573179460e-01
7.530000000000000000e+02 1.847497841325274892e-01
7.540000000000000000e+02 1.844565183946765274e-01
7.550000000000000000e+02 1.841641387908259930e-01
7.560000000000000000e+02 1.838726412973519520e-01
7.570000000000000000e+02 1.835820219196187264e-01
7.580000000000000000e+02 1.832922766916768587e-01
7.590000000000000000e+02 1.830034016759543858e-01
7.600000000000000000e+02 1.827153929629482532e-01
7.610000000000000000e+02 1.824282466709342965e-01
7.620000000000000000e+02 1.821419589456655663e-01
7.630000000000000000e+02 1.818565259600903039e-01
7.640000000000000000e+02 1.815719439140544011e-01
7.650000000000000000e+02 1.812882090340306451e-01
7.660000000000000000e+02 1.810053175728312536e-01
7.670000000000000000e+02 1.807232658093354816e-01
7.680000000000000000e+02 1.804420500482230294e-01
7.690000000000000000e+02 1.801616666197011218e-01
7.700000000000000000e+02 1.798821118792424678e-01
7.710000000000000000e+02 1.796033822073268282e-01
7.720000000000000000e+02 1.793254740091770050e-01
7.730000000000000000e+02 1.790483837145204760e-01
7.740000000000000000e+02 1.787721077773175293e-01
7.750000000000000000e+02 1.784966426755400792e-01
7.760000000000000000e+02 1.782219849109021037e-01
7.770000000000000000e+02 1.779481310086448720e-01
7.780000000000000000e+02 1.776750775172805386e-01
7.790000000000000000e+02 1.774028210083636037e-01
7.800000000000000000e+02 1.771313580762706452e-01
7.810000000000000000e+02 1.768606853379534605e-01
7.820000000000000000e+02 1.765907994327330643e-01
7.830000000000000000e+02 1.763216970220653768e-01
7.840000000000000000e+02 1.760533747893261169e-01
7.850000000000000000e+02 1.757858294395991117e-01
7.860000000000000000e+02 1.755190576994557772e-01
7.870000000000000000e+02 1.752530563167477573e-01
7.880000000000000000e+02 1.749878220603999501e-01
7.890000000000000000e+02 1.747233517202063102e-01
7.900000000000000000e+02 1.744596421066213210e-01
7.910000000000000000e+02 1.741966900505709792e-01
7.920000000000000000e+02 1.739344924032440176e-01
7.930000000000000000e+02 1.736730460359040829e-01
7.940000000000000000e+02 1.734123478396928930e-01
7.950000000000000000e+02 1.731523947254474949e-01
7.960000000000000000e+02 1.728931836235040598e-01
7.970000000000000000e+02 1.726347114835185270e-01
7.980000000000000000e+02 1.723769752742830286e-01
7.990000000000000000e+02 1.721199719835446451e-01
8.000000000000000000e+02 1.718636986178233017e-01
8.010000000000000000e+02 1.716081522022455674e-01
8.020000000000000000e+02 1.713533297803551958e-01
8.030000000000000000e+02 1.710992284139661035e-01
8.040000000000000000e+02 1.708458451829648339e-01
8.050000000000000000e+02 1.705931771851603995e-01
8.060000000000000000e+02 1.703412215361158055e-01
8.070000000000000000e+02 1.700899753689843197e-01
8.080000000000000000e+02 1.698394358343452148e-01
8.090000000000000000e+02 1.695896001000487541e-01
8.100000000000000000e+02 1.693404653510564017e-01
8.110000000000000000e+02 1.690920287892863638e-01
8.120000000000000000e+02 1.688442876334581011e-01
8.130000000000000000e+02 1.685972391189455299e-01
8.140000000000000000e+02 1.683508804976205087e-01
8.150000000000000000e+02 1.681052090377070374e-01
8.160000000000000000e+02 1.678602220236431464e-01
8.170000000000000000e+02 1.676159167559223562e-01
8.180000000000000000e+02 1.673722905509618664e-01
8.190000000000000000e+02 1.671293407409534248e-01
8.200000000000000000e+02 1.668870646737345698e-01
8.210000000000000000e+02 1.666454597126409143e-01
8.220000000000000000e+02 1.664045232363741689e-01
8.230000000000000000e+02 1.661642526388682484e-01
8.240000000000000000e+02 1.659246453291537693e-01
8.250000000000000000e+02 1.656856987312289031e-01
8.260000000000000000e+02 1.654474102839309790e-01
8.270000000000000000e+02 1.652097774408066155e-01
8.280000000000000000e+02 1.649727976699829068e-01
8.290000000000000000e+02 1.647364684540476298e-01
8.300000000000000000e+02 1.645007872899181545e-01
8.310000000000000000e+02 1.642657516887252311e-01
8.320000000000000000e+02 1.640313591756905609e-01
8.330000000000000000e+02 1.637976072900084734e-01
8.340000000000000000e+02 1.635644935847182513e-01
8.350000000000000000e+02 1.633320156266034329e-01
8.360000000000000000e+02 1.631001709960651080e-01
8.370000000000000000e+02 1.628689572870125335e-01
8.380000000000000000e+02 1.626383721067453936e-01
8.390000000000000000e+02 1.624084130758482736e-01
8.400000000000000000e+02 1.621790778280755296e-01
8.410000000000000000e+02 1.619503640102446240e-01
8.420000000000000000e+02 1.617222692821323748e-01
8.430000000000000000e+02 1.614947913163576332e-01
8.440000000000000000e+02 1.612679277982875803e-01
8.450000000000000000e+02 1.610416764259272326e-01
8.460000000000000000e+02 1.608160349098172459e-01
8.470000000000000000e+02 1.605910009729304699e-01
8.480000000000000000e+02 1.603665723505774410e-01
8.490000000000000000e+02 1.601427467903011326e-01
8.500000000000000000e+02 1.599195220517799498e-01
8.510000000000000000e+02 1.596968959067274485e-01
8.520000000000000000e+02 1.594748661388046829e-01
8.530000000000000000e+02 1.592534305435133468e-01
8.540000000000000000e+02 1.590325869281131177e-01
8.550000000000000000e+02 1.588123331115195436e-01
8.560000000000000000e+02 1.585926669242151421e-01
8.570000000000000000e+02 1.583735862081580015e-01
8.580000000000000000e+02 1.581550888166957658e-01
8.590000000000000000e+02 1.579371726144669363e-01
8.600000000000000000e+02 1.577198354773206301e-01
8.610000000000000000e+02 1.575030752922284283e-01
8.620000000000000000e+02 1.572868899571963908e-01
8.630000000000000000e+02 1.570712773811751839e-01
8.640000000000000000e+02 1.568562354839878881e-01
8.650000000000000000e+02 1.566417621962336304e-01
8.660000000000000000e+02 1.564278554592107573e-01
8.670000000000000000e+02 1.562145132248342894e-01
8.680000000000000000e+02 1.560017334555549029e-01
8.690000000000000000e+02 1.557895141242813808e-01
8.700000000000000000e+02 1.555778532142964576e-01
8.710000000000000000e+02 1.553667487191800478e-01
8.720000000000000000e+02 1.551561986427322515e-01
8.730000000000000000e+02 1.549462009989035216e-01
8.740000000000000000e+02 1.547367538117028762e-01
8.750000000000000000e+02 1.545278551151350876e-01
8.760000000000000000e+02 1.543195029531224949e-01
8.770000000000000000e+02 1.541116953794353095e-01
8.780000000000000000e+02 1.539044304576116795e-01
8.790000000000000000e+02 1.536977062608885503e-01
8.800000000000000000e+02 1.534915208721329694e-01
8.810000000000000000e+02 1.532858723837701720e-01
8.820000000000000000e+02 1.530807588977079747e-01
8.830000000000000000e+02 1.528761785252807925e-01
8.840000000000000000e+02 1.526721293871620977e-01
8.850000000000000000e+02 1.524686096133157365e-01
8.860000000000000000e+02 1.522656173429173809e-01
8.870000000000000000e+02 1.520631507242903302e-01
8.880000000000000000e+02 1.518612079148390914e-01
8.890000000000000000e+02 1.516597870809909543e-01
8.900000000000000000e+02 1.514588863981203293e-01
8.910000000000000000e+02 1.512585040504949851e-01
8.920000000000000000e+02 1.510586382312030795e-01
8.930000000000000000e+02 1.508592871421043369e-01
8.940000000000000000e+02 1.506604489937514169e-01
8.950000000000000000e+02 1.504621220053430630e-01
8.960000000000000000e+02 1.502643044046546028e-01
8.970000000000000000e+02 1.500669944279820200e-01
8.980000000000000000e+02 1.498701903200784780e-01
8.990000000000000000e+02 1.496738903341030824e-01
9.000000000000000000e+02 1.494780927315501329e-01
9.010000000000000000e+02 1.492827957822062956e-01
9.020000000000000000e+02 1.490879977640773291e-01
9.030000000000000000e+02 1.488936969633467555e-01
9.040000000000000000e+02 1.486998916743114685e-01
9.050000000000000000e+02 1.485065801993235846e-01
9.060000000000000000e+02 1.483137608487412606e-01
9.070000000000000000e+02 1.481214319408722668e-01
9.080000000000000000e+02 1.479295918019182809e-01
9.090000000000000000e+02 1.477382387659270380e-01
9.100000000000000000e+02 1.475473711747292971e-01
9.110000000000000000e+02 1.473569873778970418e-01
9.120000000000000000e+02 1.471670857326824733e-01
9.130000000000000000e+02 1.469776646039736012e-01
9.140000000000000000e+02 1.467887223642389827e-01
9.150000000000000000e+02 1.466002573934792330e-01
9.160000000000000000e+02 1.464122680791772602e-01
9.170000000000000000e+02 1.462247528162418098e-01
9.180000000000000000e+02 1.460377100069734368e-01
9.190000000000000000e+02 1.458511380610005848e-01
9.200000000000000000e+02 1.456650353952339827e-01
9.210000000000000000e+02 1.454794004338342273e-01
9.220000000000000000e+02 1.452942316081404783e-01
9.230000000000000000e+02 1.451095273566402610e-01
9.240000000000000000e+02 1.449252861249199775e-01
9.250000000000000000e+02 1.447415063656136980e-01
9.260000000000000000e+02 1.445581865383607223e-01
9.270000000000000000e+02 1.443753251097650570e-01
9.280000000000000000e+02 1.441929205533447889e-01
9.290000000000000000e+02 1.440109713494855948e-01
9.300000000000000000e+02 1.438294759854008842e-01
9.310000000000000000e+02 1.436484329550934413e-01
9.320000000000000000e+02 1.434678407592990534e-01
9.330000000000000000e+02 1.432876979054597266e-01
9.340000000000000000e+02 1.431080029076605975e-01
9.350000000000000000e+02 1.429287542866095329e-01
9.360000000000000000e+02 1.427499505695824511e-01
9.370000000000000000e+02 1.425715902903854915e-01
9.380000000000000000e+02 1.423936719893119374e-01
9.390000000000000000e+02 1.422161942131080214e-01
9.400000000000000000e+02 1.420391555149262408e-01
9.410000000000000000e+02 1.418625544542850281e-01
9.420000000000000000e+02 1.416863895970347786e-01
9.430000000000000000e+02 1.415106595153154956e-01
9.440000000000000000e+02 1.413353627875172103e-01
9.450000000000000000e+02 1.411604979982417074e-01
9.460000000000000000e+02 1.409860637382658599e-01
9.470000000000000000e+02 1.408120586045039091e-01
9.480000000000000000e+02 1.406384811999666640e-01
9.490000000000000000e+02 1.404653301337304150e-01
9.500000000000000000e+02 1.402926040208922198e-01
9.510000000000000000e+02 1.401203014825386228e-01
9.520000000000000000e+02 1.399484211457112381e-01
9.530000000000000000e+02 1.397769616433654771e-01
9.540000000000000000e+02 1.396059216143341053e-01
9.550000000000000000e+02 1.394352997033027897e-01
9.560000000000000000e+02 1.392650945607592228e-01
9.570000000000000000e+02 1.390953048429723615e-01
9.580000000000000000e+02 1.389259292119498224e-01
9.590000000000000000e+02 1.387569663354068783e-01
9.600000000000000000e+02 1.385884148867320420e-01
9.610000000000000000e+02 1.384202735449500676e-01
9.620000000000000000e+02 1.382525409946983586e-01
9.630000000000000000e+02 1.380852159261809764e-01
9.640000000000000000e+02 1.379182970351448267e-01
9.650000000000000000e+02 1.377517830228466855e-01
9.660000000000000000e+02 1.375856725960163951e-01
9.670000000000000000e+02 1.374199644668294418e-01
9.680000000000000000e+02 1.372546573528691805e-01
9.690000000000000000e+02 1.370897499771081551e-01
9.700000000000000000e+02 1.369252410678593879e-01
9.710000000000000000e+02 1.367611293587581434e-01
9.720000000000000000e+02 1.365974135887278729e-01
9.730000000000000000e+02 1.364340925019515149e-01
9.740000000000000000e+02 1.362711648478356352e-01
9.750000000000000000e+02 1.361086293809845860e-01
9.760000000000000000e+02 1.359464848611711407e-01
9.770000000000000000e+02 1.357847300533093771e-01
9.780000000000000000e+02 1.356233637274189829e-01
9.790000000000000000e+02 1.354623846585962799e-01
9.800000000000000000e+02 1.353017916269985965e-01
9.810000000000000000e+02 1.351415834177943087e-01
9.820000000000000000e+02 1.349817588211591479e-01
9.830000000000000000e+02 1.348223166322229105e-01
9.840000000000000000e+02 1.346632556510622969e-01
9.850000000000000000e+02 1.345045746826611932e-01
9.860000000000000000e+02 1.343462725368876065e-01
9.870000000000000000e+02 1.341883480615597701e-01
9.880000000000000000e+02 1.340308000100528529e-01
9.890000000000000000e+02 1.338736272398056149e-01
9.900000000000000000e+02 1.337168285799549550e-01
9.910000000000000000e+02 1.335604028643794794e-01
9.920000000000000000e+02 1.334043489316852071e-01
9.930000000000000000e+02 1.332486656251746504e-01
9.940000000000000000e+02 1.330933517596697702e-01
9.950000000000000000e+02 1.329384062540855949e-01
9.960000000000000000e+02 1.327838279325198600e-01
9.970000000000000000e+02 1.326296156568088636e-01
9.980000000000000000e+02 1.324757682933597747e-01
9.990000000000000000e+02 1.323222847131252378e-01
1.000000000000000000e+03 1.321691637915768103e-01
1.001000000000000000e+03 1.320164044086875599e-01
1.002000000000000000e+03 1.318640054489006730e-01
1.003000000000000000e+03 1.317119658011041139e-01
1.004000000000000000e+03 1.315602843586153869e-01
1.005000000000000000e+03 1.314089600191504226e-01
1.006000000000000000e+03 1.312579916848016226e-01
1.007000000000000000e+03 1.311073782620212347e-01
1.008000000000000000e+03 1.309571186615844929e-01
1.009000000000000000e+03 1.308072117985737415e-01
1.010000000000000000e+03 1.306576565923632527e-01
1.011000000000000000e+03 1.305084519665871690e-01
1.012000000000000000e+03 1.303595968491136625e-01
1.013000000000000000e+03 1.302110901720373859e-01
1.014000000000000000e+03 1.300629308716407251e-01
1.015000000000000000e+03 1.299151178883825863e-01
1.016000000000000000e+03 1.297676501668720561e-01
1.017000000000000000e+03 1.296205266558471958e-01
1.018000000000000000e+03 1.294737463081559459e-01
1.019000000000000000e+03 1.293273080807343656e-01
1.020000000000000000e+03 1.291812109345764348e-01
1.021000000000000000e+03 1.290354538347310565e-01
1.022000000000000000e+03 1.288900357502606731e-01
1.023000000000000000e+03 1.287449556542367146e-01
1.024000000000000000e+03 1.286002125237113713e-01
1.025000000000000000e+03 1.284558053396971655e-01
1.026000000000000000e+03 1.283117330871465511e-01
1.027000000000000000e+03 1.281679947549354548e-01
1.028000000000000000e+03 1.280245893358402387e-01
1.029000000000000000e+03 1.278815158265200203e-01
1.030000000000000000e+03 1.277387732274901377e-01
1.031000000000000000e+03 1.275963605431077452e-01
1.032000000000000000e+03 1.274542767815606825e-01
1.033000000000000000e+03 1.273125209548309766e-01
1.034000000000000000e+03 1.271710920786854604e-01
1.035000000000000000e+03 1.270299891726599240e-01
1.036000000000000000e+03 1.268892112600283895e-01
1.037000000000000000e+03 1.267487573677982815e-01
1.038000000000000000e+03 1.266086265266815614e-01
1.039000000000000000e+03 1.264688177710780737e-01
1.040000000000000000e+03 1.263293301390636669e-01
1.041000000000000000e+03 1.261901626723622161e-01
1.042000000000000000e+03 1.260513144163321331e-01
1.043000000000000000e+03 1.259127844199509350e-01
1.044000000000000000e+03 1.257745717357948156e-01
1.045000000000000000e+03 1.256366754200144431e-01
1.046000000000000000e+03 1.254990945323299356e-01
1.047000000000000000e+03 1.253618281360048825e-01
1.048000000000000000e+03 1.252248752978292745e-01
1.049000000000000000e+03 1.250882350881037663e-01
1.050000000000000000e+03 1.249519065806236479e-01
1.051000000000000000e+03 1.248158888526591098e-01
1.052000000000000000e+03 1.246801809849393816e-01
1.053000000000000000e+03 1.245447820616378681e-01
1.054000000000000000e+03 1.244096911703505004e-01
1.055000000000000000e+03 1.242749074020829819e-01
1.056000000000000000e+03 1.241404298512330112e-01
1.057000000000000000e+03 1.240062576155750995e-01
1.058000000000000000e+03 1.238723897962429737e-01
1.059000000000000000e+03 1.237388254977097868e-01
1.060000000000000000e+03 1.236055638277841762e-01
1.061000000000000000e+03 1.234726038975752782e-01
1.062000000000000000e+03 1.233399448214995836e-01
1.063000000000000000e+03 1.232075857172361122e-01
1.064000000000000000e+03 1.230755257057444263e-01
1.065000000000000000e+03 1.229437639112212627e-01
1.066000000000000000e+03 1.228122994611028224e-01
1.067000000000000000e+03 1.226811314860330876e-01
1.068000000000000000e+03 1.225502591198685542e-01
1.069000000000000000e+03 1.224196814996454802e-01
1.070000000000000000e+03 1.222893977655738068e-01
1.071000000000000000e+03 1.221594070610183269e-01
1.072000000000000000e+03 1.220297085324840297e-01
1.073000000000000000e+03 1.219003013296086069e-01
1.074000000000000000e+03 1.217711846051361124e-01
1.075000000000000000e+03 1.216423575149093717e-01
1.076000000000000000e+03 1.215138192178531612e-01
1.077000000000000000e+03 1.213855688759627321e-01
1.078000000000000000e+03 1.212576056542851444e-01
1.079000000000000000e+03 1.211299287209078035e-01
1.080000000000000000e+03 1.210025372469445554e-01
1.081000000000000000e+03 1.208754304065162571e-01
1.082000000000000000e+03 1.207486073767464752e-01
1.083000000000000000e+03 1.206220673377426111e-01
1.084000000000000000e+03 1.204958094725742113e-01
1.085000000000000000e+03 1.203698329672737016e-01
1.086000000000000000e+03 1.202441370108142116e-01
1.087000000000000000e+03 1.201187207950938918e-01
1.088000000000000000e+03 1.199935835149330970e-01
1.089000000000000000e+03 1.198687243680439246e-01
1.090000000000000000e+03 1.197441425550360011e-01
1.091000000000000000e+03 1.196198372793898096e-01
1.092000000000000000e+03 1.194958077474480018e-01
1.093000000000000000e+03 1.193720531684009240e-01
1.094000000000000000e+03 1.192485727542798996e-01
1.095000000000000000e+03 1.191253657199293631e-01
1.096000000000000000e+03 1.190024312830151171e-01
1.097000000000000000e+03 1.188797686639917334e-01
1.098000000000000000e+03 1.187573770861034689e-01
1.099000000000000000e+03 1.186352557753638376e-01
