3.000000000000000000e+02 3.172809105348204928e-01
3.010000000000000000e+02 3.171703078496491135e-01
3.020000000000000000e+02 3.170575690094732391e-01
3.030000000000000000e+02 3.169426609644894755e-01
3.040000000000000000e+02 3.168255503051002897e-01
3.050000000000000000e+02 3.167062032607979027e-01
3.060000000000000000e+02 3.165845856991123530e-01
3.070000000000000000e+02 3.164606631246264512e-01
3.080000000000000000e+02 3.163344006780590689e-01
3.090000000000000000e+02 3.162057631354199261e-01
3.100000000000000000e+02 3.160747149072366535e-01
3.110000000000000000e+02 3.159412200378576285e-01
3.120000000000000000e+02 3.158052422048321373e-01
3.130000000000000000e+02 3.156667447183706399e-01
3.140000000000000000e+02 3.155256905208865259e-01
3.150000000000000000e+02 3.153820421866230794e-01
3.160000000000000000e+02 3.152357619213668749e-01
3.170000000000000000e+02 3.150868115622509347e-01
3.180000000000000000e+02 3.149351525776493688e-01
3.190000000000000000e+02 3.147807460671667168e-01
3.200000000000000000e+02 3.146235527617242123e-01
3.210000000000000000e+02 3.144635330237453008e-01
3.220000000000000000e+02 3.143006468474437431e-01
3.230000000000000000e+02 3.141348538592166340e-01
3.240000000000000000e+02 3.139661133181446684e-01
3.250000000000000000e+02 3.137943841166032088e-01
3.260000000000000000e+02 3.136196247809862614e-01
3.270000000000000000e+02 3.134417934725468591e-01
3.280000000000000000e+02 3.132608479883557950e-01
3.290000000000000000e+02 3.130767457623829242e-01
3.300000000000000000e+02 3.128894438667026989e-01
3.310000000000000000e+02 3.126988990128274915e-01
3.320000000000000000e+02 3.125050675531725886e-01
3.330000000000000000e+02 3.123079054826538581e-01
3.340000000000000000e+02 3.121073684404235271e-01
3.350000000000000000e+02 3.119034117117454596e-01
3.360000000000000000e+02 3.116959902300139862e-01
3.370000000000000000e+02 3.114850585789196158e-01
3.380000000000000000e+02 3.112705709947640731e-01
3.390000000000000000e+02 3.110524813689288237e-01
3.400000000000000000e+02 3.108307432504999190e-01
3.410000000000000000e+02 3.106053098490525466e-01
3.420000000000000000e+02 3.103761340375991162e-01
3.430000000000000000e+02 3.101431683557036578e-01
3.440000000000000000e+02 3.099063650127661940e-01
3.450000000000000000e+02 3.096656758914812513e-01
3.460000000000000000e+02 3.094210525514725085e-01
3.470000000000000000e+02 3.091724462331091883e-01
3.480000000000000000e+02 3.089198078615054688e-01
3.490000000000000000e+02 3.086630880507087449e-01
3.500000000000000000e+02 3.084022371080783476e-01
3.510000000000000000e+02 3.081372050388599404e-01
3.520000000000000000e+02 3.078679415509582018e-01
3.530000000000000000e+02 3.075943960599125115e-01
3.540000000000000000e+02 3.073165176940776400e-01
3.550000000000000000e+02 3.070342553000154351e-01
3.560000000000000000e+02 3.067475574480992839e-01
3.570000000000000000e+02 3.064563724383362331e-01
3.580000000000000000e+02 3.061606483064098772e-01
3.590000000000000000e+02 3.058603328299485669e-01
3.600000000000000000e+02 3.055553735350217126e-01
3.610000000000000000e+02 3.052457177028687907e-01
3.620000000000000000e+02 3.049313123768649381e-01
3.630000000000000000e+02 3.046121043697256892e-01
3.640000000000000000e+02 3.042880402709562393e-01
3.650000000000000000e+02 3.039590664545483989e-01
3.660000000000000000e+02 3.036251290869284580e-01
3.670000000000000000e+02 3.032861741351605134e-01
3.680000000000000000e+02 3.029421473754090322e-01
3.690000000000000000e+02 3.025929944016639284e-01
3.700000000000000000e+02 3.022386606347320925e-01
3.710000000000000000e+02 3.018790913314993718e-01
3.720000000000000000e+02 3.015142315944664420e-01
3.730000000000000000e+02 3.011440263815622909e-01
3.740000000000000000e+02 3.007684205162393098e-01
3.750000000000000000e+02 3.003873586978528243e-01
3.760000000000000000e+02 3.000007855123295597e-01
3.770000000000000000e+02 2.996086454431282631e-01
3.780000000000000000e+02 2.992108828824958655e-01
3.790000000000000000e+02 2.988074421430225724e-01
3.800000000000000000e+02 2.983982674694999337e-01
3.810000000000000000e+02 2.979833030510843361e-01
3.820000000000000000e+02 2.975624930337703589e-01
3.830000000000000000e+02 2.971357815331759911e-01
3.840000000000000000e+02 2.967031126476438740e-01
3.850000000000000000e+02 2.962644304716613997e-01
3.860000000000000000e+02 2.958196791096027178e-01
3.870000000000000000e+02 2.953688026897952068e-01
3.880000000000000000e+02 2.949117453789140697e-01
3.890000000000000000e+02 2.944484513967075001e-01
3.900000000000000000e+02 2.939788650310543594e-01
3.910000000000000000e+02 2.935029306533588067e-01
3.920000000000000000e+02 2.930205927342824923e-01
3.930000000000000000e+02 2.925317958598173673e-01
3.940000000000000000e+02 2.920364847477021630e-01
3.950000000000000000e+02 2.915346042641833724e-01
3.960000000000000000e+02 2.910260994411239532e-01
3.970000000000000000e+02 2.905109154934605309e-01
3.980000000000000000e+02 2.899889978370120414e-01
3.990000000000000000e+02 2.894602921066404266e-01
4.000000000000000000e+02 2.889247441747653800e-01
4.010000000000000000e+02 2.883823001702341959e-01
4.020000000000000000e+02 2.878329064975482798e-01
4.030000000000000000e+02 2.872765098564465935e-01
4.040000000000000000e+02 2.867130572618477591e-01
4.050000000000000000e+02 2.861424960641500981e-01
4.060000000000000000e+02 2.855647739698918275e-01
4.070000000000000000e+02 2.849798390627696354e-01
4.080000000000000000e+02 2.843876398250176907e-01
4.090000000000000000e+02 2.837881251591449772e-01
4.100000000000000000e+02 2.831812444100317849e-01
4.110000000000000000e+02 2.825669473873844151e-01
4.120000000000000000e+02 2.819451843885472098e-01
4.130000000000000000e+02 2.813159062216704642e-01
4.140000000000000000e+02 2.806790642292333327e-01
4.150000000000000000e+02 2.800346103119199515e-01
4.160000000000000000e+02 2.793824969528468927e-01
4.170000000000000000e+02 2.787226772421392829e-01
4.180000000000000000e+02 2.780551049018543108e-01
4.190000000000000000e+02 2.773797343112481828e-01
4.200000000000000000e+02 2.766965205323840826e-01
4.210000000000000000e+02 2.760054193360781949e-01
4.220000000000000000e+02 2.753063872281785174e-01
4.230000000000000000e+02 2.745993814761752971e-01
4.240000000000000000e+02 2.738843601361353186e-01
4.250000000000000000e+02 2.731612820799591557e-01
4.260000000000000000e+02 2.724301070229527277e-01
4.270000000000000000e+02 2.716907955517106066e-01
4.280000000000000000e+02 2.709433091523042458e-01
4.290000000000000000e+02 2.701876102387687495e-01
4.300000000000000000e+02 2.694236621818827948e-01
4.310000000000000000e+02 2.686514293382333829e-01
4.320000000000000000e+02 2.678708770795599770e-01
4.330000000000000000e+02 2.670819718223687578e-01
4.340000000000000000e+02 2.662846810578099466e-01
4.350000000000000000e+02 2.654789733818094244e-01
4.360000000000000000e+02 2.646648185254460439e-01
4.370000000000000000e+02 2.638421873855640309e-01
4.380000000000000000e+02 2.630110520556134812e-01
4.390000000000000000e+02 2.621713858567051858e-01
4.400000000000000000e+02 2.613231633688721800e-01
4.410000000000000000e+02 2.604663604625253037e-01
4.420000000000000000e+02 2.596009543300908939e-01
4.430000000000000000e+02 2.587269235178204507e-01
4.440000000000000000e+02 2.578442479577570112e-01
4.450000000000000000e+02 2.569529089998477400e-01
4.460000000000000000e+02 2.560528894441873593e-01
4.470000000000000000e+02 2.551441735733795402e-01
4.480000000000000000e+02 2.542267471850007676e-01
4.490000000000000000e+02 2.533005976241526347e-01
4.500000000000000000e+02 2.523657138160863012e-01
4.510000000000000000e+02 2.514220862988827965e-01
4.520000000000000000e+02 2.504697072561738458e-01
4.530000000000000000e+02 2.495085705498842066e-01
4.540000000000000000e+02 2.485386717529796397e-01
4.550000000000000000e+02 2.475600081822010301e-01
4.560000000000000000e+02 2.465725789307665894e-01
4.570000000000000000e+02 2.455763849010227096e-01
4.580000000000000000e+02 2.445714288370235689e-01
4.590000000000000000e+02 2.435577153570189779e-01
4.600000000000000000e+02 2.425352509858302030e-01
4.610000000000000000e+02 2.415040441870915933e-01
4.620000000000000000e+02 2.404641053953364138e-01
4.630000000000000000e+02 2.394154470479045727e-01
4.640000000000000000e+02 2.383580836166480921e-01
4.650000000000000000e+02 2.372920316394130091e-01
4.660000000000000000e+02 2.362173097512704212e-01
4.670000000000000000e+02 2.351339387154755822e-01
4.680000000000000000e+02 2.340419414541264342e-01
4.690000000000000000e+02 2.329413430784986472e-01
4.700000000000000000e+02 2.318321709190295787e-01
4.710000000000000000e+02 2.307144545549242864e-01
4.720000000000000000e+02 2.295882258433578071e-01
4.730000000000000000e+02 2.284535189482440609e-01
4.740000000000000000e+02 2.273103703685451782e-01
4.750000000000000000e+02 2.261588189660910797e-01
4.760000000000000000e+02 2.249989059928809432e-01
4.770000000000000000e+02 2.238306751178374965e-01
4.780000000000000000e+02 2.226541724529826349e-01
4.790000000000000000e+02 2.214694465790062738e-01
4.800000000000000000e+02 2.202765485701951853e-01
4.810000000000000000e+02 2.190755320186925093e-01
4.820000000000000000e+02 2.178664530580558534e-01
4.830000000000000000e+02 2.166493703860812858e-01
4.840000000000000000e+02 2.154243452868628006e-01
4.850000000000000000e+02 2.141914416520526721e-01
4.860000000000000000e+02 2.129507260012911962e-01
4.870000000000000000e+02 2.117022675017729005e-01
4.880000000000000000e+02 2.104461379869142224e-01
4.890000000000000000e+02 2.091824119740915977e-01
4.900000000000000000e+02 2.079111666814138504e-01
4.910000000000000000e+02 2.066324820434963239e-01
4.920000000000000000e+02 2.053464407262025615e-01
4.930000000000000000e+02 2.040531281403185626e-01
4.940000000000000000e+02 2.027526324541268354e-01
4.950000000000000000e+02 2.014450446048437759e-01
4.960000000000000000e+02 2.001304583088887312e-01
4.970000000000000000e+02 1.988089700709478325e-01
4.980000000000000000e+02 1.974806791918000681e-01
4.990000000000000000e+02 1.961456877748709304e-01
5.000000000000000000e+02 1.948041007314792461e-01
5.010000000000000000e+02 1.934560257847438014e-01
5.020000000000000000e+02 1.921015734721159274e-01
5.030000000000000000e+02 1.907408571465039615e-01
5.040000000000000000e+02 1.893739929759581109e-01
5.050000000000000000e+02 1.880010999418805784e-01
5.060000000000000000e+02 1.866222998357305596e-01
5.070000000000000000e+02 1.852377172541911088e-01
5.080000000000000000e+02 1.838474795927656225e-01
5.090000000000000000e+02 1.824517170377750463e-01
5.100000000000000000e+02 1.810505625567222776e-01
5.110000000000000000e+02 1.796441518869972831e-01
5.120000000000000000e+02 1.782326235228902933e-01
5.130000000000000000e+02 1.768161187008868429e-01
5.140000000000000000e+02 1.753947813832167635e-01
5.150000000000000000e+02 1.739687582396281240e-01
5.160000000000000000e+02 1.725381986273631096e-01
5.170000000000000000e+02 1.711032545693078888e-01
5.180000000000000000e+02 1.696640807302938481e-01
5.190000000000000000e+02 1.682208343915267412e-01
5.200000000000000000e+02 1.667736754231210761e-01
5.210000000000000000e+02 1.653227662547199217e-01
5.220000000000000000e+02 1.638682718441785424e-01
5.230000000000000000e+02 1.624103596442962039e-01
5.240000000000000000e+02 1.609491995675757792e-01
5.250000000000000000e+02 1.594849639489972493e-01
5.260000000000000000e+02 1.580178275067912752e-01
5.270000000000000000e+02 1.565479673011973272e-01
5.280000000000000000e+02 1.550755626911982932e-01
5.290000000000000000e+02 1.536007952892191331e-01
5.300000000000000000e+02 1.521238489137827776e-01
5.310000000000000000e+02 1.506449095401169724e-01
5.320000000000000000e+02 1.491641652487064873e-01
5.330000000000000000e+02 1.476818061717891373e-01
5.340000000000000000e+02 1.461980244377936167e-01
5.350000000000000000e+02 1.447130141137203396e-01
5.360000000000000000e+02 1.432269711454694228e-01
5.370000000000000000e+02 1.417400932961186411e-01
5.380000000000000000e+02 1.402525800821609325e-01
5.390000000000000000e+02 1.387646327077087516e-01
5.400000000000000000e+02 1.372764539966772612e-01
5.410000000000000000e+02 1.357882483229612691e-01
5.420000000000000000e+02 1.343002215386191189e-01
5.430000000000000000e+02 1.328125809000852420e-01
5.440000000000000000e+02 1.313255349924283277e-01
5.450000000000000000e+02 1.298392936516814533e-01
5.460000000000000000e+02 1.283540678852672090e-01
5.470000000000000000e+02 1.268700697905462971e-01
5.480000000000000000e+02 1.253875124715216893e-01
5.490000000000000000e+02 1.239066099537280141e-01
5.500000000000000000e+02 1.224275770973450306e-01
5.510000000000000000e+02 1.209506295085709254e-01
5.520000000000000000e+02 1.194759834492967465e-01
5.530000000000000000e+02 1.180038557451262016e-01
5.540000000000000000e+02 1.165344636917851617e-01
5.550000000000000000e+02 1.150680249599701777e-01
5.560000000000000000e+02 1.136047574986875502e-01
5.570000000000000000e+02 1.121448794371366214e-01
5.580000000000000000e+02 1.106886089851925187e-01
5.590000000000000000e+02 1.092361643325495957e-01
5.600000000000000000e+02 1.077877635465857714e-01
5.610000000000000000e+02 1.063436244690134924e-01
5.620000000000000000e+02 1.049039646113818641e-01
5.630000000000000000e+02 1.034690010495026291e-01
5.640000000000000000e+02 1.020389503168708800e-01
5.650000000000000000e+02 1.006140282971533795e-01
5.660000000000000000e+02 9.919445011582465888e-02
5.670000000000000000e+02 9.778043003102949993e-02
5.680000000000000000e+02 9.637218132375163782e-02
5.690000000000000000e+02 9.496991618737664342e-02
5.700000000000000000e+02 9.357384561673304235e-02
5.710000000000000000e+02 9.218417929670240374e-02
5.720000000000000000e+02 9.080112549048678650e-02
5.730000000000000000e+02 8.942489092763034053e-02
5.740000000000000000e+02 8.805568069188823843e-02
5.750000000000000000e+02 8.669369810903904128e-02
5.760000000000000000e+02 8.533914463474234768e-02
5.770000000000000000e+02 8.399221974254100775e-02
5.780000000000000000e+02 8.265312081210927919e-02
5.790000000000000000e+02 8.132204301785349310e-02
5.800000000000000000e+02 7.999917921796867448e-02
5.810000000000000000e+02 7.868471984405973896e-02
5.820000000000000000e+02 7.737885279143279227e-02
5.830000000000000000e+02 7.608176331016885952e-02
5.840000000000000000e+02 7.479363389708880427e-02
5.850000000000000000e+02 7.351464418871898887e-02
5.860000000000000000e+02 7.224497085537268104e-02
5.870000000000000000e+02 7.098478749645695252e-02
5.880000000000000000e+02 6.973426453711943640e-02
5.890000000000000000e+02 6.849356912634620154e-02
5.900000000000000000e+02 6.726286503662613769e-02
5.910000000000000000e+02 6.604231256529420613e-02
5.920000000000000000e+02 6.483206843766475824e-02
5.930000000000000000e+02 6.363228571207070472e-02
5.940000000000000000e+02 6.244311368691863456e-02
5.950000000000000000e+02 6.126469780987068431e-02
5.960000000000000000e+02 6.009717958926587972e-02
5.970000000000000000e+02 5.894069650788839182e-02
5.980000000000000000e+02 5.779538193919267486e-02
5.990000000000000000e+02 5.666136506608984019e-02
6.000000000000000000e+02 5.553877080240347819e-02
6.010000000000000000e+02 5.442771971709697842e-02
6.020000000000000000e+02 5.332832796137257358e-02
6.030000000000000000e+02 5.224070719874415736e-02
6.040000000000000000e+02 5.116496453817948042e-02
6.050000000000000000e+02 5.010120247040521918e-02
6.060000000000000000e+02 4.904951880746919596e-02
6.070000000000000000e+02 4.801000662564657018e-02
6.080000000000000000e+02 4.698275421177763173e-02
6.090000000000000000e+02 4.596784501311757670e-02
6.100000000000000000e+02 4.496535759078004735e-02
6.110000000000000000e+02 4.397536557684897374e-02
6.120000000000000000e+02 4.299793763522921641e-02
6.130000000000000000e+02 4.203313742630677280e-02
6.140000000000000000e+02 4.108102357547973454e-02
6.150000000000000000e+02 4.014164964562175197e-02
6.160000000000000000e+02 3.921506411353062327e-02
6.170000000000000000e+02 3.830131035041513254e-02
6.180000000000000000e+02 3.740042660646495515e-02
6.190000000000000000e+02 3.651244599954343167e-02
6.200000000000000000e+02 3.563739650804133990e-02
6.210000000000000000e+02 3.477530096792164765e-02
6.220000000000000000e+02 3.392617707397977550e-02
6.230000000000000000e+02 3.309003738534185141e-02
6.240000000000000000e+02 3.226688933521403707e-02
6.250000000000000000e+02 3.145673524489370210e-02
6.260000000000000000e+02 3.065957234204423273e-02
6.270000000000000000e+02 2.987539278323377706e-02
6.280000000000000000e+02 2.910418368072901357e-02
6.290000000000000000e+02 2.834592713352953458e-02
6.300000000000000000e+02 2.760060026262537922e-02
6.310000000000000000e+02 2.686817525045124416e-02
6.320000000000000000e+02 2.614861938450549830e-02
6.330000000000000000e+02 2.544189510509847763e-02
6.340000000000000000e+02 2.474796005718557859e-02
6.350000000000000000e+02 2.406676714623711202e-02
6.360000000000000000e+02 2.339826459808857367e-02
6.370000000000000000e+02 2.274239602271231619e-02
6.380000000000000000e+02 2.209910048184302381e-02
6.390000000000000000e+02 2.146831256038404800e-02
6.400000000000000000e+02 2.084996244151797115e-02
6.410000000000000000e+02 2.024397598543657695e-02
6.420000000000000000e+02 1.965027481160173256e-02
6.430000000000000000e+02 1.906877638444167897e-02
6.440000000000000000e+02 1.849939410238413823e-02
6.450000000000000000e+02 1.794203739012048202e-02
6.460000000000000000e+02 1.739661179399044910e-02
6.470000000000000000e+02 1.686301908037381517e-02
6.480000000000000000e+02 1.634115733696868064e-02
6.490000000000000000e+02 1.583092107683192057e-02
6.500000000000000000e+02 1.533220134505463260e-02
6.510000000000000000e+02 1.484488582793906664e-02
6.520000000000000000e+02 1.436885896454146577e-02
6.530000000000000000e+02 1.390400206043986529e-02
6.540000000000000000e+02 1.345019340358445323e-02
6.550000000000000000e+02 1.300730838208336189e-02
6.560000000000000000e+02 1.257521960377374314e-02
6.570000000000000000e+02 1.215379701742693233e-02
6.580000000000000000e+02 1.174290803543207203e-02
6.590000000000000000e+02 1.134241765780197829e-02
6.600000000000000000e+02 1.095218859734168639e-02
6.610000000000000000e+02 1.057208140582038651e-02
6.620000000000000000e+02 1.020195460098451828e-02
6.630000000000000000e+02 9.841664794249187220e-03
6.640000000000000000e+02 9.491066818905335295e-03
6.650000000000000000e+02 9.150013858678531301e-03
6.660000000000000000e+02 8.818357576475269188e-03
6.670000000000000000e+02 8.495948243154013979e-03
6.680000000000000000e+02 8.182634866157232137e-03
6.690000000000000000e+02 7.878265317842737120e-03
6.700000000000000000e+02 7.582686463352639183e-03
6.710000000000000000e+02 7.295744287861049074e-03
6.720000000000000000e+02 7.017284023042282860e-03
6.730000000000000000e+02 6.747150272603472283e-03
6.740000000000000000e+02 6.485187136728782706e-03
6.750000000000000000e+02 6.231238335284054047e-03
6.760000000000000000e+02 5.985147329633746204e-03
6.770000000000000000e+02 5.746757442926099350e-03
6.780000000000000000e+02 5.515911978704836002e-03
6.790000000000000000e+02 5.292454337710281870e-03
6.800000000000000000e+02 5.076228132736108033e-03
6.810000000000000000e+02 4.867077301412933710e-03
6.820000000000000000e+02 4.664846216793944178e-03
6.830000000000000000e+02 4.469379795622271945e-03
6.840000000000000000e+02 4.280523604165640747e-03
6.850000000000000000e+02 4.098123961507930957e-03
6.860000000000000000e+02 3.922028040193442470e-03
6.870000000000000000e+02 3.752083964124390374e-03
6.880000000000000000e+02 3.588140903618735472e-03
6.890000000000000000e+02 3.430049167540534950e-03
6.900000000000000000e+02 3.277660292421095099e-03
6.910000000000000000e+02 3.130827128495768802e-03
6.920000000000000000e+02 2.989403922586847916e-03
6.930000000000000000e+02 2.853246397769447409e-03
6.940000000000000000e+02 2.722211829763954150e-03
6.950000000000000000e+02 2.596159120004532580e-03
6.960000000000000000e+02 2.474948865340091068e-03
6.970000000000000000e+02 2.358443424330086257e-03
6.980000000000000000e+02 2.246506980104694129e-03
6.990000000000000000e+02 2.139005599764827025e-03
7.000000000000000000e+02 2.035807290304016658e-03
7.010000000000000000e+02 1.936782051041004713e-03
7.020000000000000000e+02 1.841801922557838181e-03
7.030000000000000000e+02 1.750741032144616065e-03
7.040000000000000000e+02 1.663475635758631483e-03
7.050000000000000000e+02 1.579884156511317294e-03
7.060000000000000000e+02 1.499847219702752418e-03
7.070000000000000000e+02 1.423247684429081433e-03
7.080000000000000000e+02 1.349970671794329183e-03
7.090000000000000000e+02 1.279903589763320415e-03
7.100000000000000000e+02 1.212936154697961868e-03
7.110000000000000000e+02 1.148960409624525791e-03
7.120000000000000000e+02 1.087870739284420036e-03
7.130000000000000000e+02 1.029563882025935195e-03
7.140000000000000000e+02 9.739389385989417718e-04
7.150000000000000000e+02 9.208973779191702985e-04
7.160000000000000000e+02 8.703430398726844574e-04
7.170000000000000000e+02 8.221821352351343665e-04
7.180000000000000000e+02 7.763232427842718403e-04
7.190000000000000000e+02 7.326773036874565216e-04
7.200000000000000000e+02 6.911576132491546601e-04
7.210000000000000000e+02 6.516798101064882453e-04
7.220000000000000000e+02 6.141618629634034311e-04
7.230000000000000000e+02 5.785240549565906758e-04
7.240000000000000000e+02 5.446889657483069405e-04
7.250000000000000000e+02 5.125814514432914040e-04
7.260000000000000000e+02 4.821286224284470701e-04
7.270000000000000000e+02 4.532598192353271102e-04
7.280000000000000000e+02 4.259065865266370302e-04
7.290000000000000000e+02 4.000026453086844686e-04
7.300000000000000000e+02 3.754838634722585614e-04
7.310000000000000000e+02 3.522882247648315016e-04
7.320000000000000000e+02 3.303557962968855307e-04
7.330000000000000000e+02 3.096286946850765505e-04
7.340000000000000000e+02 2.900510509344167236e-04
7.350000000000000000e+02 2.715689741610851585e-04
7.360000000000000000e+02 2.541305142565012960e-04
7.370000000000000000e+02 2.376856235921850360e-04
7.380000000000000000e+02 2.221861178636668009e-04
7.390000000000000000e+02 2.075856361701082769e-04
7.400000000000000000e+02 1.938396004246332289e-04
7.410000000000000000e+02 1.809051741884254872e-04
7.420000000000000000e+02 1.687412210196435349e-04
7.430000000000000000e+02 1.573082624259239469e-04
7.440000000000000000e+02 1.465684355068777903e-04
7.450000000000000000e+02 1.364854503705101372e-04
7.460000000000000000e+02 1.270245474048099527e-04
7.470000000000000000e+02 1.181524544830142820e-04
7.480000000000000000e+02 1.098373441782217561e-04
7.490000000000000000e+02 1.020487910600432449e-04
7.500000000000000000e+02 9.475772914297954277e-05
7.510000000000000000e+02 8.793640955309154727e-05
7.520000000000000000e+02 8.155835847641103851e-05
7.530000000000000000e+02 7.559833544930603152e-05
7.540000000000000000e+02 7.003229204779485228e-05
7.550000000000000000e+02 6.483733102955601009e-05
7.560000000000000000e+02 5.999166597909535282e-05
7.570000000000000000e+02 5.547458150325879170e-05
7.580000000000000000e+02 5.126639402103398756e-05
7.590000000000000000e+02 4.734841318830944199e-05
7.600000000000000000e+02 4.370290399506112256e-05
7.610000000000000000e+02 4.031304956923054101e-05
7.620000000000000000e+02 3.716291471843854771e-05
7.630000000000000000e+02 3.423741023757090102e-05
7.640000000000000000e+02 3.152225800724664452e-05
7.650000000000000000e+02 2.900395690522511541e-05
7.660000000000000000e+02 2.666974954990520449e-05
7.670000000000000000e+02 2.450758989226731424e-05
7.680000000000000000e+02 2.250611166987620757e-05
7.690000000000000000e+02 2.065459773393492842e-05
7.700000000000000000e+02 1.894295025782985091e-05
7.710000000000000000e+02 1.736166183316519183e-05
7.720000000000000000e+02 1.590178745694765302e-05
7.730000000000000000e+02 1.455491741134017513e-05
7.740000000000000000e+02 1.331315103527240771e-05
7.750000000000000000e+02 1.216907138518084572e-05
7.760000000000000000e+02 1.111572078023383587e-05
7.770000000000000000e+02 1.014657722560187646e-05
7.780000000000000000e+02 9.255531705643220587e-06
7.790000000000000000e+02 8.436866337302987738e-06
7.800000000000000000e+02 7.685233372556812413e-06
7.810000000000000000e+02 6.995635037377744007e-06
7.820000000000000000e+02 6.363404193463992996e-06
7.830000000000000000e+02 5.784185807826995859e-06
7.840000000000000000e+02 5.253919214311052766e-06
7.850000000000000000e+02 4.768821150192143328e-06
7.860000000000000000e+02 4.325369550178262313e-06
7.870000000000000000e+02 3.920288079410233336e-06
7.880000000000000000e+02 3.550531386432027317e-06
7.890000000000000000e+02 3.213271056565226613e-06
7.900000000000000000e+02 2.905882245673740451e-06
7.910000000000000000e+02 2.625930973943864210e-06
7.920000000000000000e+02 2.371162059026734441e-06
7.930000000000000000e+02 2.139487667687225210e-06
7.940000000000000000e+02 1.928976464977770196e-06
7.950000000000000000e+02 1.737843339897497574e-06
7.960000000000000000e+02 1.564439686507512679e-06
7.970000000000000000e+02 1.407244219543506153e-06
7.980000000000000000e+02 1.264854303696130102e-06
7.990000000000000000e+02 1.135977775913173476e-06
8.000000000000000000e+02 1.019425240309658525e-06
8.010000000000000000e+02 9.141028155505770341e-07
8.020000000000000000e+02 8.190053148916502173e-07
8.030000000000000000e+02 7.332098394210810792e-07
8.040000000000000000e+02 6.558697654379085731e-07
8.050000000000000000e+02 5.862091073248496252e-07
8.060000000000000000e+02 5.235172377233458096e-07
8.070000000000000000e+02 4.671439472909399987e-07
8.080000000000000000e+02 4.164948268140160553e-07
8.090000000000000000e+02 3.710269549586814945e-07
8.100000000000000000e+02 3.302448754657134581e-07
8.110000000000000000e+02 2.936968481299261097e-07
8.120000000000000000e+02 2.609713584465237311e-07
8.130000000000000000e+02 2.316938713551003439e-07
8.140000000000000000e+02 2.055238150628163589e-07
8.150000000000000000e+02 1.821517814801603744e-07
8.160000000000000000e+02 1.612969303533919949e-07
8.170000000000000000e+02 1.427045847250117692e-07
8.180000000000000000e+02 1.261440058959866468e-07
8.190000000000000000e+02 1.114063365992145721e-07
8.200000000000000000e+02 9.830270162119182569e-08
8.210000000000000000e+02 8.666245562698849963e-08
8.220000000000000000e+02 7.633156845100206358e-08
8.230000000000000000e+02 6.717113861171283208e-08
8.240000000000000000e+02 5.905602629164984630e-08
8.250000000000000000e+02 5.187359749340650453e-08
8.260000000000000000e+02 4.552257153807079326e-08
8.270000000000000000e+02 3.991196451324691097e-08
8.280000000000000000e+02 3.496012170360364621e-08
8.290000000000000000e+02 3.059383244720410923e-08
8.300000000000000000e+02 2.674752125547480352e-08
8.310000000000000000e+02 2.336250941348289967e-08
8.320000000000000000e+02 2.038634164007097251e-08
8.330000000000000000e+02 1.777217273442214087e-08
8.340000000000000000e+02 1.547820946680934845e-08
8.350000000000000000e+02 1.346720328682524892e-08
8.360000000000000000e+02 1.170598972247005935e-08
8.370000000000000000e+02 1.016507062833908176e-08
8.380000000000000000e+02 8.818235711131765532e-09
8.390000000000000000e+02 7.642220016111582954e-09
8.400000000000000000e+02 6.616394299386620208e-09
8.410000000000000000e+02 5.722485438336686312e-09
8.420000000000000000e+02 4.944324246635913786e-09
8.430000000000000000e+02 4.267618261561866196e-09
8.440000000000000000e+02 3.679747260101088947e-09
8.450000000000000000e+02 3.169579437254519424e-09
8.460000000000000000e+02 2.727306345400822688e-09
8.470000000000000000e+02 2.344294848080978484e-09
8.480000000000000000e+02 2.012954485634675196e-09
8.490000000000000000e+02 1.726618784234344301e-09
8.500000000000000000e+02 1.479439164530245488e-09
8.510000000000000000e+02 1.266290221819745986e-09
8.520000000000000000e+02 1.082685256873645118e-09
8.530000000000000000e+02 9.247010357605257586e-10
8.540000000000000000e+02 7.889108486651967197e-10
8.550000000000000000e+02 6.723250222498864312e-10
8.560000000000000000e+02 5.723381179890073097e-10
8.570000000000000000e+02 4.866821205383471878e-10
8.580000000000000000e+02 4.133849859831566843e-10
8.590000000000000000e+02 3.507339801322873606e-10
8.600000000000000000e+02 2.972432922602993274e-10
8.610000000000000000e+02 2.516254601990828095e-10
8.620000000000000000e+02 2.127661887839263841e-10
8.630000000000000000e+02 1.797021856863601686e-10
8.640000000000000000e+02 1.516016769210539120e-10
8.650000000000000000e+02 1.277472990846180658e-10
8.660000000000000000e+02 1.075210969406017118e-10
8.670000000000000000e+02 9.039138356282152217e-11
8.680000000000000000e+02 7.590124612724284097e-11
8.690000000000000000e+02 6.365850382552953252e-11
8.700000000000000000e+02 5.332694547056209210e-11
8.710000000000000000e+02 4.461869337098793120e-11
8.720000000000000000e+02 3.728755715035005398e-11
8.730000000000000000e+02 3.112325654544708081e-11
8.740000000000000000e+02 2.594640599482583463e-11
8.750000000000000000e+02 2.160416616678578333e-11
8.760000000000000000e+02 1.796647861057339740e-11
8.770000000000000000e+02 1.492280956796153881e-11
8.780000000000000000e+02 1.237933776838839380e-11
8.790000000000000000e+02 1.025652885339222555e-11
8.800000000000000000e+02 8.487046030514004944e-12
8.810000000000000000e+02 7.013952730283255053e-12
8.820000000000000000e+02 5.789168511932834817e-12
8.830000000000000000e+02 4.772144306554325081e-12
8.840000000000000000e+02 3.928727366383148145e-12
8.850000000000000000e+02 3.230190065618865948e-12
8.860000000000000000e+02 2.652400025797775212e-12
8.870000000000000000e+02 2.175111966250138347e-12
8.880000000000000000e+02 1.781364251805146420e-12
8.890000000000000000e+02 1.456965365511021389e-12
8.900000000000000000e+02 1.190057509552001663e-12
8.910000000000000000e+02 9.707462649424494170e-13
8.920000000000000000e+02 7.907867488050057813e-13
8.930000000000000000e+02 6.433180228872654032e-13
8.940000000000000000e+02 5.226386514828987715e-13
8.950000000000000000e+02 4.240173016319536385e-13
8.960000000000000000e+02 3.435331416597520521e-13
8.970000000000000000e+02 2.779415420070950656e-13
8.980000000000000000e+02 2.245612293006386058e-13
8.990000000000000000e+02 1.811796034544211595e-13
9.000000000000000000e+02 1.459734095398488890e-13
9.010000000000000000e+02 1.174423711421873298e-13
9.020000000000000000e+02 9.435374868171186320e-14
9.030000000000000000e+02 7.569609240184288489e-14
9.040000000000000000e+02 6.064072215872163219e-14
9.050000000000000000e+02 4.850969069251303027e-14
9.060000000000000000e+02 3.874917888452193538e-14
9.070000000000000000e+02 3.090743511285916055e-14
9.080000000000000000e+02 2.461651013947368827e-14
9.090000000000000000e+02 1.957715740816972838e-14
9.100000000000000000e+02 1.554636917157241078e-14
9.110000000000000000e+02 1.232710406439968428e-14
9.120000000000000000e+02 9.759833823877072253e-15
9.130000000000000000e+02 7.715597745311179393e-15
9.140000000000000000e+02 6.090304806672084862e-15
9.150000000000000000e+02 4.800066624529706109e-15
9.160000000000000000e+02 3.777380738171192957e-15
9.170000000000000000e+02 2.968014208078877881e-15
9.180000000000000000e+02 2.328463056969219886e-15
9.190000000000000000e+02 1.823884443392395700e-15
9.200000000000000000e+02 1.426416293679593070e-15
9.210000000000000000e+02 1.113813984794445450e-15
9.220000000000000000e+02 8.683460417133454618e-16
9.230000000000000000e+02 6.759010898499683184e-16
9.240000000000000000e+02 5.252668257360033133e-16
9.250000000000000000e+02 4.075488250292032860e-16
9.260000000000000000e+02 3.157028383887472267e-16
9.270000000000000000e+02 2.441590370044879020e-16
9.280000000000000000e+02 1.885206322195463049e-16
9.290000000000000000e+02 1.453225517554765256e-16
9.300000000000000000e+02 1.118385291458830686e-16
9.310000000000000000e+02 8.592715393984857713e-17
9.320000000000000000e+02 6.590922218775222559e-17
9.330000000000000000e+02 5.047018974844651845e-17
9.340000000000000000e+02 3.858272331867849717e-17
9.350000000000000000e+02 2.944531412805802878e-17
9.360000000000000000e+02 2.243370700855911842e-17
9.370000000000000000e+02 1.706253613965297750e-17
9.380000000000000000e+02 1.295507550413783751e-17
9.390000000000000000e+02 9.819429462610075178e-18
9.400000000000000000e+02 7.429825359618392628e-18
9.410000000000000000e+02 5.611940885429193418e-18
9.420000000000000000e+02 4.231416459794882084e-18
9.430000000000000000e+02 3.184877334532906171e-18
9.440000000000000000e+02 2.392929715462984238e-18
9.450000000000000000e+02 1.794706727415456117e-18
9.460000000000000000e+02 1.343628970843691908e-18
9.470000000000000000e+02 1.004115191482018583e-18
9.480000000000000000e+02 7.490348048874428380e-19
9.490000000000000000e+02 5.577385935768949231e-19
9.500000000000000000e+02 4.145391706458634262e-19
9.510000000000000000e+02 3.075406672150079722e-19
9.520000000000000000e+02 2.277390673551245565e-19
9.530000000000000000e+02 1.683318981183908313e-19
9.540000000000000000e+02 1.241895557908490292e-19
9.550000000000000000e+02 9.145118837608934248e-20
9.560000000000000000e+02 6.721637684932037780e-20
9.570000000000000000e+02 4.931035548609397990e-20
9.580000000000000000e+02 3.610557469781334941e-20
9.590000000000000000e+02 2.638634726603135469e-20
9.600000000000000000e+02 1.924637485813550811e-20
9.610000000000000000e+02 1.401131883993815331e-20
9.620000000000000000e+02 1.018040928730879548e-20
9.630000000000000000e+02 7.382497832836257913e-21
9.640000000000000000e+02 5.343046921087190661e-21
9.650000000000000000e+02 3.859383217559317093e-21
9.660000000000000000e+02 2.782183332270482041e-21
9.670000000000000000e+02 2.001650090896685163e-21
9.680000000000000000e+02 1.437211839174698630e-21
9.690000000000000000e+02 1.029862482139994983e-21
9.700000000000000000e+02 7.364768708286899187e-22
9.710000000000000000e+02 5.256007700085762848e-22
9.720000000000000000e+02 3.743393156091421260e-22
9.730000000000000000e+02 2.660620945476331837e-22
9.740000000000000000e+02 1.887140398897554805e-22
9.750000000000000000e+02 1.335748117373143518e-22
9.760000000000000000e+02 9.434949385472269257e-23
9.770000000000000000e+02 6.650352999511352073e-23
9.780000000000000000e+02 4.677732661910965642e-23
9.790000000000000000e+02 3.283273881237762984e-23
9.800000000000000000e+02 2.299615678551084162e-23
9.810000000000000000e+02 1.607219701655193492e-23
9.820000000000000000e+02 1.120888608489034125e-23
9.830000000000000000e+02 7.800316973333615448e-24
9.840000000000000000e+02 5.416515393799471483e-24
9.850000000000000000e+02 3.753020849137072227e-24
9.860000000000000000e+02 2.594720290036678415e-24
9.870000000000000000e+02 1.789962724004544374e-24
9.880000000000000000e+02 1.232073362091461569e-24
9.890000000000000000e+02 8.461815405518172215e-25
9.900000000000000000e+02 5.798560069668879416e-25
9.910000000000000000e+02 3.964620544485861479e-25
9.920000000000000000e+02 2.704600638952415972e-25
9.930000000000000000e+02 1.840856345575032470e-25
9.940000000000000000e+02 1.250106596890511011e-25
9.950000000000000000e+02 8.469928295729453338e-26
9.960000000000000000e+02 5.725495575229044108e-26
9.970000000000000000e+02 3.861376962875128906e-26
9.980000000000000000e+02 2.598137752850881211e-26
9.990000000000000000e+02 1.744086689113654938e-26
