3.420000000000000000e+02 8.889724867696638822e-04 8.203609941572383157e-04
3.450000000000000000e+02 9.490237129164512528e-04 5.502409087948389880e-04
3.480000000000000000e+02 1.009074939063238623e-03 3.448163601299432954e-04
3.510000000000000000e+02 1.069126165210026102e-03 2.127012259781252727e-04
3.540000000000000000e+02 1.129177391356813364e-03 1.394994595001971562e-04
3.570000000000000000e+02 1.189228617503600843e-03 1.038821857755129667e-04
3.600000000000000000e+02 1.249279843650388105e-03 8.897569369497539853e-05
3.630000000000000000e+02 1.309331069797175584e-03 8.125592532898878674e-05
3.660000000000000000e+02 1.369382295943963063e-03 7.246586833850345553e-05
3.690000000000000000e+02 1.421681847796037960e-03 6.652733440244346162e-05
3.720000000000000000e+02 1.519140478661750414e-03 6.686720456421812618e-05
3.750000000000000000e+02 1.645078602505740516e-03 5.888154931382202337e-05
3.780000000000000000e+02 1.783838677943789912e-03 5.043104506251898199e-05
3.810000000000000000e+02 1.923444117739603505e-03 5.057601459051520241e-05
3.840000000000000000e+02 2.092926279169007083e-03 4.328204215655934753e-05
3.870000000000000000e+02 2.272646620983264937e-03 4.283567006290728551e-05
3.900000000000000000e+02 2.456937456226368499e-03 4.053486947506195788e-05
3.930000000000000000e+02 2.662049868052034432e-03 4.882358580876471380e-05
3.960000000000000000e+02 2.883163349095795892e-03 4.581303440590328709e-05
3.990000000000000000e+02 3.112300291763992876e-03 3.228962253808939946e-05
4.020000000000000000e+02 3.336843191426879483e-03 3.285196424256998666e-05
4.050000000000000000e+02 3.608462653631821625e-03 3.483526238521250304e-05
4.080000000000000000e+02 3.885357431461686131e-03 3.441412458962579967e-05
4.110000000000000000e+02 4.171775298376381724e-03 3.285209280491103713e-05
4.140000000000000000e+02 4.471406902461646897e-03 3.117619615855055153e-05
4.170000000000000000e+02 4.796585496724386360e-03 3.040414325738652283e-05
4.200000000000000000e+02 5.119892783124803740e-03 3.052281373716759095e-05
4.230000000000000000e+02 5.435901371107721737e-03 2.984563533914769940e-05
4.260000000000000000e+02 5.781189622281033939e-03 3.167724713809120959e-05
4.290000000000000000e+02 6.147020471522191519e-03 3.255130189669159271e-05
4.320000000000000000e+02 6.525433292072066807e-03 3.195317126031611317e-05
4.350000000000000000e+02 6.907535800521420223e-03 3.078880815705591491e-05
4.380000000000000000e+02 7.304737367058616523e-03 2.985345008547804995e-05
4.410000000000000000e+02 7.717639310069622852e-03 2.981717548642407378e-05
4.440000000000000000e+02 8.130243752925835066e-03 3.025705300280390959e-05
4.470000000000000000e+02 8.557532827644610471e-03 2.875112280035796588e-05
4.500000000000000000e+02 8.984829722943314320e-03 2.934584268521803056e-05
4.530000000000000000e+02 9.434658001710696101e-03 3.004856873782691862e-05
4.560000000000000000e+02 9.858486356053193511e-03 2.966340069327584846e-05
4.590000000000000000e+02 1.024592239426297922e-02 3.011188946173333852e-05
4.620000000000000000e+02 1.071993944364680630e-02 2.984953878889708828e-05
4.650000000000000000e+02 1.114303190834176754e-02 3.064580699418008715e-05
4.680000000000000000e+02 1.157746878953958697e-02 3.015358409643902938e-05
4.710000000000000000e+02 1.198591511330045906e-02 3.138203059832576528e-05
4.740000000000000000e+02 1.237603215296826861e-02 3.053204325992428698e-05
4.770000000000000000e+02 1.276291108032740970e-02 3.249231492398562510e-05
4.800000000000000000e+02 1.313038913405916754e-02 3.404040786332480543e-05
4.830000000000000000e+02 1.348762544132727122e-02 3.426561736112726498e-05
4.860000000000000000e+02 1.381668925439747189e-02 3.365200923318651050e-05
4.890000000000000000e+02 1.412145563658808931e-02 3.269054640641176201e-05
4.920000000000000000e+02 1.441870097325486169e-02 3.179748312640259990e-05
4.950000000000000000e+02 1.469510829155681875e-02 3.147351461817889649e-05
4.980000000000000000e+02 1.494690306054448532e-02 3.192657435255029396e-05
5.010000000000000000e+02 1.519283457928572931e-02 3.182231422998449546e-05
5.040000000000000000e+02 1.540176419722584338e-02 3.185337301507923472e-05
5.070000000000000000e+02 1.559097985863974745e-02 3.106198583797111846e-05
5.100000000000000000e+02 1.579739180113664057e-02 3.127551891733892301e-05
5.130000000000000000e+02 1.604350608696495858e-02 3.043975343744036470e-05
5.160000000000000000e+02 1.629903491772597204e-02 3.312890361069370125e-05
5.190000000000000000e+02 1.641707850404321850e-02 3.043860032684764615e-05
5.220000000000000000e+02 1.653389105146416474e-02 3.119254285063087029e-05
5.250000000000000000e+02 1.663618973199725015e-02 3.102714642603825228e-05
5.280000000000000000e+02 1.673199411569964087e-02 3.003757502260173603e-05
5.310000000000000000e+02 1.681571172298215039e-02 3.086559819766965902e-05
5.340000000000000000e+02 1.689245302828114650e-02 3.316064552372497619e-05
5.370000000000000000e+02 1.697232320255081736e-02 3.145743912003201717e-05
5.400000000000000000e+02 1.705231793737351648e-02 3.662982354960471644e-05
5.430000000000000000e+02 1.711585233459751720e-02 3.057346012985437769e-05
5.460000000000000000e+02 1.717477198809787969e-02 2.893756685051543433e-05
5.490000000000000000e+02 1.722870445315119112e-02 2.976384697785801982e-05
5.520000000000000000e+02 1.727146376358948063e-02 3.005637234567751950e-05
5.550000000000000000e+02 1.732763081658502194e-02 2.952709011317925821e-05
5.580000000000000000e+02 1.739137250274072968e-02 3.034523588598126147e-05
5.610000000000000000e+02 1.746521057069173183e-02 2.947564992303423564e-05
5.640000000000000000e+02 1.741151846397115399e-02 3.022766079750790241e-05
5.670000000000000000e+02 1.737067238710378325e-02 2.942896291671257277e-05
5.700000000000000000e+02 1.746067556109753491e-02 2.975635418045288782e-05
5.730000000000000000e+02 1.755823873772826768e-02 2.937055503317433325e-05
5.760000000000000000e+02 1.768021715065712374e-02 2.844149541582890594e-05
5.790000000000000000e+02 1.780613933101052662e-02 2.991070224207100514e-05
5.820000000000000000e+02 1.794669875605680795e-02 2.822121968104665185e-05
5.850000000000000000e+02 1.809030923618552139e-02 2.976621927516218507e-05
5.880000000000000000e+02 1.824113960518506869e-02 2.910814867547638964e-05
5.910000000000000000e+02 1.840489888937947571e-02 2.840417646907541385e-05
5.940000000000000000e+02 1.857373090391814183e-02 2.972669005051675747e-05
5.970000000000000000e+02 1.875063042537303964e-02 2.866677053079148807e-05
6.000000000000000000e+02 1.893661452992768252e-02 2.915973437893839103e-05
6.030000000000000000e+02 1.909942383699557780e-02 2.886801334764234640e-05
6.060000000000000000e+02 1.928118124224882657e-02 2.873200283597362515e-05
6.090000000000000000e+02 1.947423588103605607e-02 2.979616998757634317e-05
6.120000000000000000e+02 1.964911472691990499e-02 2.906143869104659187e-05
6.150000000000000000e+02 1.983433459998895990e-02 2.946239457830339089e-05
6.180000000000000000e+02 2.003840582449142871e-02 2.903879029035683280e-05
6.210000000000000000e+02 2.023255005255306452e-02 2.860597882106450955e-05
6.240000000000000000e+02 2.043780235275398371e-02 3.027669265097841916e-05
6.270000000000000000e+02 2.061883437493697638e-02 2.854798042934339662e-05
6.300000000000000000e+02 2.080281624038454041e-02 2.964227130656534349e-05
6.330000000000000000e+02 2.101128515250504092e-02 2.931325972970870666e-05
6.360000000000000000e+02 2.122999838399913797e-02 2.844168177001315663e-05
6.390000000000000000e+02 2.143608157444512261e-02 2.949646730109577853e-05
6.420000000000000000e+02 2.164542567663692643e-02 2.904482996278166592e-05
6.450000000000000000e+02 2.185709924443097335e-02 2.970368492165935981e-05
6.480000000000000000e+02 2.206241191589470435e-02 3.034459007793152054e-05
6.510000000000000000e+02 2.226703154520167510e-02 3.086860107201360337e-05
6.540000000000000000e+02 2.249866904438217394e-02 3.130826637857987151e-05
6.570000000000000000e+02 2.278199137843576680e-02 3.151246755026894701e-05
6.600000000000000000e+02 2.304700421996064286e-02 3.135281686856974877e-05
6.630000000000000000e+02 2.311745587447136194e-02 3.077328921056201168e-05
6.660000000000000000e+02 2.326806940811483940e-02 2.981852845176985640e-05
6.690000000000000000e+02 2.343106339797868323e-02 2.939277846135332427e-05
6.720000000000000000e+02 2.359848266404237713e-02 3.016116415245508850e-05
6.750000000000000000e+02 2.374208575057273896e-02 2.976285618246233067e-05
6.780000000000000000e+02 2.389169382220689142e-02 3.082394746748864071e-05
6.810000000000000000e+02 2.403013169009770786e-02 3.169739821477236661e-05
6.840000000000000000e+02 2.413013356599904430e-02 3.192558318177416993e-05
6.870000000000000000e+02 2.422745466190180663e-02 3.171537234890405997e-05
6.900000000000000000e+02 2.433008189064931118e-02 3.134636821659922092e-05
6.930000000000000000e+02 2.431991398584513672e-02 3.113206964960888790e-05
6.960000000000000000e+02 2.434986948379573232e-02 3.126026636135516155e-05
6.990000000000000000e+02 2.436448046541635562e-02 3.116183419694719831e-05
7.020000000000000000e+02 2.436102259927482722e-02 3.028976852899264665e-05
7.050000000000000000e+02 2.436045770873473265e-02 3.073586327350343234e-05
7.080000000000000000e+02 2.429191222322826457e-02 3.085091998689582540e-05
7.110000000000000000e+02 2.420593155084960896e-02 3.057567805658069549e-05
7.140000000000000000e+02 2.430614513470201812e-02 3.190041051359141183e-05
7.170000000000000000e+02 2.432179355552460676e-02 3.070735439692683305e-05
7.200000000000000000e+02 2.429971860855214411e-02 3.074428161021416776e-05
7.230000000000000000e+02 2.426189389306721012e-02 3.126666891940572837e-05
7.260000000000000000e+02 2.421379862718129120e-02 3.099696388519783982e-05
7.290000000000000000e+02 2.419485821831115005e-02 3.060299161936106907e-05
7.320000000000000000e+02 2.508206589755132207e-02 3.143687159542742559e-05
7.350000000000000000e+02 2.476230537687211172e-02 3.022435735703740502e-05
7.380000000000000000e+02 2.424918724499069630e-02 3.098470102900588202e-05
7.410000000000000000e+02 2.398777824186575786e-02 3.092461181605462347e-05
7.440000000000000000e+02 2.395437860454321249e-02 3.085859649048606839e-05
7.470000000000000000e+02 2.387906733290171002e-02 3.216904297980922222e-05
7.500000000000000000e+02 2.381681593459886517e-02 3.181703185778132298e-05
7.530000000000000000e+02 2.375916881296096655e-02 3.155515413055677267e-05
7.560000000000000000e+02 2.368398449605217324e-02 3.185408813530682279e-05
7.590000000000000000e+02 2.360962193174872409e-02 3.241740759557546695e-05
7.620000000000000000e+02 2.356190072030503110e-02 3.294015392147964022e-05
7.650000000000000000e+02 2.351691381785638371e-02 3.311855586205505141e-05
7.680000000000000000e+02 2.346415545787424589e-02 3.262577045575339548e-05
7.710000000000000000e+02 2.338735116348199597e-02 3.189840990927435532e-05
7.740000000000000000e+02 2.330834034872390076e-02 3.267540976594997997e-05
7.770000000000000000e+02 2.322010831592783223e-02 3.242255018143392210e-05
7.800000000000000000e+02 2.310428241550422160e-02 3.378617602788147134e-05
7.830000000000000000e+02 2.208397795022880652e-02 3.241349859484311580e-05
7.860000000000000000e+02 2.226413816070829665e-02 3.431533215907967975e-05
7.890000000000000000e+02 2.260059529852344665e-02 3.377593561349184742e-05
7.920000000000000000e+02 2.262473207350593901e-02 3.561030756514939419e-05
7.950000000000000000e+02 2.255459718364190985e-02 3.333248756847250588e-05
7.980000000000000000e+02 2.244446031168470523e-02 3.509695339040435415e-05
8.010000000000000000e+02 2.235112223079734062e-02 3.405197022660300067e-05
8.040000000000000000e+02 2.224420317078367251e-02 3.633922387716115250e-05
8.070000000000000000e+02 2.214603918608729072e-02 3.450233948649394586e-05
8.100000000000000000e+02 2.204194325727761028e-02 3.683062125698961678e-05
8.130000000000000000e+02 2.192019130852478417e-02 3.651606539121766927e-05
8.160000000000000000e+02 2.179355017567512556e-02 3.788154810843353707e-05
8.190000000000000000e+02 2.166013376283173683e-02 3.676741077839742409e-05
8.220000000000000000e+02 2.153025194388323918e-02 3.704589921433956067e-05
8.250000000000000000e+02 2.141117590698352058e-02 3.798580639287362138e-05
8.280000000000000000e+02 2.130252314356282511e-02 3.893794168728138567e-05
8.310000000000000000e+02 2.117341808392912000e-02 3.800192488675177072e-05
8.340000000000000000e+02 2.104335943708653123e-02 3.869256943428559431e-05
8.370000000000000000e+02 2.090862061152558293e-02 3.871643387192520366e-05
8.400000000000000000e+02 2.078637304195183472e-02 3.994110454297158583e-05
8.430000000000000000e+02 2.071358646613637514e-02 4.006180146450087355e-05
8.460000000000000000e+02 2.058062513815763286e-02 3.958342692430292034e-05
8.490000000000000000e+02 2.047718560712017202e-02 4.097315760629000704e-05
8.520000000000000000e+02 2.033492078083547205e-02 4.209968598824222842e-05
8.550000000000000000e+02 2.021819557431795908e-02 4.187738730552134614e-05
8.580000000000000000e+02 2.008379783720056280e-02 4.162399163618876941e-05
8.610000000000000000e+02 1.994854472431030479e-02 4.166983950583065305e-05
8.640000000000000000e+02 1.980122712243316541e-02 4.350202853800197650e-05
8.670000000000000000e+02 1.968250564661139235e-02 4.408303699455926256e-05
8.700000000000000000e+02 1.957633911154869205e-02 4.391256608106657299e-05
8.730000000000000000e+02 1.943880174983456458e-02 4.442430022782488738e-05
8.760000000000000000e+02 1.925895325961546334e-02 4.452585030549598149e-05
8.790000000000000000e+02 1.910576217628412454e-02 4.537179892872528317e-05
8.820000000000000000e+02 1.897024414721357188e-02 4.596373534303265402e-05
8.850000000000000000e+02 1.879434080953861982e-02 4.729203396863600325e-05
8.880000000000000000e+02 1.862182319573956260e-02 4.684617137114679091e-05
8.910000000000000000e+02 1.841468424168711884e-02 4.849773056167509973e-05
8.940000000000000000e+02 1.819971676821569712e-02 5.159536807394127000e-05
8.970000000000000000e+02 1.802940762034877312e-02 5.218570088007929813e-05
9.000000000000000000e+02 1.787509065420019028e-02 5.150327958698156867e-05
9.030000000000000000e+02 1.782575109434647240e-02 5.286148934292416037e-05
9.060000000000000000e+02 1.775753637578496996e-02 5.406330558144547009e-05
9.090000000000000000e+02 1.762198532118338171e-02 5.491220661566372483e-05
9.120000000000000000e+02 1.731551048177319002e-02 5.556443765790957957e-05
9.150000000000000000e+02 1.712577505009954190e-02 5.666579346638766693e-05
9.180000000000000000e+02 1.689644242013655512e-02 5.573720704814869145e-05
9.210000000000000000e+02 1.660768968904502776e-02 5.990159549271647236e-05
9.240000000000000000e+02 1.639426882144030123e-02 6.209905862044770521e-05
9.270000000000000000e+02 1.620548592995925061e-02 7.292866659417588467e-05
9.300000000000000000e+02 1.598166887943951869e-02 8.290824105448010102e-05
9.330000000000000000e+02 1.574294199364483643e-02 8.756538301402244109e-05
9.360000000000000000e+02 1.557698532080362477e-02 7.315341084894352560e-05
9.390000000000000000e+02 1.539378704461403027e-02 8.243514119629504562e-05
9.420000000000000000e+02 1.526801651390893508e-02 8.227470803372209814e-05
9.450000000000000000e+02 1.515417623914785614e-02 8.180985591642866365e-05
9.480000000000000000e+02 1.504315137652755333e-02 8.357948233464182529e-05
9.510000000000000000e+02 1.489053076342145010e-02 8.572098647868087304e-05
9.540000000000000000e+02 1.462176803328391408e-02 8.700032451908574431e-05
9.570000000000000000e+02 1.437037465200903183e-02 8.748154885917425367e-05
9.600000000000000000e+02 1.419307892481782088e-02 9.362454291820913876e-05
9.630000000000000000e+02 1.417406542906694301e-02 9.306176562062678831e-05
9.660000000000000000e+02 1.403596854885675108e-02 9.654926355456299359e-05
9.690000000000000000e+02 1.393714985391399444e-02 9.787642021810675380e-05
9.720000000000000000e+02 1.383976646927193022e-02 1.061796704231613098e-04
9.750000000000000000e+02 1.373989298010787861e-02 1.059203946806829000e-04
9.780000000000000000e+02 1.366709774952037937e-02 1.078346845825498934e-04
9.810000000000000000e+02 1.357199303264378272e-02 1.129712541120398410e-04
9.840000000000000000e+02 1.347566569572335171e-02 1.161334967433422141e-04
9.870000000000000000e+02 1.335096783263405029e-02 1.228768640757495168e-04
9.900000000000000000e+02 1.322843030300542393e-02 1.283532450574284469e-04
9.930000000000000000e+02 1.311814639033575050e-02 1.346840177617079437e-04
9.960000000000000000e+02 1.297465130771457108e-02 1.401225868833763264e-04
9.990000000000000000e+02 1.277918908050995617e-02 1.511871972845699478e-04
1.002000000000000000e+03 1.260002880136110344e-02 1.627614280734334263e-04
1.005000000000000000e+03 1.240104712917777276e-02 1.718649367347575038e-04
1.008000000000000000e+03 1.221544883673416661e-02 1.798880924277741571e-04
1.011000000000000000e+03 1.202170159981155034e-02 1.899952563129348653e-04
1.014000000000000000e+03 1.182489820386458355e-02 2.049497417789399273e-04
1.017000000000000000e+03 1.160247915013721924e-02 2.155691504041025929e-04
1.020000000000000000e+03 1.141892565864882983e-02 2.307157231524182802e-04
1.023000000000000000e+03 1.128038598866206409e-02 2.454144819133182841e-04
1.026000000000000000e+03 1.113015527899136915e-02 2.622608340130252536e-04
1.029000000000000000e+03 1.095099178324762321e-02 2.798961511379649005e-04
1.032000000000000000e+03 1.074844388094061201e-02 3.013175220269134519e-04
1.035000000000000000e+03 1.057441410492363995e-02 3.196931088825261677e-04
1.038000000000000000e+03 1.048514399861829975e-02 3.414183300330786278e-04
1.041000000000000000e+03 1.036298138104088835e-02 3.631090061638873488e-04
1.044000000000000000e+03 1.010857034476125155e-02 3.851103048347880855e-04
1.047000000000000000e+03 9.747421342032581981e-03 4.079569021407007472e-04
1.050000000000000000e+03 9.158741696225125919e-03 4.275227773496739466e-04
1.053000000000000000e+03 8.371667742991908620e-03 4.455401204530844302e-04
1.056000000000000000e+03 7.527277035245916181e-03 4.657293315221118588e-04
1.059000000000000000e+03 7.414689879645343026e-03 4.906521329151088823e-04
1.062000000000000000e+03 7.622861753010360536e-03 5.087666095453809807e-04
1.065000000000000000e+03 7.202659609582652729e-03 5.245976125424654454e-04
1.068000000000000000e+03 6.782457466154945790e-03 5.179658925181193120e-04
1.071000000000000000e+03 6.362255322727238850e-03 5.171092801147500516e-04
1.074000000000000000e+03 5.942053179299531043e-03 5.234780553467862545e-04
1.077000000000000000e+03 5.521851035871824104e-03 5.408600561013141277e-04
1.080000000000000000e+03 5.101648892444117164e-03 5.443820915794398254e-04
1.083000000000000000e+03 4.681446749016410225e-03 6.144217952791410217e-04
1.086000000000000000e+03 4.261244605588703285e-03 1.692970612247590538e-03
