3.000000000000000000e+02 0.000000000000000000e+00 1.000000000000000056e-01
3.010000000000000000e+02 0.000000000000000000e+00 1.000000000000000056e-01
3.020000000000000000e+02 0.000000000000000000e+00 1.000000000000000056e-01
3.030000000000000000e+02 0.000000000000000000e+00 1.000000000000000056e-01
3.040000000000000000e+02 0.000000000000000000e+00 1.000000000000000056e-01
3.050000000000000000e+02 0.000000000000000000e+00 1.000000000000000056e-01
3.060000000000000000e+02 0.000000000000000000e+00 1.000000000000000056e-01
3.070000000000000000e+02 0.000000000000000000e+00 1.000000000000000056e-01
3.080000000000000000e+02 0.000000000000000000e+00 1.000000000000000056e-01
3.090000000000000000e+02 0.000000000000000000e+00 1.000000000000000056e-01
3.100000000000000000e+02 0.000000000000000000e+00 1.000000000000000056e-01
3.110000000000000000e+02 0.000000000000000000e+00 1.000000000000000056e-01
3.120000000000000000e+02 0.000000000000000000e+00 1.000000000000000056e-01
3.130000000000000000e+02 0.000000000000000000e+00 1.000000000000000056e-01
3.140000000000000000e+02 0.000000000000000000e+00 1.000000000000000056e-01
3.150000000000000000e+02 0.000000000000000000e+00 1.000000000000000056e-01
3.160000000000000000e+02 0.000000000000000000e+00 1.000000000000000056e-01
3.170000000000000000e+02 0.000000000000000000e+00 1.000000000000000056e-01
3.180000000000000000e+02 0.000000000000000000e+00 1.000000000000000056e-01
3.190000000000000000e+02 0.000000000000000000e+00 1.000000000000000056e-01
3.200000000000000000e+02 0.000000000000000000e+00 1.000000000000000056e-01
3.210000000000000000e+02 0.000000000000000000e+00 1.000000000000000056e-01
3.220000000000000000e+02 0.000000000000000000e+00 1.000000000000000056e-01
3.230000000000000000e+02 0.000000000000000000e+00 1.000000000000000056e-01
3.240000000000000000e+02 0.000000000000000000e+00 1.000000000000000056e-01
3.250000000000000000e+02 0.000000000000000000e+00 1.000000000000000056e-01
3.260000000000000000e+02 0.000000000000000000e+00 1.000000000000000056e-01
3.270000000000000000e+02 0.000000000000000000e+00 1.000000000000000056e-01
3.280000000000000000e+02 0.000000000000000000e+00 1.000000000000000021e-02
3.290000000000000000e+02 0.000000000000000000e+00 1.000000000000000021e-02
3.300000000000000000e+02 0.000000000000000000e+00 1.000000000000000021e-02
3.310000000000000000e+02 0.000000000000000000e+00 1.000000000000000021e-02
3.320000000000000000e+02 0.000000000000000000e+00 1.000000000000000021e-02
3.330000000000000000e+02 0.000000000000000000e+00 1.000000000000000021e-02
3.340000000000000000e+02 0.000000000000000000e+00 1.000000000000000021e-02
3.350000000000000000e+02 0.000000000000000000e+00 1.000000000000000021e-02
3.360000000000000000e+02 0.000000000000000000e+00 1.000000000000000021e-02
3.370000000000000000e+02 0.000000000000000000e+00 1.000000000000000021e-02
3.380000000000000000e+02 0.000000000000000000e+00 1.000000000000000021e-02
3.390000000000000000e+02 0.000000000000000000e+00 1.000000000000000021e-02
3.400000000000000000e+02 0.000000000000000000e+00 1.000000000000000021e-02
3.410000000000000000e+02 0.000000000000000000e+00 1.000000000000000021e-02
3.420000000000000000e+02 0.000000000000000000e+00 1.000000000000000021e-02
3.430000000000000000e+02 0.000000000000000000e+00 1.000000000000000021e-02
3.440000000000000000e+02 0.000000000000000000e+00 1.000000000000000021e-02
3.450000000000000000e+02 3.156622228394877494e-01 4.842040189103471309e-02
3.460000000000000000e+02 2.038992459499457510e+00 3.948144758292938122e-02
3.470000000000000000e+02 3.899104912684710378e+00 4.989546485300540984e-02
3.480000000000000000e+02 4.125400145514325878e+00 4.984049710400276917e-02
3.490000000000000000e+02 3.622891558407749457e+00 4.421930161449847546e-02
3.500000000000000000e+02 3.016898349407577840e+00 3.669070045812086733e-02
3.510000000000000000e+02 2.458504685772116449e+00 3.040071197986955048e-02
3.520000000000000000e+02 2.297733531475487645e+00 2.756441964143713577e-02
3.530000000000000000e+02 2.178339708198338887e+00 2.574215229370271571e-02
3.540000000000000000e+02 1.930710106804666371e+00 2.260258716383616029e-02
3.550000000000000000e+02 1.658439028155453743e+00 2.031696710227972116e-02
3.560000000000000000e+02 1.460658454326903222e+00 1.822383113300322585e-02
3.570000000000000000e+02 1.391751785890267490e+00 1.772474547234790740e-02
3.580000000000000000e+02 1.520548138976026475e+00 1.811171850000884917e-02
3.590000000000000000e+02 1.461415418843003300e+00 1.726422376758228114e-02
3.600000000000000000e+02 1.276793240704439558e+00 1.518942709299394948e-02
3.610000000000000000e+02 1.305244131825856080e+00 1.545062874941323730e-02
3.620000000000000000e+02 1.304470422257017592e+00 1.540413151207406864e-02
3.630000000000000000e+02 1.232265262924280069e+00 1.421204285840931524e-02
3.640000000000000000e+02 1.245027554164733985e+00 1.430029120099473618e-02
3.650000000000000000e+02 1.256725197737652788e+00 1.405801900119544451e-02
3.660000000000000000e+02 1.154026912363029789e+00 1.300064751218922392e-02
3.670000000000000000e+02 1.086797102307593299e+00 1.227639695740237111e-02
3.680000000000000000e+02 1.097147156007283852e+00 1.229389105184085056e-02
3.690000000000000000e+02 1.071530419510083432e+00 1.210860088268850623e-02
3.700000000000000000e+02 1.032025861384140653e+00 1.165091588990595575e-02
3.710000000000000000e+02 9.894528709770876729e-01 1.114768816773524171e-02
3.720000000000000000e+02 9.097047149768534569e-01 1.047603849077965478e-02
3.730000000000000000e+02 8.920595319554446290e-01 1.041581615360554804e-02
3.740000000000000000e+02 9.810156631521169679e-01 1.119368563964531597e-02
3.750000000000000000e+02 1.028511487723833051e+00 1.152039172728448226e-02
3.760000000000000000e+02 1.037497099489665953e+00 1.144838157682680213e-02
3.770000000000000000e+02 9.861549225825286813e-01 1.077193744416158477e-02
3.780000000000000000e+02 8.639078425818689233e-01 9.522593923132559313e-03
3.790000000000000000e+02 8.560944260717138210e-01 9.443160769631872911e-03
3.800000000000000000e+02 8.358888819478271781e-01 9.178322381079932410e-03
3.810000000000000000e+02 7.147887571915907401e-01 8.170838848030295004e-03
3.820000000000000000e+02 7.017597643454898115e-01 8.226821192130291324e-03
3.830000000000000000e+02 8.522948446583706872e-01 9.705073947342291243e-03
3.840000000000000000e+02 9.137604304248251319e-01 1.002816455420885849e-02
3.850000000000000000e+02 8.540095258083206797e-01 9.388500140942069791e-03
3.860000000000000000e+02 8.021908626479593574e-01 8.868021116863208583e-03
3.870000000000000000e+02 7.658855301910280078e-01 8.411269929176620058e-03
3.880000000000000000e+02 7.762940985990309795e-01 8.449167832335640130e-03
3.890000000000000000e+02 7.816849227500033415e-01 8.446491403240051141e-03
3.900000000000000000e+02 7.458935410410466593e-01 7.983483709281055316e-03
3.910000000000000000e+02 6.258530641942533501e-01 6.819520725676373081e-03
3.920000000000000000e+02 5.144885649511160564e-01 5.760678229940686262e-03
3.930000000000000000e+02 5.228435580898630475e-01 5.750148801216580126e-03
3.940000000000000000e+02 2.923162257986914314e-01 3.368022668319428040e-03
3.950000000000000000e+02 4.847396766269547463e-02 1.219938221582900304e-03
3.960000000000000000e+02 4.894308329497851088e-04 8.166705935735486289e-04
3.970000000000000000e+02 1.472200084801987378e-03 5.679144938613030734e-04
3.980000000000000000e+02 8.890826371924463994e-04 3.827339630208192404e-04
3.990000000000000000e+02 1.009020702978692631e-03 3.116601234364056901e-04
4.000000000000000000e+02 1.623365854241206946e-03 2.796827982320560933e-04
4.010000000000000000e+02 1.726913458960958056e-03 2.547788706402253798e-04
4.020000000000000000e+02 1.331749156110834239e-03 2.531112382760914402e-04
4.030000000000000000e+02 1.037594924933879243e-03 2.458608133847001230e-04
4.040000000000000000e+02 9.127917627333702062e-04 3.416305476740045625e+14
4.050000000000000000e+02 1.401587779684566187e-03 3.477053679512816250e+14
4.060000000000000000e+02 1.243367205337475101e-03 3.506121751989056250e+14
4.070000000000000000e+02 1.420449124977090586e-03 3.475150295285245625e+14
4.080000000000000000e+02 1.416214485063617152e-03 3.426626373954664375e+14
4.090000000000000000e+02 1.644245317132509831e-03 3.405634197519260000e+14
4.100000000000000000e+02 1.811627669649022547e-03 3.371371225544238750e+14
4.110000000000000000e+02 7.172464653223586310e-05 3.283916514729254375e+14
4.120000000000000000e+02 1.683900270711417499e-02 3.188521186283656250e+14
4.130000000000000000e+02 1.464515354897240884e-01 3.126608823906178125e+14
4.140000000000000000e+02 3.836692256448954175e-01 3.103650923899049375e+14
4.150000000000000000e+02 5.438313588274784616e-01 3.110911798472629375e+14
4.160000000000000000e+02 5.687018561179487675e-01 5.897943308504943923e-03
4.170000000000000000e+02 5.628361201529054059e-01 5.840707609050103423e-03
4.180000000000000000e+02 5.638851925500100171e-01 5.905364285402688214e-03
4.190000000000000000e+02 5.717010445067778335e-01 5.935279001432373219e-03
4.200000000000000000e+02 5.693352341266657568e-01 5.913065014856308359e-03
4.210000000000000000e+02 5.509202785941239577e-01 5.752461073807905480e-03
4.220000000000000000e+02 5.509295518159089688e-01 5.721184212976968345e-03
4.230000000000000000e+02 5.650431461197440441e-01 5.875243027462665434e-03
4.240000000000000000e+02 5.605992959501873152e-01 5.810927349450697131e-03
4.250000000000000000e+02 5.429981463212505410e-01 5.656474840267675629e-03
4.260000000000000000e+02 5.261462432321302174e-01 5.480073999319706214e-03
4.270000000000000000e+02 5.185453358290782466e-01 5.395301740485688308e-03
4.280000000000000000e+02 5.009934155000393963e-01 3.209167018032313750e+14
4.290000000000000000e+02 4.963431949535194732e-01 3.406724807568786250e+14
4.300000000000000000e+02 5.424657902872639381e-01 3.461965941575157500e+14
4.310000000000000000e+02 5.667240526127509392e-01 3.268673066164481250e+14
4.320000000000000000e+02 5.358290194264242468e-01 3.050118806754733750e+14
4.330000000000000000e+02 5.180425952631476649e-01 2.942799524416973750e+14
4.340000000000000000e+02 5.270461642790456036e-01 2.862111008950645000e+14
4.350000000000000000e+02 5.265118493164543390e-01 2.760743918251875938e+14
4.360000000000000000e+02 5.038420151252895884e-01 2.694759103844888438e+14
4.370000000000000000e+02 4.826988593407285921e-01 2.685786278646261250e+14
4.380000000000000000e+02 4.841188211793285290e-01 2.694868942334924375e+14
4.390000000000000000e+02 4.974721004266989821e-01 2.676988621189741562e+14
4.400000000000000000e+02 5.093519315483250320e-01 5.263303035574618330e-03
4.410000000000000000e+02 5.051562429824826284e-01 5.223816001828252009e-03
4.420000000000000000e+02 4.958296928714150953e-01 5.101185344877377792e-03
4.430000000000000000e+02 4.861943565212403229e-01 5.007171592109420019e-03
4.440000000000000000e+02 4.768017602950833655e-01 4.930968129028137983e-03
4.450000000000000000e+02 4.797427405510439891e-01 4.953004418073867626e-03
4.460000000000000000e+02 4.883091929808827669e-01 5.019808933980881953e-03
4.470000000000000000e+02 4.868713690047786202e-01 5.008548336728545040e-03
4.480000000000000000e+02 4.833763988760825803e-01 4.973096719456829816e-03
4.490000000000000000e+02 4.804143598399523429e-01 4.940445534232487147e-03
4.500000000000000000e+02 4.688034610992271589e-01 4.806704234022812598e-03
4.510000000000000000e+02 4.535661444452207536e-01 4.664652034764976522e-03
4.520000000000000000e+02 4.515803676688503465e-01 4.655423727385061584e-03
4.530000000000000000e+02 4.574297052004427377e-01 4.711031082905305957e-03
4.540000000000000000e+02 4.588148000170666485e-01 4.708603533459860928e-03
4.550000000000000000e+02 4.585534751170860512e-01 4.712046515886250501e-03
4.560000000000000000e+02 4.513179876122542789e-01 4.634224027912552633e-03
4.570000000000000000e+02 4.432165638922328510e-01 4.552579965064541476e-03
4.580000000000000000e+02 4.394531150822574284e-01 4.517374985047205478e-03
4.590000000000000000e+02 4.440026335078873787e-01 4.556886785867044626e-03
4.600000000000000000e+02 4.477154337972134024e-01 4.603376388112516253e-03
4.610000000000000000e+02 4.436330772693761748e-01 4.552956948442972093e-03
4.620000000000000000e+02 4.367469038026419170e-01 4.478780888591149360e-03
4.630000000000000000e+02 4.311964329708549148e-01 4.430291557990221132e-03
4.640000000000000000e+02 4.308696946798431515e-01 4.424591153927425781e-03
4.650000000000000000e+02 4.306399231336897060e-01 4.422044410723320780e-03
4.660000000000000000e+02 4.309967189403420273e-01 4.427625440475820018e-03
4.670000000000000000e+02 4.330164355687373678e-01 4.444102439783814522e-03
4.680000000000000000e+02 4.291607154627416487e-01 4.403374879999930394e-03
4.690000000000000000e+02 4.256022468379330737e-01 4.388589899473474901e-03
4.700000000000000000e+02 4.265851858816759323e-01 4.375088677386540156e-03
4.710000000000000000e+02 4.239873478708283128e-01 4.360810588078655771e-03
4.720000000000000000e+02 4.192619308914781184e-01 4.303520868457873239e-03
4.730000000000000000e+02 4.150300137990565741e-01 4.261803185996004828e-03
4.740000000000000000e+02 4.077646791096423140e-01 4.183533261101518574e-03
4.750000000000000000e+02 4.028532346891659510e-01 4.138587468262950979e-03
4.760000000000000000e+02 4.024584932587267350e-01 4.124943897563041091e-03
4.770000000000000000e+02 3.903430917545963053e-01 3.997462667434472511e-03
4.780000000000000000e+02 3.263089408125132707e-01 3.353814062849045947e-03
4.790000000000000000e+02 1.692023671689216191e-01 1.789021166022343673e-03
4.800000000000000000e+02 9.176238496021638102e-02 2.034069436955361875e+14
4.810000000000000000e+02 2.136477168465187107e-02 2.030869277312665000e+14
4.820000000000000000e+02 3.345213797323055328e-03 2.040687988210131562e+14
4.830000000000000000e+02 1.442663847465497145e-03 2.079441702077610625e+14
4.840000000000000000e+02 1.305697107941906692e-03 2.159343271668803438e+14
4.850000000000000000e+02 1.496122602820822677e-03 2.257666893075008125e+14
4.860000000000000000e+02 1.529351701956001763e-03 2.300954484513711562e+14
4.870000000000000000e+02 1.501538444021160729e-03 2.260581572997147500e+14
4.880000000000000000e+02 1.452016750715641111e-03 2.192452794076402188e+14
4.890000000000000000e+02 1.377128579123602838e-03 2.140705633883001875e+14
4.900000000000000000e+02 1.498757803361387047e-03 2.122967058951550312e+14
4.910000000000000000e+02 1.771581490172115508e-03 2.132920586281159375e+14
4.920000000000000000e+02 1.007960098749595759e-02 2.799716322696032709e-04
4.930000000000000000e+02 5.619989019652078116e-02 6.794817930170261866e-04
4.940000000000000000e+02 1.811421370801117314e-01 1.882271656113304343e-03
4.950000000000000000e+02 3.112929250839231998e-01 3.192540441926778813e-03
4.960000000000000000e+02 3.666131575108284024e-01 3.744913947009043120e-03
4.970000000000000000e+02 3.722726044109467280e-01 3.816528969676614633e-03
4.980000000000000000e+02 3.676377977743446879e-01 3.764050747245356425e-03
4.990000000000000000e+02 3.648583395658783202e-01 3.741927915481140909e-03
5.000000000000000000e+02 3.669274275040546596e-01 3.763077645997978723e-03
5.010000000000000000e+02 3.712680803433011656e-01 3.805058146043913993e-03
5.020000000000000000e+02 3.746200934769023383e-01 3.846074508685872178e-03
5.030000000000000000e+02 3.750635761990753214e-01 3.840999621549928602e-03
5.040000000000000000e+02 3.728393318053175309e-01 3.827666197208304342e-03
5.050000000000000000e+02 3.672258574503480810e-01 3.757353934151067866e-03
5.060000000000000000e+02 3.620080983260782759e-01 3.721152517398219894e-03
5.070000000000000000e+02 3.629543209522435587e-01 3.715283778182497821e-03
5.080000000000000000e+02 3.636836037263785348e-01 3.723784806140394837e-03
5.090000000000000000e+02 3.645284752946775786e-01 3.736628049029066916e-03
5.100000000000000000e+02 3.619222071318086154e-01 3.708868429659945790e-03
5.110000000000000000e+02 3.552586846384748753e-01 3.639738565747293632e-03
5.120000000000000000e+02 3.524154114545228200e-01 3.616371179971523530e-03
5.130000000000000000e+02 3.523513317769623732e-01 3.608952607740773845e-03
5.140000000000000000e+02 3.465083741476878698e-01 3.564794682704200499e-03
5.150000000000000000e+02 3.409075692109582723e-01 3.504243602419716743e-03
5.160000000000000000e+02 3.424804977188803390e-01 3.524093582537951314e-03
5.170000000000000000e+02 3.442715310940704376e-01 3.534354911123034192e-03
5.180000000000000000e+02 3.456777681678695480e-01 3.541377811086065999e-03
5.190000000000000000e+02 3.364857062382430319e-01 3.446301482513737871e-03
5.200000000000000000e+02 2.884019124026835357e-01 2.959825609859296006e-03
5.210000000000000000e+02 1.849919530593009120e-01 1.925247966894846896e-03
5.220000000000000000e+02 7.706743040293566327e-02 8.614702151891760794e-04
5.230000000000000000e+02 2.045569480272192014e-02 3.381213735706927554e-04
5.240000000000000000e+02 3.939634806597369643e-03 1.937446122687174225e-04
5.250000000000000000e+02 1.285367881012369979e-03 1.492371543516821596e-04
5.260000000000000000e+02 8.258323157396870850e-04 1.210087580035169191e-04
5.270000000000000000e+02 9.163662171185267720e-04 1.073354865535910654e-04
5.280000000000000000e+02 9.435162653134561385e-04 9.700594571460986488e-05
5.290000000000000000e+02 9.251585042002934221e-04 9.398104339237710087e-05
5.300000000000000000e+02 9.123991241826318868e-04 9.262581964320193125e-05
5.310000000000000000e+02 8.472355926227450413e-04 9.231481961358400370e-05
5.320000000000000000e+02 8.345069498921378701e-04 9.305700631448144940e-05
5.330000000000000000e+02 9.107862481764372091e-04 1.013301519621457550e-04
5.340000000000000000e+02 8.089060933823067397e-04 1.107882009264003114e-04
5.350000000000000000e+02 9.710317635204029560e-04 1.210252698381456574e-04
5.360000000000000000e+02 1.287686369007103211e-03 1.436022926727448159e-04
5.370000000000000000e+02 4.902474758319967998e-03 1.852253946143993062e-04
5.380000000000000000e+02 3.453067484284964850e-02 4.409507120248972790e-04
5.390000000000000000e+02 1.090129731378218642e-01 1.160560320392490683e-03
5.400000000000000000e+02 2.143026561910663930e-01 2.210671896846446056e-03
5.410000000000000000e+02 2.764097416082810788e-01 2.835213920185180279e-03
5.420000000000000000e+02 3.010588434038366512e-01 3.085949041796218120e-03
5.430000000000000000e+02 3.032692223126777775e-01 3.107184936077304026e-03
5.440000000000000000e+02 3.025536078042888044e-01 3.104570913494589940e-03
5.450000000000000000e+02 3.024312778355021658e-01 3.117578018338640691e-03
5.460000000000000000e+02 3.014253276244990287e-01 3.097816050583109947e-03
5.470000000000000000e+02 3.018144520510596118e-01 3.094926464154663503e-03
5.480000000000000000e+02 2.990998373541365329e-01 3.068530434755536562e-03
5.490000000000000000e+02 2.967257920431882190e-01 3.044723978984179794e-03
5.500000000000000000e+02 2.961202410183969569e-01 3.037529060649649983e-03
5.510000000000000000e+02 2.946088446562141749e-01 3.025471000431611407e-03
5.520000000000000000e+02 2.939322449678149485e-01 3.015461727961265149e-03
5.530000000000000000e+02 2.916274469539388292e-01 2.998795528943498656e-03
5.540000000000000000e+02 2.882036245351702330e-01 2.956746653284765807e-03
5.550000000000000000e+02 2.860133077572628024e-01 2.938813781398240572e-03
5.560000000000000000e+02 2.841443933296987079e-01 2.926445598602941262e-03
5.570000000000000000e+02 2.838230313034145191e-01 2.925639946497032070e-03
5.580000000000000000e+02 2.853947610633784104e-01 2.937969039185918309e-03
5.590000000000000000e+02 2.862337157068641780e-01 2.940412285821327430e-03
5.600000000000000000e+02 2.853017967524362208e-01 2.929677459615686545e-03
5.610000000000000000e+02 2.835009490858733106e-01 2.911685509247067486e-03
5.620000000000000000e+02 2.811199568663470538e-01 2.888081707676533067e-03
5.630000000000000000e+02 2.792157462976826987e-01 2.867889456114152292e-03
5.640000000000000000e+02 2.782276481381932842e-01 2.863494312678905619e-03
5.650000000000000000e+02 2.780378890148501037e-01 2.860535666135064631e-03
5.660000000000000000e+02 2.753047462698233194e-01 2.831467664372811811e-03
5.670000000000000000e+02 2.720022198742954589e-01 2.801317673425525630e-03
5.680000000000000000e+02 2.710373553255915335e-01 2.795036153308185466e-03
5.690000000000000000e+02 2.718824480540200650e-01 2.799275491921865595e-03
5.700000000000000000e+02 2.735697251704633515e-01 2.822918513904251400e-03
5.710000000000000000e+02 2.723971453670149256e-01 2.801814748689263491e-03
5.720000000000000000e+02 2.693891731625401853e-01 2.768774696116621265e-03
5.730000000000000000e+02 2.661573721082783339e-01 2.736592706612196637e-03
5.740000000000000000e+02 2.642813554860341529e-01 2.717292330711315596e-03
5.750000000000000000e+02 2.631416810416403740e-01 2.707462063667261023e-03
5.760000000000000000e+02 2.610709414062933331e-01 2.686133433215373567e-03
5.770000000000000000e+02 2.605493032703057321e-01 2.686370320453488388e-03
5.780000000000000000e+02 2.611834052899044134e-01 2.692163775125360620e-03
5.790000000000000000e+02 2.611365166942367089e-01 2.691191182775497324e-03
5.800000000000000000e+02 2.604754710523076722e-01 2.680964063073014349e-03
5.810000000000000000e+02 2.585484408340024687e-01 2.666962666944496310e-03
5.820000000000000000e+02 2.561363658329694482e-01 2.635008953545887531e-03
5.830000000000000000e+02 2.543191336846424844e-01 2.629407721907020979e-03
5.840000000000000000e+02 2.530552636408296419e-01 2.609877571012404057e-03
5.850000000000000000e+02 2.515665185432199857e-01 2.592045711504996700e-03
5.860000000000000000e+02 2.481820033964934613e-01 2.558628303949073667e-03
5.870000000000000000e+02 2.480588709037188089e-01 2.557402730562497936e-03
5.880000000000000000e+02 2.519091002054322792e-01 2.596451866351590348e-03
5.890000000000000000e+02 2.531974753121044586e-01 2.610215228163948169e-03
5.900000000000000000e+02 2.515170661450607525e-01 2.594371668151825364e-03
5.910000000000000000e+02 2.501029617563001461e-01 2.584061438911835606e-03
5.920000000000000000e+02 2.486904423794194796e-01 2.565218194464182356e-03
5.930000000000000000e+02 2.471911848984327253e-01 2.550099561047591314e-03
5.940000000000000000e+02 2.459294436045351973e-01 2.541772143087579847e-03
5.950000000000000000e+02 2.435192480654795599e-01 2.516733904222593667e-03
5.960000000000000000e+02 2.423541818980103346e-01 2.499468750887602446e-03
5.970000000000000000e+02 2.408105682255049784e-01 2.490603463670772004e-03
5.980000000000000000e+02 2.396487242715205634e-01 2.478491233846632797e-03
5.990000000000000000e+02 2.394904896229672064e-01 2.474476452409056591e-03
6.000000000000000000e+02 2.401604453429554975e-01 2.486225534095902381e-03
6.010000000000000000e+02 2.407960908413475654e-01 2.485956390097295715e-03
6.020000000000000000e+02 2.396189889514710736e-01 2.474092297054469348e-03
6.030000000000000000e+02 2.371921799514989104e-01 2.449366022774336800e-03
6.040000000000000000e+02 2.348399294499254053e-01 2.425941087250290361e-03
6.050000000000000000e+02 2.334836952390885734e-01 2.411906642078276517e-03
6.060000000000000000e+02 2.326663949790537256e-01 2.405868192105207418e-03
6.070000000000000000e+02 2.317802511249572039e-01 2.403643644812003283e-03
6.080000000000000000e+02 2.310469132186813990e-01 2.388704609657198163e-03
6.090000000000000000e+02 2.289881305588462312e-01 2.373062776366534864e-03
6.100000000000000000e+02 2.265061327315253670e-01 2.345535073152247001e-03
6.110000000000000000e+02 2.253233756923470610e-01 2.335193005375224302e-03
6.120000000000000000e+02 2.216822924353817059e-01 2.293959078249689643e-03
6.130000000000000000e+02 2.053183737892836647e-01 2.130135491876665281e-03
6.140000000000000000e+02 1.670466069961304423e-01 1.747934517334674698e-03
6.150000000000000000e+02 1.148409417690002265e-01 1.226366111831878828e-03
6.160000000000000000e+02 6.718258111207402183e-02 7.548612268427690782e-04
6.170000000000000000e+02 3.179529542405706843e-02 4.128885794951765980e-04
6.180000000000000000e+02 1.071613947240088356e-02 2.250821668318221311e-04
6.190000000000000000e+02 2.116295921349910236e-03 1.373089110858817540e-04
6.200000000000000000e+02 8.691804376338919036e-04 1.090459136696200206e-04
6.210000000000000000e+02 5.634283899702671652e-04 9.417999095540609202e-05
6.220000000000000000e+02 4.448793238752129652e-04 8.662042391541850922e-05
6.230000000000000000e+02 4.395095271067328102e-04 8.441236406858798461e-05
6.240000000000000000e+02 3.505134442460530264e-04 8.030178029147447543e-05
6.250000000000000000e+02 3.119076340629355591e-04 8.079873770789174352e-05
6.260000000000000000e+02 3.094199592718375959e-04 8.034327158751094372e-05
6.270000000000000000e+02 3.922337724253354687e-04 8.276182578401510481e-05
6.280000000000000000e+02 3.499985923450887968e-04 1.021318983453104823e-04
6.290000000000000000e+02 7.517514615811880319e-04 2.232125824686082070e-04
6.300000000000000000e+02 0.000000000000000000e+00 1.000000000000000021e-02
6.310000000000000000e+02 0.000000000000000000e+00 1.000000000000000056e-01
6.320000000000000000e+02 0.000000000000000000e+00 1.000000000000000056e-01
6.330000000000000000e+02 0.000000000000000000e+00 1.000000000000000056e-01
6.340000000000000000e+02 0.000000000000000000e+00 1.000000000000000056e-01
6.350000000000000000e+02 0.000000000000000000e+00 1.000000000000000056e-01
6.360000000000000000e+02 0.000000000000000000e+00 1.000000000000000056e-01
6.370000000000000000e+02 0.000000000000000000e+00 1.000000000000000056e-01
6.380000000000000000e+02 0.000000000000000000e+00 1.000000000000000056e-01
6.390000000000000000e+02 0.000000000000000000e+00 1.000000000000000056e-01
6.400000000000000000e+02 0.000000000000000000e+00 1.000000000000000056e-01
6.410000000000000000e+02 0.000000000000000000e+00 1.000000000000000056e-01
6.420000000000000000e+02 0.000000000000000000e+00 1.000000000000000056e-01
6.430000000000000000e+02 0.000000000000000000e+00 1.000000000000000056e-01
6.440000000000000000e+02 0.000000000000000000e+00 1.000000000000000056e-01
6.450000000000000000e+02 0.000000000000000000e+00 1.000000000000000056e-01
6.460000000000000000e+02 0.000000000000000000e+00 1.000000000000000056e-01
6.470000000000000000e+02 0.000000000000000000e+00 1.000000000000000056e-01
6.480000000000000000e+02 0.000000000000000000e+00 1.000000000000000056e-01
6.490000000000000000e+02 0.000000000000000000e+00 1.000000000000000056e-01
