350.0	0.0334851619070686	0.00446561241169358
351.0	0.03374206071359505	0.004424366236714432
352.0	0.03400093045270881	0.004382237930628594
353.0	0.03426178624544265	0.0043392162636422885
354.0	0.03672246192086457	0.003992240714083663
355.0	0.037167605396019265	0.003952497977800848
356.0	0.037618144825124405	0.0039112195413328575
357.0	0.03807414561702161	0.0038683739279295084
358.0	0.03853567397342724	0.003823929124241474
359.0	0.039002796898543926	0.0037778525726456964
360.0	0.0394755822087877	0.0037301111635901964
361.0	0.039954098542633786	0.0036806712279832776
362.0	0.04043841537058142	0.003629498529657986
363.0	0.04092860300523946	0.003576558257950302
364.0	0.04142473261153441	0.0035218150204376067
365.0	0.04217739955999122	0.003485529322014271
366.0	0.04294374209546052	0.003446783790344369
367.0	0.04372400869660949	0.003405501852065302
368.0	0.04451845235683991	0.003361605092155377
369.0	0.045327330666319006	0.0033150132360131655
370.0	0.046150905895500104	0.0032656441365349867
371.0	0.04698944508016126	0.0032134137676405054
372.0	0.04784322010798887	0.003158236226118276
373.0	0.048712507806734306	0.003100023744224414
374.0	0.04959759003397271	0.003038686716224529
375.0	0.050737129483640654	0.0030083599868816545
376.0	0.05190285065214732	0.002975096268073341
377.0	0.05309535508286321	0.002938783492343185
378.0	0.0543152581400401	0.002899307145746584
379.0	0.05556318932635534	0.002856550452484389
380.0	0.05683979260775226	0.0028103946284316374
381.0	0.05814572674574383	0.0027607192240873754
382.0	0.05948166563735127	0.002707402584418666
383.0	0.060848298662852934	0.0026503224627524215
384.0	0.06224633104152297	0.0025893568395105237
385.0	0.06371192518254698	0.002564525332979818
386.0	0.06521202683831544	0.002537235463228467
387.0	0.06674744849063394	0.002507404293020758
388.0	0.06831902175124784	0.002474949513817968
389.0	0.06992759781225819	0.0024397901649640106
390.0	0.07157404790714272	0.002401847542220111
391.0	0.0732592637826311	0.002361046348300488
392.0	0.07498415818169117	0.0023173161547848926
393.0	0.0767496653378864	0.0022705932675219954
394.0	0.07855674148137386	0.002220823118789082
395.0	0.08009104348221757	0.002204264969326476
396.0	0.08165531213627775	0.00218637037091027
397.0	0.08325013272618104	0.002167110227081405
398.0	0.0848761019657856	0.002146457018222587
399.0	0.08653382822344607	0.0021243852195918476
400.0	0.08822393174963898	0.0021008717980491106
401.0	0.08994704490903424	0.0020758968033978355
402.0	0.09170381241709888	0.002049444073813453
403.0	0.09349489158132197	0.002021502079221789
404.0	0.0953209525471513	0.001992064931931363
405.0	0.09664127377929117	0.001982199871803055
406.0	0.09797988320630804	0.001971745976892256
407.0	0.09933703414388277	0.001960693710658633
408.0	0.1007129834164532	0.0019490338208344408
409.0	0.10210799140581543	0.0019367573951788275
410.0	0.10352232210039775	0.001923855924355067
411.0	0.10495624314521705	0.0019103213728951707
412.0	0.10641002589252772	0.0018961462593598453
413.0	0.10788394545317168	0.0018813237469690513
414.0	0.10937828074863977	0.0018658477461716018
415.0	0.11035304702973289	0.0018574087102745643
416.0	0.11133650031245243	0.0018486947623281898
417.0	0.11232871801432774	0.0018397028745334564
418.0	0.11332977824282416	0.0018304300616656314
419.0	0.1143397598014915	0.0018208733876117246
420.0	0.11535874219616737	0.0018110299724993068
421.0	0.11638680564123603	0.0018008970004733383
422.0	0.1174240310659429	0.0017904717281846004
423.0	0.11847050012076518	0.0017797514940592067
424.0	0.11952629518383935	0.0017687337284274288
425.0	0.12011760113977525	0.001759688221502287
426.0	0.12071183233264743	0.0017505173393636089
427.0	0.1213090032338324	0.0017412203292144067
428.0	0.12190912838629772	0.0017317964458587827
429.0	0.12251222240495611	0.0017222449524478278
430.0	0.12311829997702156	0.0017125651212743147
431.0	0.12372737586236672	0.0017027562346204894
432.0	0.12433946489388242	0.001692817585661535
433.0	0.1249545819778392	0.0016827484794303428
434.0	0.12557274209424985	0.0016725482338470577
435.0	0.12581856048931292	0.0016625252821984263
436.0	0.12606486009297538	0.0016524583484787885
437.0	0.12631164184724053	0.0016423473426164263
438.0	0.12655890669595557	0.0016321921758456074
439.0	0.1268066555848155	0.0016219927607747599
440.0	0.1270548894613663	0.0016117490114581177
441.0	0.12730360927500917	0.0016014608434705474
442.0	0.12755281597700371	0.0015911281739867601
443.0	0.12780251052047167	0.0015807509218641808
444.0	0.12805269386040058	0.0015703290077302861
445.0	0.1280607220453863	0.001560064673400029
446.0	0.1280687507336941	0.0015497992559871177
447.0	0.12807677992535557	0.0015395327595024105
448.0	0.12808480962040228	0.0015292651880697574
449.0	0.12809283981886582	0.0015189965459296247
450.0	0.12810087052077773	0.001508726837443327
451.0	0.12810890172616954	0.0014984560670970454
452.0	0.12811693343507286	0.0014881842395062278
453.0	0.12812496564751918	0.0014779113594202077
454.0	0.12813299836354025	0.0014676374317267073
455.0	0.12803448082894062	0.001458711915757424
456.0	0.12793603904145334	0.0014497992685484709
457.0	0.1278376729428388	0.0014408994756947941
458.0	0.12773938247490216	0.0014320125228086127
459.0	0.12764116757949318	0.0014231383955194085
460.0	0.12754302819850663	0.0014142770794741155
461.0	0.12744496427388174	0.001405428560336927
462.0	0.12734697574760237	0.001396592823789596
463.0	0.12724906256169707	0.0013877698555314173
464.0	0.12715122465823897	0.0013789596412793394
465.0	0.12701115520448875	0.0013720397105178401
466.0	0.12687124005087932	0.0013651333740844172
467.0	0.12673147902743415	0.0013582406106370664
468.0	0.1265918719643639	0.0013513613988675433
469.0	0.126452418692066	0.0013444957175015777
470.0	0.12631311904112513	0.0013376435452987256
471.0	0.12617397284231244	0.0013308048610525943
472.0	0.12603497992658536	0.0013239796435905737
473.0	0.12589614012508762	0.0013171678717741118
474.0	0.12575745326914906	0.0013103695244986557
475.0	0.12556407273137568	0.0013047606211766412
476.0	0.1253709895599327	0.0012991660374848482
477.0	0.1251782032975519	0.001293585743775654
478.0	0.12498571348766864	0.0012880197104704113
479.0	0.12479351967441997	0.0012824679080590858
480.0	0.12460162140264423	0.0012769303071006278
481.0	0.12441001821787943	0.0012714068782227555
482.0	0.12421870966636256	0.0012658975921219875
483.0	0.12402769529502843	0.0012604024195637872
484.0	0.1238369746515083	0.001254921331382391
485.0	0.12357269610971472	0.0012496448838975065
486.0	0.12330898156060471	0.0012443857212680873
487.0	0.12304582980057031	0.0012391437957189643
488.0	0.12278323962857216	0.0012339190596141593
489.0	0.12252120984613413	0.0012287114654562846
490.0	0.12225973925733752	0.0012235209658866054
491.0	0.1219988266688161	0.0012183475136846788
492.0	0.12173847088975019	0.0012131910617680058
493.0	0.12147867073186157	0.001208051563192004
494.0	0.12121942500940769	0.0012029289711494775
495.0	0.12094161039387973	0.0011978751290139314
496.0	0.12066443248291124	0.0011928387563441972
497.0	0.12038788981728205	0.0011878198017679325
498.0	0.12011198094111625	0.0011828182140699022
499.0	0.11983670440187455	0.0011778339421917188
500.0	0.11956205875034666	0.001172866935231417
501.0	0.11928804254064361	0.0011679171424431414
502.0	0.11901465433019022	0.0011629845132368787
503.0	0.11874189267971735	0.0011580689971779695
504.0	0.11846975615325456	0.0011531705439868862
505.0	0.11818089000487457	0.001148004339853669
506.0	0.11789272820209627	0.0011428570650034628
507.0	0.11760526902750582	0.001137728660039762
508.0	0.11731851076787692	0.0011326190657579376
509.0	0.11703245171416067	0.0011275282231449012
510.0	0.11674709016147534	0.001122456073378445
511.0	0.11646242440909646	0.0011174025578270378
512.0	0.11617845276044604	0.001112367618049242
513.0	0.11589517352308322	0.0011073511957932225
514.0	0.11561258500869363	0.0011023532329963418
515.0	0.11526474640592224	0.0010968422300003818
516.0	0.11491795433016666	0.0010913551093263618
517.0	0.1145722056327861	0.0010858917792459194
518.0	0.11422749717461307	0.001080452148379808
519.0	0.11388382582592463	0.0010750361256968476
520.0	0.11354118846641424	0.0010696436205126177
521.0	0.1131995819851632	0.0010642745424884411
522.0	0.11285900328061244	0.0010589288016301845
523.0	0.11251944926053449	0.0010536063082869668
524.0	0.11218091684200543	0.0010483069731502658
525.0	0.11174853848829254	0.0010425959286817928
526.0	0.11131782664833277	0.0010369144903282282
527.0	0.11088877489889046	0.0010312625158000132
528.0	0.11046137684148688	0.001025639863470785
529.0	0.11003562610230501	0.0010200463923742307
530.0	0.1096115163320944	0.0010144819622012332
531.0	0.10918904120607634	0.0010089464332968103
532.0	0.10876819442384984	0.0010034396666572481
533.0	0.1083489697092975	0.0009979615239270945
534.0	0.10793136081049186	0.0009925118673962646
535.0	0.10740603515118116	0.0009866644499096353
536.0	0.10688326636733514	0.000980852617600334
537.0	0.10636304201407898	0.0009750761586910578
538.0	0.10584534970710949	0.000969334862622351
539.0	0.10533017712240084	0.0009636285200458316
540.0	0.10481751199591091	0.0009579569228172932
541.0	0.10430734212328938	0.000952319863989913
542.0	0.10379965535958709	0.0009467171378074996
543.0	0.10329443961896705	0.0009411485396976484
544.0	0.10279168287441677	0.0009356138662652199
545.0	0.10220756475980537	0.0009299108392263178
546.0	0.10162676592125096	0.0009242458750416024
547.0	0.10104926749682595	0.0009186187098742233
548.0	0.10047505073178653	0.000913029081688613
549.0	0.09990409697796351	0.0009074767302384735
550.0	0.09933638769315677	0.0009019613970551615
551.0	0.0987719044405329	0.0008964828254359447
552.0	0.09821062888802672	0.0008910407604322746
553.0	0.09765254280774571	0.0008856349488383737
554.0	0.0970976280753782	0.0008802651391796507
555.0	0.09652513191715657	0.0008751558781968756
556.0	0.09595601124665469	0.0008700804225052736
557.0	0.09539024616169985	0.0008650385253680801
558.0	0.09482781687746447	0.0008600299418832463
559.0	0.09426870372577405	0.0008550544289705714
560.0	0.0937128871544193	0.0008501117453587714
561.0	0.09316034772647251	0.0008452016515728117
562.0	0.09261106611960784	0.0008403239099212731
563.0	0.09206502312542553	0.0008354782844836293
564.0	0.09152219964878021	0.0008306645410979677
565.0	0.09103820907388385	0.0008265359743391026
566.0	0.09055677795316895	0.000822431439721578
567.0	0.09007789275164939	0.0008183507760347536
568.0	0.08960154000591523	0.0008142938231962914
569.0	0.08912770632375411	0.0008102604222447019
570.0	0.08865637838377488	0.0008062504153320664
571.0	0.08818754293503288	0.0008022636457166901
572.0	0.08772118679665748	0.0007982999577560016
573.0	0.0872572968574817	0.0007943591968992439
574.0	0.08679586007567329	0.000790441209680317
575.0	0.08645216150071254	0.0007875067271560516
576.0	0.0861098239205081	0.0007845852838839253
577.0	0.08576884194572498	0.0007816768122803256
578.0	0.08542921020836935	0.0007787812451233775
579.0	0.08509092336170365	0.0007758985155510083
580.0	0.08475397608016264	0.0007730285570593622
581.0	0.08441836305926957	0.000770171303500924
582.0	0.08408407901555258	0.000767326689082868
583.0	0.08375111868646162	0.0007644946483653067
584.0	0.0834194768302854	0.0007616751162595596
585.0	0.08321169515635492	0.0007598102985256424
586.0	0.08300443102611643	0.000757951018527561
587.0	0.08279768315046933	0.0007560972576955185
588.0	0.08259145024352395	0.000754248997520888
589.0	0.08238573102259354	0.0007524062195559347
590.0	0.08218052420818635	0.0007505689054137044
591.0	0.08197582852399739	0.0007487370367678545
592.0	0.08177164269690079	0.0007469105953524221
593.0	0.08156796545694192	0.0007450895629616984
594.0	0.08136479553732914	0.0007432739214500756
595.0	0.0812070765273763	0.0007418528037723035
596.0	0.08104966324284117	0.0007404349636857624
597.0	0.08089255509109995	0.0007390203926904107
598.0	0.08073575148067763	0.0007376090823078439
599.0	0.08057925182124588	0.0007362010240812582
600.0	0.08042305552362035	0.0007347962095754453
601.0	0.08026716199975904	0.0007333946303766933
602.0	0.08011157066275981	0.000731996278092748
603.0	0.07995628092685797	0.0007306011443527745
604.0	0.07797136880321942	0.0007146541138068482
605.0	0.07773670590985875	0.000712988269009111
606.0	0.07750274925872988	0.0007113270820162504
607.0	0.07726949672432384	0.00070967053431105
608.0	0.07703694618752854	0.0007080186074700959
609.0	0.07680509553560966	0.0007063712831633826
610.0	0.07657394266219125	0.0007047285431537264
611.0	0.07634348546723686	0.0007030903692964406
612.0	0.07611372185703025	0.0007014567435387364
613.0	0.07588464974415642	0.0006998276479193777
614.0	0.07565626704748264	0.0006982030645681667
615.0	0.07537596159876764	0.0006963123158489843
616.0	0.07509669467795847	0.0006944275053104909
617.0	0.07481846243732322	0.0006925486047857587
618.0	0.07454126104338588	0.0006906755862976195
619.0	0.07426508667687329	0.0006888084220572368
620.0	0.07398993553266268	0.0006869470844628879
621.0	0.07371580381972923	0.0006850915460986401
622.0	0.07344268776109383	0.0006832417797330057
623.0	0.07317058359377102	0.0006813977583177233
624.0	0.0728994875687171	0.0006795594549864281
625.0	0.07260041473746909	0.0006775680607978424
626.0	0.07230256886352038	0.0006755831624285062
627.0	0.07200594491323356	0.0006736047279630872
628.0	0.07171053787362182	0.000671632725726642
629.0	0.07141634275226427	0.0006696671242825933
630.0	0.07112335457722166	0.0006677078924308559
631.0	0.07083156839695236	0.000665754999205815
632.0	0.07054097928022852	0.0006638084138744329
633.0	0.07025158231605286	0.0006618681059342825
634.0	0.06996337261357576	0.0006599340451117525
635.0	0.06968119272781068	0.000658117604386695
636.0	0.06940015094452623	0.0006563063883928894
637.0	0.06912024267346889	0.0006545003742475864
638.0	0.06884146334289856	0.0006526995392472247
639.0	0.06856380839951416	0.0006509038608658702
640.0	0.06828727330837933	0.0006491133167535216
641.0	0.06801185355284814	0.0006473278847345283
642.0	0.06773754463449147	0.000645547542806017
643.0	0.0674643420730234	0.0006437722691362326
644.0	0.06719224140622838	0.0006420020420630764
645.0	0.06694785354228917	0.0006405802414449679
646.0	0.06670435455222573	0.0006391612628808441
647.0	0.06646174120307566	0.000637745096978977
648.0	0.06622001027363544	0.0006363317344406469
649.0	0.06597915855441736	0.0006349211660591224
650.0	0.06573918284760716	0.0006335133827185857
651.0	0.0655000799670215	0.0006321083753931327
652.0	0.06526184673806562	0.0006307061351457389
653.0	0.06502447999769123	0.0006293066531272694
654.0	0.06478797659435453	0.0006279099205754817
655.0	0.06457921249165233	0.000626908094219272
656.0	0.0643711210824477	0.0006259069737674577
657.0	0.06416370019914315	0.000624906558857137
658.0	0.06395694768112585	0.0006239068491738318
659.0	0.06375086137474495	0.0006229078444508202
660.0	0.06354543913328925	0.0006219095444682732
661.0	0.06334067881696483	0.000620911949052535
662.0	0.06313657829287271	0.0006199150580753644
663.0	0.06293313543498681	0.0006189188714531323
664.0	0.06273034812413156	0.0006179233891461234
665.0	0.06254884187853839	0.0006173349301789406
666.0	0.062367860809644765	0.0006167453883604406
667.0	0.06218740339788553	0.0006161547689347335
668.0	0.06200746812809231	0.0006155630771817336
669.0	0.06182805348948074	0.000614970318416224
670.0	0.06164915797563786	0.0006143764979871224
671.0	0.061470780084509374	0.0006137816212766109
672.0	0.06129291831838709	0.0006131856936993077
673.0	0.061115571183896364	0.0006125887207014946
674.0	0.06093873719198356	0.0006119907077603327
675.0	0.060777296173957066	0.0006118330447429815
676.0	0.06061628285107988	0.0006116726219955934
677.0	0.06045569609028714	0.000611509448405476
678.0	0.0602955347615158	0.0006113435329084973
679.0	0.06013579773769655	0.0006111748844878281
680.0	0.05997648389474599	0.0006110035121726874
681.0	0.05981759211155868	0.0006108294250371052
682.0	0.059659121269999234	0.0006106526321987074
683.0	0.059501070254894484	0.0006104731428174911
684.0	0.0593434379540256	0.0006102909660947099
685.0	0.059202005343400414	0.0006105866217624353
686.0	0.05906090980767408	0.0006108781412080529
687.0	0.05892015054349951	0.0006111655343994821
688.0	0.05877972674944408	0.0006114488113838464
689.0	0.058639637625985314	0.0006117279822855235
690.0	0.058499882375506185	0.0006120030573042492
691.0	0.058360460202290555	0.0006122740467131884
692.0	0.05822137031251889	0.0006125409608571389
693.0	0.05808261191426338	0.0006128038101506985
694.0	0.057944184217483694	0.0006130626050764767
695.0	0.05783009838663562	0.0006138523057005362
696.0	0.05771623717844773	0.0006146371740127938
697.0	0.05760260015066229	0.0006154172183704068
698.0	0.05748918686189234	0.0006161924472230773
699.0	0.057375996871619955	0.000616962869111048
700.0	0.05726302974019454	0.0006177284926628525
701.0	0.05715028502883115	0.0006184893265932974
702.0	0.05703776229960871	0.000619245379701469
703.0	0.05692546111546845	0.0006199966608686557
704.0	0.05681338104021205	0.0006207431790564947
705.0	0.05674721723350877	0.0006223079191107821
706.0	0.056681130479944025	0.0006238685126790656
707.0	0.05661512068978309	0.0006254249631926673
708.0	0.05654918777339585	0.0006269772741430322
709.0	0.056483331641256525	0.0006285254490804132
710.0	0.056417552203943636	0.000630069491612624
711.0	0.0563518493721398	0.0006316094054038017
712.0	0.05628622305663165	0.0006331451941731908
713.0	0.05622067316830972	0.0006346768616939204
714.0	0.0561551996181684	0.0006362044117919211
715.0	0.0561339674588457	0.0006388382808651598
716.0	0.05611274332735642	0.0006414702395458369
717.0	0.05609152722066533	0.0006441002865499394
718.0	0.05607031913573814	0.0006467284206369989
719.0	0.056049119069541985	0.0006493546406090917
720.0	0.0560279270190449	0.0006519789453099646
721.0	0.0560067429812162	0.0006546013336240698
722.0	0.055985566953026325	0.0006572218044756617
723.0	0.05596439893144682	0.0006598403568279146
724.0	0.055943238913450426	0.0006624569896821679
725.0	0.05595326113072376	0.0006660902198582908
726.0	0.05596328514347482	0.000669724903357273
727.0	0.05597331095202527	0.0006733610379377171
728.0	0.055983338556696814	0.0006769986214121252
729.0	0.05599336795781122	0.0006806376516454426
730.0	0.05600339915569032	0.0006842781265537518
731.0	0.05601343215065603	0.0006879200441029635
732.0	0.056023466943030294	0.0006915634023076038
733.0	0.05603350353313504	0.000695208199229508
734.0	0.05604354192129247	0.0006988544329766884
735.0	0.05608456214012503	0.0007031011020134166
736.0	0.05612561238308339	0.00070735378478377
737.0	0.05616669267214325	0.000711612485271056
738.0	0.05620780302929641	0.0007158772075133112
739.0	0.05624894347655073	0.0007201479556021139
740.0	0.05629011403593025	0.0007244247336813533
741.0	0.05633131472947503	0.0007287075459460465
742.0	0.056372545579241325	0.0007329963966411872
743.0	0.05641380660730157	0.0007372912900606655
744.0	0.056455097835744227	0.0007415922305461585
745.0	0.05652426287446213	0.0007459718140440924
746.0	0.0565935126495947	0.000750361113024847
747.0	0.056662847264955386	0.0007547601435195821
748.0	0.05673226682448478	0.0007591689216054807
749.0	0.05680177143225089	0.0007635874634052831
750.0	0.05687136119244911	0.0007680157850869522
751.0	0.056941036209402565	0.0007724539028633247
752.0	0.05701079658756222	0.0007769018329917517
753.0	0.05708064243150688	0.0007813595917737293
754.0	0.05715057384594361	0.00078582719555462
755.0	0.05726052665539218	0.0007901986744078617
756.0	0.057370691004629285	0.000794584066554573
757.0	0.05748106730063932	0.000798983409353445
758.0	0.05759165595118979	0.0008033967402555323
759.0	0.05770245736483259	0.0008078240968043478
760.0	0.057813471950905734	0.0008122655166362066
761.0	0.05792470011953468	0.0008167210374802936
762.0	0.058036142281633965	0.0008211906971589955
763.0	0.05814779884890878	0.0008256745335881065
764.0	0.058259670233856246	0.0008301725847769837
765.0	0.058434492136655206	0.0008348686434843774
766.0	0.05860983863387044	0.0008395856133049014
767.0	0.05878571129967143	0.0008443235764611143
768.0	0.058962111712951286	0.0008490826154897269
769.0	0.05913904145734094	0.0008538628132425294
770.0	0.05931650212122351	0.0008586642528874683
771.0	0.05949449529774832	0.0008634870179097385
772.0	0.05967302258484535	0.0008683311921128156
773.0	0.05985208558523953	0.0008731968596195172
774.0	0.060031685906465126	0.0008780841048730402
775.0	0.0602882410083689	0.0008836574146977381
776.0	0.06054589253992187	0.000889263370055339
777.0	0.060804645186892964	0.0008949021461908415
778.0	0.061064503655076825	0.0009005739192642385
779.0	0.06132547267037889	0.0009062788663551283
780.0	0.061587556978901586	0.0009120171654673309
781.0	0.061850761347030575	0.0009177889955334093
782.0	0.06211509056152141	0.0009235945364193462
783.0	0.062380549429586624	0.0009294339689291181
784.0	0.06264714277898312	0.0009353074748094237
785.0	0.06299219671587482	0.0009424028251996265
786.0	0.06333915117390901	0.0009495505362252448
787.0	0.06368801662095809	0.0009567509676457828
788.0	0.06403880358255053	0.0009640044816087089
789.0	0.0643915226421883	0.0009713114426648727
790.0	0.06474618444166612	0.000978672217784094
791.0	0.06510279968139276	0.0009860871763708726
792.0	0.06546137912071352	0.0009935566902801486
793.0	0.06582193357823536	0.0010010811338331397
794.0	0.06618447393215256	0.0010086608838333726
795.0	0.06660851379315706	0.001017804485104753
796.0	0.06703527045151655	0.0010270279236152615
797.0	0.06746476131358489	0.0010363318408933115
798.0	0.06789700389723739	0.00104571688345663
799.0	0.06833201583258527	0.0010551837028499906
800.0	0.0687698148626948	0.0010647329556831837
801.0	0.06921041884431109	0.001074365303669273
802.0	0.06965384574858607	0.001084081413663212
803.0	0.07010011366181207	0.0010938819577006184
804.0	0.07054924078615889	0.001103767613036888
805.0	0.0710136409033546	0.0011148650198379356
806.0	0.07148109799843484	0.0011260649759854391
807.0	0.07195163219437853	0.0011373683347685004
808.0	0.07242526374662694	0.001148775956428284
809.0	0.07290201304395551	0.001160288708211264
810.0	0.0733819006093517	0.0011719074644227188
811.0	0.0738649471008983	0.0011836331064807516
812.0	0.07435117331266276	0.0011954665229706298
813.0	0.07484060017559245	0.0012074086096996114
814.0	0.07533324875841552	0.0012194602697521795
815.0	0.07580313261162716	0.0012318745972650805
816.0	0.07627594731992793	0.0012444001342208227
817.0	0.07675171116424308	0.0012570377643287116
818.0	0.07723044253952321	0.001269788378245144
819.0	0.07771215995545579	0.0012826528736224756
820.0	0.0781968820371805	0.0012956321551583355
821.0	0.07868462752600966	0.0013087271346452936
822.0	0.07917541528015272	0.001321938731021069
823.0	0.07966926427544524	0.0013352678704188275
824.0	0.08016619360608293	0.0013487154862182706
825.0	0.0806169605029647	0.0013617650314751359
826.0	0.08107026201931866	0.0013749223977694714
827.0	0.08152611240706956	0.0013881883613808118
828.0	0.08198452599827917	0.001401563704208175
829.0	0.08244551720559733	0.0014150492138043968
830.0	0.08290910052271469	0.0014286456834105116
831.0	0.08337529052481862	0.0014423539119904707
832.0	0.08384410186905145	0.0014561747042662453
833.0	0.08431554929497093	0.0014701088707532316
834.0	0.0847896476250143	0.0014841572277956945
835.0	0.08521421711648308	0.0014976693868195233
836.0	0.08564091256622776	0.0015112841986097871
837.0	0.08606974461961672	0.0015250023200234456
838.0	0.08650072397532306	0.0015388244123339934
839.0	0.08693386138559166	0.0015527511412530154
840.0	0.08736916765650729	0.0015667831769519713
841.0	0.08780665364826444	0.0015809211940839472
842.0	0.08824633027543821	0.0015951658718058527
843.0	0.08868820850725641	0.0016095178938005925
844.0	0.08913229936787329	0.0016239779482998568
845.0	0.08957892440651456	0.0016389613064030442
846.0	0.09002778739847418	0.0016540614394619454
847.0	0.09047889955771152	0.001669279086305683
848.0	0.09093227215437705	0.00168461499093328
849.0	0.09138791651509377	0.0017000699025367823
850.0	0.09184584402324021	0.001715644575524516
851.0	0.09230606611923504	0.0017313397695448312
852.0	0.0927685943008224	0.0017471562495098272
853.0	0.09323344012335975	0.0017630947856195412
854.0	0.09370061520010595	0.001779156153386296
855.0	0.09423048236267491	0.0017975446059516175
856.0	0.09476334586853748	0.0018160979718566117
857.0	0.09529922266170124	0.0018348174148082848
858.0	0.0958381297819901	0.0018537041079012004
859.0	0.09638008436558651	0.0018727592336652624
860.0	0.09692510364557615	0.0018919839841139907
861.0	0.09747320495249613	0.0019113795607935368
862.0	0.09802440571488585	0.0019309471748316267
863.0	0.09857872345984116	0.0019506880469876108
864.0	0.09913617581357212	0.0019706034077025722
865.0	0.09980374360304713	0.001994930788349078
866.0	0.10047580669153776	0.002019522609979172
867.0	0.10115239534969753	0.0020443810735473267
868.0	0.1018335400520178	0.0020695084015772774
869.0	0.10251927147820047	0.0020949068382934396
870.0	0.10320962051454007	0.0021205786497535233
871.0	0.10390461825531448	0.0021465261239826
872.0	0.10460429600418585	0.0021727515711083122
873.0	0.10530868527561008	0.002199257323497632
874.0	0.10601781779625684	0.0022260457358950106
875.0	0.10687701177049279	0.0022594359273147473
876.0	0.1077431688599929	0.002293266641829826
877.0	0.1086163454955232	0.0023275422717810865
878.0	0.10949659856517824	0.002362267262100641
879.0	0.11038398541808761	0.0023974461106852554
880.0	0.11127856386815194	0.0024330833687744827
881.0	0.11218039219780963	0.002469183641333046
882.0	0.11308952916183405	0.002505751587438315
883.0	0.11400603399116158	0.0025427919206725317
884.0	0.11492996639675017	0.0025803094095203957
885.0	0.11601864864435277	0.002626690926152454
886.0	0.11711764351166107	0.0026737906494214265
887.0	0.11822704868569583	0.002721616928229478
888.0	0.11934696277882481	0.0027701782311839104
889.0	0.12047748533752856	0.0028194831474662044
890.0	0.12161871685124874	0.0028695403877195044
891.0	0.12277075876132017	0.0029203587849551717
892.0	0.12393371346998809	0.0029719472954783904
893.0	0.12510768434951022	0.003024314999833469
894.0	0.1262927757513453	0.0030774711037696426
895.0	0.1276211195502975	0.0031414928779214695
896.0	0.12896343483129	0.0032066205538687147
897.0	0.13031986854597066	0.0032728683787470294
898.0	0.13169056919162073	0.0033402508351219446
899.0	0.1330756868274117	0.0034087826423982504
900.0	0.13447537309083302	0.003478478758298814
901.0	0.13588978121429285	0.0035493543804122614
902.0	0.13731906604189367	0.0036214249478100304
903.0	0.13876338404638355	0.003694706142732223
904.0	0.14022289334628643	0.0037692138923421732
905.0	0.1417721867566284	0.003854841907300909
906.0	0.14333859798570922	0.003942024128698334
907.0	0.14492231616472653	0.004030781672865011
908.0	0.14652353251454914	0.004121136031211108
909.0	0.1481424403688053	0.004213109071853947
910.0	0.14977923519722586	0.004306723041419889
911.0	0.15143411462924597	0.0044020005670167206
912.0	0.15310727847786718	0.004498964658372129
913.0	0.1547989287637828	0.004597638710134702
914.0	0.15650926973977067	0.004698046504332852
915.0	0.15826379786473913	0.004807888842311868
916.0	0.16003799491376822	0.004919734175176084
917.0	0.161832081382938	0.005033610491819599
918.0	0.1636462802401728	0.005149546274885355
919.0	0.16548081695295194	0.005267570502962935
920.0	0.16733591951633028	0.0053877126530498054
921.0	0.16921181848127353	0.005510002703265812
922.0	0.17110874698331108	0.0056344711358126695
923.0	0.17302694077150965	0.005761148940170677
924.0	0.17496663823777242	0.00589006761652363
925.0	0.17690342607511997	0.006025297823375415
926.0	0.17886165312604935	0.006162926560393804
927.0	0.18084155671127813	0.006302987443782698
928.0	0.18284337677853804	0.006445514649906046
929.0	0.18486735593165504	0.006590542918561311
930.0	0.1869137394599506	0.006738107556521394
931.0	0.1889827753679687	0.006888244441337014
932.0	0.19107471440553228	0.007040990025389216
933.0	0.19318981009813144	0.007196381340184022
934.0	0.19532831877764936	0.007354456000881449
935.0	0.197446642828602	0.007517841395021175
936.0	0.19958793997845262	0.007684027727220585
937.0	0.20175245936909833	0.007853053888526673
938.0	0.20394045284436563	0.008024959380873707
939.0	0.20615217497931212	0.008199784321472158
940.0	0.20838788310984688	0.008377569447444928
941.0	0.21064783736267204	0.008558356120704162
942.0	0.2129323006855476	0.008742186333059699
943.0	0.2152415388778876	0.008929102711551867
944.0	0.21757582062168387	0.009119148524004628
945.0	0.21996270626390763	0.009321927091732806
946.0	0.22237577690707852	0.009528190909628524
947.0	0.22481531981015102	0.009737989231396588
948.0	0.22728162538341523	0.009951372075003165
949.0	0.22977498722306672	0.010168390228971565
950.0	0.23229570214615775	0.010389095258963942
951.0	0.23484407022593168	0.010613539514639234
952.0	0.23742039482754404	0.010841776136781563
953.0	0.24002498264417607	0.011073859064689603
954.0	0.24265814373354438	0.011309843043822067
955.0	0.24537718857785076	0.011571731441572449
956.0	0.2481267009958047	0.011838239259823134
957.0	0.25090702238414525	0.012109433322553978
958.0	0.25371849796504725	0.012385381521677704
959.0	0.25656147682898583	0.012666152825505064
960.0	0.25943631197808154	0.012951817287665549
961.0	0.2623433603699312	0.013242446056469187
962.0	0.2652829829619311	0.013538111384693076
963.0	0.2682555447560941	0.013838886639778671
964.0	0.27126141484437194	0.014144846314429542
965.0	0.27302809598615	0.014434693049442449
966.0	0.2748062832326889	0.014727721589181748
967.0	0.2765960515213631	0.015023961213020992
968.0	0.278397476277602	0.015323441448166658
969.0	0.280210633418069	0.015626192071657254
970.0	0.28203559935385986	0.015932243112378466
971.0	0.2838724509937232	0.016241624853093408
972.0	0.2857212657473019	0.01655436783248872
973.0	0.2875821215283955	0.016870502847237723
974.0	0.2894550967582424	0.01719006095407875
975.0	0.288964919473008	0.017422327758174636
976.0	0.28847557227773774	0.017654174986019504
977.0	0.28798705376671757	0.017885585046930105
978.0	0.28749936253661285	0.01811654146754455
979.0	0.28701249718646665	0.018347028815853598
980.0	0.2865264563176936	0.018577032631157224
981.0	0.28604123853407637	0.018806539359428973
982.0	0.2855568424417634	0.0190355362936211
983.0	0.28507326664926247	0.0192640115184858
984.0	0.28459050976743866	0.019491953859532125
985.0	0.2828045994593477	0.01963462149732612
986.0	0.28102989639647086	0.019775327766912355
987.0	0.27926633024921477	0.019914065037068024
988.0	0.2775138311293304	0.020050827303986
989.0	0.27577232958714387	0.020185610079582732
990.0	0.2740417566088024	0.02031841028757636
991.0	0.27232204361354134	0.020449226166755825
992.0	0.2706131224509655	0.02057805718090233
993.0	0.2689149253983483	0.02070490393486999
994.0	0.26722738515794864	0.020829768096368453
995.0	0.2655879551236263	0.02089406006033524
996.0	0.2639585829313767	0.02095706915301979
997.0	0.26233920687671375	0.021018799327225283
998.0	0.2607297656337072	0.021079254901390978
999.0	0.2591301982526581	0.021138440538582222
1000.0	0.25754044415779154	0.021196361226540093
1001.0	0.25596044314496325	0.021253022258734502
1002.0	0.2543901353793789	0.021308429216368965
1003.0	0.2528294613933283	0.021362587951284286
1004.0	0.25127836208393395	0.02141550456971798
1005.0	0.25121364336989904	0.02141722184321468
1006.0	0.2511489413246771	0.021418937180619737
1007.0	0.2510842559439743	0.021420650582361277
1008.0	0.25101958722349915	0.021422362048868118
1009.0	0.25095493515896056	0.021424071580569862
1010.0	0.25089029974606836	0.021425779177896256
1011.0	0.2508256809805338	0.021427484841277777
1012.0	0.2507610788580696	0.02142918857114585
1013.0	0.250696493374389	0.021430890367931978
1014.0	0.25063192452520644	0.021432590232068536
1015.0	0.2505673723062377	0.02143428816398844
1016.0	0.2505028367131996	0.021435984164125028
1017.0	0.25043831774181013	0.021437678232912663
1018.0	0.25037381538778775	0.021439370370785533
1019.0	0.25030932964685293	0.02144106057817905
1020.0	0.2502448605147267	0.021442748855529003
1021.0	0.25018040798713126	0.021444435203271644
1022.0	0.2501159720597903	0.02144611962184379
1023.0	0.2500515527284279	0.021447802111683175
1024.0	0.2499871499887699	0.02144948267322751
1025.0	0.24992276383654285	0.02145116130691567
1026.0	0.24985839426747475	0.02145283801318666
1027.0	0.2497940412772942	0.0214545127924802
1028.0	0.24972970486173118	0.021456185645236808
1029.0	0.24966538501651694	0.021457856571896965
1030.0	0.24960108173738338	0.021459525572902302
1031.0	0.2495367950200642	0.021461192648694657
1032.0	0.24947252486029342	0.02146285779971653
1033.0	0.2494082712538068	0.021464521026411276
1034.0	0.24934403419634052	0.021466182329222146
1035.0	0.24927981368363272	0.021467841708593435
1036.0	0.2492156097114219	0.021469499164970044
1037.0	0.24915142227544773	0.021471154698796777
1038.0	0.24908725137145174	0.021472808310520022
1039.0	0.2490230969951753	0.02147446000058575
1040.0	0.24895895914236213	0.021476109769440734
1041.0	0.2488948378087562	0.02147775761753298
1042.0	0.2488307329901029	0.021479403545309965
1043.0	0.24876664468214896	0.021481047553220244
1044.0	0.24870257288064143	0.02148268964171321
1045.0	0.2486385175813292	0.02148432981123805
1046.0	0.24857447877996186	0.021485968062245085
1047.0	0.24851045647229045	0.021487604395185166
1048.0	0.2484464506540668	0.021489238810508998
1049.0	0.24838246132104383	0.021490871308668773
1050.0	0.24831848846897583	0.021492501890116564
1051.0	0.24825453209361786	0.02149413055530495
1052.0	0.24819059219072642	0.02149575730468764
1053.0	0.24812666875605846	0.02149738213871808
1054.0	0.24806276178537298	0.021499005057850865
1055.0	0.24799887127442907	0.02150062606254091
1056.0	0.2479349972189876	0.021502245153243272
1057.0	0.24787113961481058	0.02150386233041434
1058.0	0.24780729845766047	0.021505477594510217
1059.0	0.24774347374330144	0.021507090945987854
1060.0	0.24767966546749842	0.021508702385304935
1061.0	0.24761587362601786	0.021510311912919244
1062.0	0.24755209821462631	0.021511919529289377
1063.0	0.24748833922909258	0.021513525234874396
1064.0	0.24742459666518588	0.021515129030133587
1065.0	0.2473608705186766	0.021516730915527114
1066.0	0.2472971607853365	0.021518330891515607
1067.0	0.24723346746093827	0.02151992895855991
1068.0	0.24716979054125557	0.02152152511712181
1069.0	0.24710613002206328	0.02152311936766304
1070.0	0.2470424858991372	0.02152471171064639
1071.0	0.24697885816825438	0.02152630214653487
1072.0	0.2469152468251929	0.021527890675791837
1073.0	0.24685165186573224	0.02152947729888156
1074.0	0.24678807328565214	0.021531062016268553
1075.0	0.24672451108073443	0.021532644828417744
1076.0	0.2466609652467614	0.021534225735794874
1077.0	0.2465974357795166	0.02153580473886559
1078.0	0.24653392267478458	0.021537381838096673
1079.0	0.24647042592835114	0.021538957033955284
1080.0	0.24640694553600304	0.021540530326908346
1081.0	0.24634348149352794	0.021542101717424447
1082.0	0.24628003379671523	0.02154367120597187
1083.0	0.24621660244135463	0.021545238793019342
1084.0	0.2461531874232375	0.02154680447903656
1085.0	0.24608978873815565	0.021548368264493398
1086.0	0.2460264063819029	0.021549930149860116
1087.0	0.24596304035027355	0.021551490135607816
1088.0	0.24589969063906264	0.02155304822220755
1089.0	0.24583635724406713	0.021554604410131333
1090.0	0.24577304016108434	0.021556158699851547
1091.0	0.24570973938591317	0.02155771109184078
1092.0	0.2456464549143535	0.021559261586572454
1093.0	0.2455831867422059	0.021560810184520277
1094.0	0.24551993486527268	0.02156235688615833
1095.0	0.24545669927935682	0.021563901691961488
1096.0	0.24539347998026229	0.02156544460240459
1097.0	0.24533027696379414	0.021566985617963493
1098.0	0.24526709022575904	0.021568524739114105
1099.0	0.24520391976196415	0.02157006196633314
