3.500000000000000000e+02 8.200696513212564209e-01
3.510000000000000000e+02 8.088414860325159328e-01
3.520000000000000000e+02 7.447720859817076322e-01
3.530000000000000000e+02 6.781037027000156314e-01
3.540000000000000000e+02 6.312754845356847166e-01
3.550000000000000000e+02 5.963001534802597758e-01
3.560000000000000000e+02 5.701078117900565401e-01
3.570000000000000000e+02 5.590567478798876833e-01
3.580000000000000000e+02 5.243366455710742891e-01
3.590000000000000000e+02 4.932552983324953177e-01
3.600000000000000000e+02 4.751697778739679134e-01
3.610000000000000000e+02 4.514242250563161307e-01
3.620000000000000000e+02 4.295880322762866133e-01
3.630000000000000000e+02 4.099322272714355786e-01
3.640000000000000000e+02 3.935986344899007894e-01
3.650000000000000000e+02 3.797264860238463990e-01
3.660000000000000000e+02 3.646761597509792785e-01
3.670000000000000000e+02 3.518741959131235220e-01
3.680000000000000000e+02 3.391346984982442914e-01
3.690000000000000000e+02 3.272578846281713472e-01
3.700000000000000000e+02 3.123328595984203870e-01
3.710000000000000000e+02 3.016318978039772003e-01
3.720000000000000000e+02 2.923743983395273860e-01
3.730000000000000000e+02 2.810415096392964718e-01
3.740000000000000000e+02 2.713788389880884555e-01
3.750000000000000000e+02 2.600452728306555383e-01
3.760000000000000000e+02 2.499596658738114652e-01
3.770000000000000000e+02 2.421478450824199602e-01
3.780000000000000000e+02 2.330399578331233956e-01
3.790000000000000000e+02 2.239705946521529378e-01
3.800000000000000000e+02 2.156155508347766814e-01
3.810000000000000000e+02 2.071731707968239300e-01
3.820000000000000000e+02 1.997896129589755987e-01
3.830000000000000000e+02 1.934527838445907200e-01
3.840000000000000000e+02 1.854888744029055125e-01
3.850000000000000000e+02 1.794205436025773370e-01
3.860000000000000000e+02 1.734067414922784156e-01
3.870000000000000000e+02 1.662395285005979217e-01
3.880000000000000000e+02 1.617597801425798010e-01
3.890000000000000000e+02 1.552598356720695516e-01
3.900000000000000000e+02 1.490275027941184161e-01
3.910000000000000000e+02 1.442567066385759267e-01
3.920000000000000000e+02 1.394394091552302317e-01
3.930000000000000000e+02 1.338321984637765583e-01
3.940000000000000000e+02 1.303866380614084608e-01
3.950000000000000000e+02 1.252325015498929606e-01
3.960000000000000000e+02 1.203690435457482333e-01
3.970000000000000000e+02 1.167092192798465239e-01
3.980000000000000000e+02 1.118167953674213400e-01
3.990000000000000000e+02 1.078677560268438002e-01
4.000000000000000000e+02 1.037266485849561715e-01
4.010000000000000000e+02 9.978893196960261780e-02
4.020000000000000000e+02 9.673529015154141986e-02
4.030000000000000000e+02 9.449739363125465863e-02
4.040000000000000000e+02 9.016427557176776020e-02
4.050000000000000000e+02 8.660704155198362120e-02
4.060000000000000000e+02 8.355259806893094998e-02
4.070000000000000000e+02 7.982566819634918931e-02
4.080000000000000000e+02 7.758009118078681987e-02
4.090000000000000000e+02 7.461304418245083558e-02
4.100000000000000000e+02 7.218023197348580333e-02
4.110000000000000000e+02 6.964403196434386378e-02
4.120000000000000000e+02 6.645572679727086707e-02
4.130000000000000000e+02 6.436933258863795915e-02
4.140000000000000000e+02 6.153899528180731271e-02
4.150000000000000000e+02 5.953464821119202471e-02
4.160000000000000000e+02 5.766162305253678261e-02
4.170000000000000000e+02 5.540069666262259496e-02
4.180000000000000000e+02 5.338110455507754509e-02
4.190000000000000000e+02 5.141849932615942531e-02
4.200000000000000000e+02 4.943751306761267478e-02
4.210000000000000000e+02 4.731037508711760653e-02
4.220000000000000000e+02 4.601911202020820407e-02
4.230000000000000000e+02 4.417761185528151086e-02
4.240000000000000000e+02 4.233771237839232399e-02
4.250000000000000000e+02 4.078011996736987527e-02
4.260000000000000000e+02 3.940135077955914805e-02
4.270000000000000000e+02 3.760849961585815276e-02
4.280000000000000000e+02 3.607651746444833635e-02
4.290000000000000000e+02 3.466754452100190981e-02
4.300000000000000000e+02 3.333035618286409041e-02
4.310000000000000000e+02 3.165113288476432973e-02
4.320000000000000000e+02 3.056674910214449495e-02
4.330000000000000000e+02 2.943560490248778652e-02
4.340000000000000000e+02 2.833048078859877819e-02
4.350000000000000000e+02 2.652018907046886642e-02
4.360000000000000000e+02 2.564436836292446897e-02
4.370000000000000000e+02 2.418127734760565709e-02
4.380000000000000000e+02 2.305546025610392263e-02
4.390000000000000000e+02 2.256402716242138229e-02
4.400000000000000000e+02 2.128248869006583652e-02
4.410000000000000000e+02 2.054175914367757649e-02
4.420000000000000000e+02 1.927151312005805084e-02
4.430000000000000000e+02 1.865397686313208236e-02
4.440000000000000000e+02 1.781811734816737131e-02
4.450000000000000000e+02 1.704795685213925799e-02
4.460000000000000000e+02 1.562337587611786066e-02
4.470000000000000000e+02 1.527506208548870884e-02
4.480000000000000000e+02 1.466671112733204836e-02
4.490000000000000000e+02 1.366597737940270646e-02
4.500000000000000000e+02 1.318227578177387851e-02
4.510000000000000000e+02 1.202969606670641935e-02
4.520000000000000000e+02 1.178901463433677278e-02
4.530000000000000000e+02 1.113601115100499965e-02
4.540000000000000000e+02 1.040586154937196868e-02
4.550000000000000000e+02 9.972807289602541800e-03
4.560000000000000000e+02 9.268718619633341607e-03
4.570000000000000000e+02 9.064609421767507585e-03
4.580000000000000000e+02 8.216507688611424456e-03
4.590000000000000000e+02 7.794869219956824732e-03
4.600000000000000000e+02 7.390440562777147657e-03
4.610000000000000000e+02 6.955809559636132872e-03
4.620000000000000000e+02 6.518281642851257371e-03
4.630000000000000000e+02 6.271655425213308252e-03
4.640000000000000000e+02 5.746750063173269689e-03
4.650000000000000000e+02 5.449145298530073782e-03
4.660000000000000000e+02 4.724816240343345658e-03
4.670000000000000000e+02 4.950593683019133100e-03
4.680000000000000000e+02 5.062538133858803489e-03
4.690000000000000000e+02 4.089025008193863595e-03
4.700000000000000000e+02 3.974961966174786823e-03
4.710000000000000000e+02 3.423607289940630918e-03
4.720000000000000000e+02 3.713140297093086434e-03
4.730000000000000000e+02 3.206786484172842542e-03
4.740000000000000000e+02 2.734681948528447717e-03
4.750000000000000000e+02 2.727166542194678529e-03
4.760000000000000000e+02 2.855251776749781305e-03
4.770000000000000000e+02 2.801206422383684114e-03
4.780000000000000000e+02 2.149996212177761410e-03
4.790000000000000000e+02 1.913703589533483768e-03
4.800000000000000000e+02 1.813981240839375236e-03
4.810000000000000000e+02 1.723162052504726566e-03
4.820000000000000000e+02 1.546457260731166038e-03
4.830000000000000000e+02 1.613037812990846843e-03
4.840000000000000000e+02 8.438273488787108702e-04
4.850000000000000000e+02 5.818144515115607207e-04
4.860000000000000000e+02 1.468613557021991589e-03
4.870000000000000000e+02 2.870115796690514138e-04
4.880000000000000000e+02 2.089447591377932654e-03
4.890000000000000000e+02 1.656240022941903760e-04
4.900000000000000000e+02 3.713833623241702105e-04
4.910000000000000000e+02 5.622700877388899605e-04
4.920000000000000000e+02 5.822112583626352271e-04
4.930000000000000000e+02 3.224513710158817743e-04
4.940000000000000000e+02 9.020541128154428397e-05
4.950000000000000000e+02 7.105511690861297759e-04
4.960000000000000000e+02 -2.070434629133784631e-05
4.970000000000000000e+02 2.628499237619382574e-04
4.980000000000000000e+02 -6.952478933387573449e-05
4.990000000000000000e+02 7.465751602863825555e-04
5.000000000000000000e+02 9.356736986317634817e-05
5.010000000000000000e+02 2.827649269594143563e-04
5.020000000000000000e+02 4.306917066451027573e-04
5.030000000000000000e+02 4.904915483334165585e-04
5.040000000000000000e+02 2.441010451526992738e-04
5.050000000000000000e+02 4.561442207456897009e-04
5.060000000000000000e+02 -1.381666815777740696e-04
5.070000000000000000e+02 7.993911306546564908e-05
5.080000000000000000e+02 -1.690153858493439109e-04
5.090000000000000000e+02 1.280874389216972442e-03
5.100000000000000000e+02 1.719317373694811794e-03
5.110000000000000000e+02 1.350333276471513870e-03
5.120000000000000000e+02 1.794247779280785850e-03
5.130000000000000000e+02 1.351930234368881392e-03
5.140000000000000000e+02 2.320902354230141434e-03
5.150000000000000000e+02 2.367197700662378515e-03
5.160000000000000000e+02 2.340734692999806542e-03
5.170000000000000000e+02 1.702395882461097245e-03
5.180000000000000000e+02 2.805443040565133630e-03
5.190000000000000000e+02 2.231796551700806867e-03
5.200000000000000000e+02 2.537544686892611451e-03
5.210000000000000000e+02 2.586774371448735937e-03
5.220000000000000000e+02 2.582172541769236010e-03
5.230000000000000000e+02 2.585383787414740307e-03
5.240000000000000000e+02 3.003086521265207077e-03
5.250000000000000000e+02 3.473163800750339765e-03
5.260000000000000000e+02 2.997744466946897050e-03
5.270000000000000000e+02 2.819600626982291403e-03
5.280000000000000000e+02 3.604233086524955259e-03
5.290000000000000000e+02 4.751967996515207328e-03
5.300000000000000000e+02 4.549049717312577713e-03
5.310000000000000000e+02 4.159919236554881355e-03
5.320000000000000000e+02 4.116240696842802388e-03
5.330000000000000000e+02 5.227501232716217673e-03
5.340000000000000000e+02 5.119244424897742216e-03
5.350000000000000000e+02 5.276282415104257585e-03
5.360000000000000000e+02 5.584330167776497753e-03
5.370000000000000000e+02 5.735398152169808930e-03
5.380000000000000000e+02 5.844734746546471210e-03
5.390000000000000000e+02 5.648114647213129530e-03
5.400000000000000000e+02 6.931866360731948722e-03
5.410000000000000000e+02 8.056285316855062856e-03
5.420000000000000000e+02 7.302672043757158990e-03
5.430000000000000000e+02 6.791470111957875234e-03
5.440000000000000000e+02 7.735791336485998461e-03
5.450000000000000000e+02 6.772107891384999100e-03
5.460000000000000000e+02 7.724347483542022726e-03
5.470000000000000000e+02 7.885229359456213602e-03
5.480000000000000000e+02 7.814961141036245659e-03
5.490000000000000000e+02 7.989463612072896306e-03
5.500000000000000000e+02 8.964305160270703496e-03
5.510000000000000000e+02 9.415743808592308417e-03
5.520000000000000000e+02 8.344234074988771122e-03
5.530000000000000000e+02 9.346301301769052022e-03
5.540000000000000000e+02 9.524728824456957232e-03
5.550000000000000000e+02 9.517155104172600466e-03
5.560000000000000000e+02 9.989105472682318493e-03
5.570000000000000000e+02 1.004306096443944793e-02
5.580000000000000000e+02 1.072925578676517042e-02
5.590000000000000000e+02 1.119787686010468609e-02
5.600000000000000000e+02 1.087605056626136761e-02
5.610000000000000000e+02 1.140385524640988302e-02
5.620000000000000000e+02 1.135850586632202938e-02
5.630000000000000000e+02 1.152001822207714653e-02
5.640000000000000000e+02 1.206547709122473416e-02
5.650000000000000000e+02 1.273347412289505681e-02
5.660000000000000000e+02 1.344393246201486779e-02
5.670000000000000000e+02 1.226071775949785607e-02
5.680000000000000000e+02 1.315265524794068282e-02
5.690000000000000000e+02 1.325520336498317055e-02
5.700000000000000000e+02 1.412700807669155061e-02
5.710000000000000000e+02 1.311261258895350321e-02
5.720000000000000000e+02 1.362940795721589646e-02
5.730000000000000000e+02 1.416084279321485825e-02
5.740000000000000000e+02 1.425962473027813683e-02
5.750000000000000000e+02 1.436869659379565872e-02
5.760000000000000000e+02 1.562416328008492221e-02
5.770000000000000000e+02 1.494130663280140645e-02
5.780000000000000000e+02 1.537301265955851384e-02
5.790000000000000000e+02 1.531551202188148435e-02
5.800000000000000000e+02 1.600662887029068865e-02
5.810000000000000000e+02 1.667493299586947364e-02
5.820000000000000000e+02 1.615767076863736454e-02
5.830000000000000000e+02 1.738456395174594118e-02
5.840000000000000000e+02 1.667890451778601679e-02
5.850000000000000000e+02 1.707045849508676688e-02
5.860000000000000000e+02 1.711912093713644639e-02
5.870000000000000000e+02 1.674676480590393118e-02
5.880000000000000000e+02 1.864678057252306884e-02
5.890000000000000000e+02 1.829553289509833897e-02
5.900000000000000000e+02 1.893890020179123806e-02
5.910000000000000000e+02 1.899643732737595070e-02
5.920000000000000000e+02 1.954892710534247499e-02
5.930000000000000000e+02 2.015217149846235470e-02
5.940000000000000000e+02 1.934767485216781421e-02
5.950000000000000000e+02 1.900889968340098088e-02
5.960000000000000000e+02 2.033650547503737180e-02
5.970000000000000000e+02 2.077440528026720107e-02
5.980000000000000000e+02 2.066968958503069206e-02
5.990000000000000000e+02 1.991463277858867079e-02
6.000000000000000000e+02 2.129379639003462291e-02
6.010000000000000000e+02 2.185073677618227031e-02
6.020000000000000000e+02 2.112037270873973194e-02
6.030000000000000000e+02 2.235281651087493021e-02
6.040000000000000000e+02 2.203211252389865663e-02
6.050000000000000000e+02 2.217638206989919897e-02
6.060000000000000000e+02 2.270921005548007590e-02
6.070000000000000000e+02 2.326120361783547488e-02
6.080000000000000000e+02 2.294061872407091723e-02
6.090000000000000000e+02 2.364250822811299335e-02
6.100000000000000000e+02 2.412698533691335842e-02
6.110000000000000000e+02 2.441943830293510573e-02
6.120000000000000000e+02 2.499158785559714435e-02
6.130000000000000000e+02 2.526617854575973279e-02
6.140000000000000000e+02 2.534090399151197465e-02
6.150000000000000000e+02 2.511552543462969300e-02
6.160000000000000000e+02 2.502099294552658643e-02
6.170000000000000000e+02 2.559314741825277281e-02
6.180000000000000000e+02 2.630971670158896783e-02
6.190000000000000000e+02 2.697001076947987477e-02
6.200000000000000000e+02 2.564967536889113664e-02
6.210000000000000000e+02 2.576021300052831059e-02
6.220000000000000000e+02 2.635928622666163304e-02
6.230000000000000000e+02 2.720713986838869600e-02
6.240000000000000000e+02 2.723069002606692476e-02
6.250000000000000000e+02 2.722205619582485081e-02
6.260000000000000000e+02 2.751201970996631357e-02
6.270000000000000000e+02 2.810189358624127359e-02
6.280000000000000000e+02 2.775481364294026670e-02
6.290000000000000000e+02 2.822373070318971375e-02
6.300000000000000000e+02 2.925888386969544355e-02
6.310000000000000000e+02 3.002368880050049205e-02
6.320000000000000000e+02 2.959578527349292915e-02
6.330000000000000000e+02 3.014544430402244651e-02
6.340000000000000000e+02 2.932206393644911854e-02
6.350000000000000000e+02 2.929476738191522101e-02
6.360000000000000000e+02 3.109175732029019826e-02
6.370000000000000000e+02 3.029344734545764972e-02
6.380000000000000000e+02 3.050046290656061726e-02
6.390000000000000000e+02 3.119494543232041034e-02
6.400000000000000000e+02 3.112212433191280034e-02
6.410000000000000000e+02 3.102956098559207440e-02
6.420000000000000000e+02 3.180341656870622896e-02
6.430000000000000000e+02 3.238279308852014260e-02
6.440000000000000000e+02 3.184833508708889011e-02
6.450000000000000000e+02 3.279631402924331612e-02
6.460000000000000000e+02 3.293479481349686350e-02
6.470000000000000000e+02 3.212534550112292747e-02
6.480000000000000000e+02 3.335585271085372838e-02
6.490000000000000000e+02 3.330542625637466364e-02
6.500000000000000000e+02 3.330961982213404005e-02
6.510000000000000000e+02 3.379826948048871710e-02
6.520000000000000000e+02 3.473717066235473133e-02
6.530000000000000000e+02 3.349723429270556191e-02
6.540000000000000000e+02 3.389941594825213872e-02
6.550000000000000000e+02 3.468572736427554676e-02
6.560000000000000000e+02 3.562527088976526896e-02
6.570000000000000000e+02 3.593935630617418192e-02
6.580000000000000000e+02 3.510048339388728567e-02
6.590000000000000000e+02 3.590879810965792729e-02
6.600000000000000000e+02 3.638255849549694443e-02
6.610000000000000000e+02 3.692985000178962418e-02
6.620000000000000000e+02 3.591863798815348591e-02
6.630000000000000000e+02 3.570510930312117276e-02
6.640000000000000000e+02 3.504182453478744269e-02
6.650000000000000000e+02 3.815417625290878217e-02
6.660000000000000000e+02 3.851913021488096583e-02
6.670000000000000000e+02 3.743157033752751023e-02
6.680000000000000000e+02 2.946125957087331743e-02
6.690000000000000000e+02 2.874820107375235245e-02
6.700000000000000000e+02 2.622029173544348710e-02
6.710000000000000000e+02 2.481833885500023262e-02
6.720000000000000000e+02 2.259748273041592079e-02
6.730000000000000000e+02 2.103193191526021508e-02
6.740000000000000000e+02 1.960249367442092397e-02
6.750000000000000000e+02 1.803052838961081289e-02
6.760000000000000000e+02 1.685734390090665169e-02
6.770000000000000000e+02 1.558054733497173279e-02
6.780000000000000000e+02 2.026178326686647792e-03
6.790000000000000000e+02 1.268335118812604929e-03
6.800000000000000000e+02 8.247576010223183580e-04
6.810000000000000000e+02 4.275319890884430761e-04
6.820000000000000000e+02 -1.354332282771482040e-04
6.830000000000000000e+02 -2.654466043353100589e-04
6.840000000000000000e+02 8.470228421406018372e-04
6.850000000000000000e+02 4.404175050347201208e-04
6.860000000000000000e+02 3.509924831956353622e-04
6.870000000000000000e+02 4.132739946392209249e-03
6.880000000000000000e+02 4.871938798989909310e-04
6.890000000000000000e+02 2.093537354195323729e-05
6.900000000000000000e+02 2.074092119805505830e-03
6.910000000000000000e+02 1.110519228286853529e-03
6.920000000000000000e+02 4.828087014509250033e-04
6.930000000000000000e+02 3.943485507900755353e-04
6.940000000000000000e+02 3.624801654302923885e-04
6.950000000000000000e+02 -3.490391246668883476e-04
6.960000000000000000e+02 5.690262191875859786e-04
6.970000000000000000e+02 -1.908740197788429539e-04
6.980000000000000000e+02 7.844156974687137556e-04
6.990000000000000000e+02 9.175301281981466841e-05
7.000000000000000000e+02 2.685777202426088131e-04
7.010000000000000000e+02 3.568580715491346633e-04
7.020000000000000000e+02 6.753292665076309712e-05
7.030000000000000000e+02 -1.475405184592019621e-04
7.040000000000000000e+02 2.626050687294490159e-05
7.050000000000000000e+02 1.770282466601126364e-04
7.060000000000000000e+02 1.841817279375190233e-04
7.070000000000000000e+02 1.537051807348749756e-04
7.080000000000000000e+02 2.492594514437998163e-04
7.090000000000000000e+02 -1.274109781033841492e-04
7.100000000000000000e+02 2.439156169226041053e-04
7.110000000000000000e+02 2.578940986657323711e-04
7.120000000000000000e+02 1.983126782727421384e-04
7.130000000000000000e+02 2.251096490602658227e-04
7.140000000000000000e+02 -1.745061206479740594e-04
7.150000000000000000e+02 -1.048810506505249806e-04
7.160000000000000000e+02 2.466830881839686819e-04
7.170000000000000000e+02 4.687419339131217264e-05
7.180000000000000000e+02 -6.417177890615102321e-05
7.190000000000000000e+02 -3.256169924359269034e-05
7.200000000000000000e+02 -8.841426223797001108e-05
7.210000000000000000e+02 -3.178462402786557967e-04
7.220000000000000000e+02 -3.683941981367639643e-04
7.230000000000000000e+02 -2.552138930902520452e-04
7.240000000000000000e+02 -6.685632025911081441e-05
7.250000000000000000e+02 2.305377387993321351e-05
7.260000000000000000e+02 -6.872278729988022072e-05
7.270000000000000000e+02 3.351954600409235059e-05
7.280000000000000000e+02 4.906176166462695849e-06
7.290000000000000000e+02 1.828558027814048521e-05
7.300000000000000000e+02 3.713732005368338530e-05
7.310000000000000000e+02 2.212768557520681728e-06
