3.500000000000000000e+02 7.816786604845055164e-01
3.510000000000000000e+02 7.623397745213298382e-01
3.520000000000000000e+02 7.212158044020747782e-01
3.530000000000000000e+02 6.674573719438615660e-01
3.540000000000000000e+02 6.094630412468611258e-01
3.550000000000000000e+02 5.833642720177487639e-01
3.560000000000000000e+02 5.587818906559026688e-01
3.570000000000000000e+02 5.448878461488595448e-01
3.600000000000000000e+02 4.676023983606472645e-01
3.610000000000000000e+02 4.458294649604785387e-01
3.640000000000000000e+02 3.897498149161069403e-01
3.650000000000000000e+02 3.765490225219322307e-01
3.670000000000000000e+02 3.462554206763281406e-01
3.680000000000000000e+02 3.376826265728082310e-01
3.690000000000000000e+02 3.242338806951955976e-01
3.700000000000000000e+02 3.121771205773378743e-01
3.720000000000000000e+02 2.891319102899319038e-01
3.730000000000000000e+02 2.785725802853543653e-01
3.740000000000000000e+02 2.696373852716140163e-01
3.750000000000000000e+02 2.589820904032731352e-01
3.760000000000000000e+02 2.478110527556360021e-01
3.770000000000000000e+02 2.412702867818238839e-01
3.780000000000000000e+02 2.320900421101688427e-01
3.800000000000000000e+02 2.151450006004417270e-01
3.810000000000000000e+02 2.067528923609523450e-01
3.820000000000000000e+02 1.990109210056227595e-01
3.830000000000000000e+02 1.927066939256935896e-01
3.840000000000000000e+02 1.852705614645767940e-01
3.850000000000000000e+02 1.791757623333913307e-01
3.860000000000000000e+02 1.731570322212011570e-01
3.870000000000000000e+02 1.660749608398693900e-01
3.890000000000000000e+02 1.551742124664050593e-01
3.900000000000000000e+02 1.489903806842339529e-01
3.910000000000000000e+02 1.439068152870348893e-01
3.920000000000000000e+02 1.394634468039759878e-01
3.930000000000000000e+02 1.340156474109340801e-01
3.950000000000000000e+02 1.252695398197339050e-01
3.960000000000000000e+02 1.205319275403268081e-01
3.970000000000000000e+02 1.160660234666045232e-01
3.990000000000000000e+02 1.079025942591028131e-01
4.000000000000000000e+02 1.039508311221653963e-01
4.020000000000000000e+02 9.650305514993877398e-02
4.030000000000000000e+02 9.429415153029652163e-02
4.040000000000000000e+02 9.029579208442464755e-02
4.060000000000000000e+02 8.359356172336651625e-02
4.070000000000000000e+02 8.047582243254688961e-02
4.080000000000000000e+02 7.766169405804150550e-02
4.090000000000000000e+02 7.510710142822098201e-02
4.100000000000000000e+02 7.203112862790912729e-02
4.110000000000000000e+02 6.975848371946005710e-02
4.120000000000000000e+02 6.637567117597724387e-02
4.130000000000000000e+02 6.428839955038419263e-02
4.140000000000000000e+02 6.220316863457310552e-02
4.150000000000000000e+02 5.975574200798849933e-02
4.160000000000000000e+02 5.767664206744186478e-02
4.170000000000000000e+02 5.555938698751667487e-02
4.190000000000000000e+02 5.154519052705063692e-02
4.200000000000000000e+02 4.943746093279646758e-02
4.220000000000000000e+02 4.602004485636810444e-02
4.230000000000000000e+02 4.402800408214046363e-02
4.250000000000000000e+02 4.085153936720264944e-02
4.260000000000000000e+02 3.918728689657953457e-02
4.270000000000000000e+02 3.749640263443038829e-02
4.280000000000000000e+02 3.597068031481994582e-02
4.290000000000000000e+02 3.462068933065600568e-02
4.310000000000000000e+02 3.184792505071606245e-02
4.320000000000000000e+02 3.060044089622456984e-02
4.330000000000000000e+02 2.955097431034280075e-02
4.340000000000000000e+02 2.816753179350858782e-02
4.350000000000000000e+02 2.668828804547700509e-02
4.360000000000000000e+02 2.530354266467771396e-02
4.370000000000000000e+02 2.448604848415174284e-02
4.380000000000000000e+02 2.340374322990211239e-02
4.390000000000000000e+02 2.275768855542771238e-02
4.400000000000000000e+02 2.114135736252895428e-02
4.410000000000000000e+02 2.079069156031877405e-02
4.420000000000000000e+02 1.942074474270427675e-02
4.430000000000000000e+02 1.864240571266047308e-02
4.440000000000000000e+02 1.783120857048686725e-02
4.450000000000000000e+02 1.713853487756594740e-02
4.460000000000000000e+02 1.564019819730653668e-02
4.470000000000000000e+02 1.530729302353674506e-02
4.480000000000000000e+02 1.448043780566600144e-02
4.510000000000000000e+02 1.226378230940636596e-02
4.520000000000000000e+02 1.178024003844050684e-02
4.530000000000000000e+02 1.125004003140981160e-02
4.540000000000000000e+02 1.038524491861172669e-02
4.550000000000000000e+02 9.828151785730187759e-03
4.560000000000000000e+02 9.398272189236677593e-03
4.570000000000000000e+02 8.989284375191749360e-03
4.580000000000000000e+02 8.191913797439720479e-03
4.590000000000000000e+02 8.060866380071262521e-03
4.610000000000000000e+02 7.035715891272205889e-03
4.630000000000000000e+02 6.182185169824458947e-03
4.640000000000000000e+02 5.857310259166744609e-03
4.650000000000000000e+02 5.213533733147228053e-03
4.660000000000000000e+02 4.954758891034519684e-03
4.670000000000000000e+02 4.732514074019322954e-03
4.680000000000000000e+02 4.925580549170484844e-03
4.690000000000000000e+02 4.352070467588541221e-03
4.700000000000000000e+02 3.911900805556094325e-03
4.710000000000000000e+02 3.510009716518163510e-03
4.720000000000000000e+02 3.710643103882225752e-03
4.730000000000000000e+02 3.141023039305557239e-03
4.740000000000000000e+02 2.634737068285217167e-03
4.750000000000000000e+02 2.639933601388899306e-03
4.760000000000000000e+02 2.819675832648471225e-03
4.770000000000000000e+02 2.725485304310847068e-03
4.810000000000000000e+02 1.775095466571258596e-03
4.820000000000000000e+02 1.254543768450205703e-03
4.830000000000000000e+02 1.514446092427989979e-03
4.840000000000000000e+02 9.962003008101832230e-04
4.850000000000000000e+02 7.157797309311700199e-04
4.860000000000000000e+02 1.286399922873115737e-03
4.870000000000000000e+02 4.449786462846072729e-04
4.880000000000000000e+02 1.396049926451596113e-03
4.890000000000000000e+02 1.126633754475366960e-04
4.900000000000000000e+02 7.544790718621793586e-04
4.910000000000000000e+02 4.544602734708400580e-04
4.920000000000000000e+02 6.451691294408989875e-04
4.930000000000000000e+02 2.070499097898279765e-04
4.940000000000000000e+02 1.662805131220641938e-04
4.950000000000000000e+02 4.218859375471753557e-04
4.960000000000000000e+02 -4.656721463823274118e-05
4.970000000000000000e+02 1.559751834101273736e-04
4.990000000000000000e+02 6.344651656058113631e-04
5.000000000000000000e+02 5.323597619025211523e-04
5.010000000000000000e+02 4.906995131198814766e-04
5.020000000000000000e+02 3.382951558485641015e-04
5.030000000000000000e+02 3.382821178987590856e-04
5.040000000000000000e+02 3.691024681301536777e-04
5.050000000000000000e+02 5.216745597759932110e-04
5.060000000000000000e+02 -2.365744201009697468e-04
5.070000000000000000e+02 5.747224982109582240e-04
5.080000000000000000e+02 1.881874983469480781e-04
5.090000000000000000e+02 1.004292397896770815e-03
5.100000000000000000e+02 1.637434929743080813e-03
5.130000000000000000e+02 1.536342346347145844e-03
5.140000000000000000e+02 2.185533274020299861e-03
5.150000000000000000e+02 2.412203160083915224e-03
5.160000000000000000e+02 2.197612603198180470e-03
5.170000000000000000e+02 2.095340652695959569e-03
5.180000000000000000e+02 2.466996742388768895e-03
5.190000000000000000e+02 2.367375358556496681e-03
5.210000000000000000e+02 2.716710156131674214e-03
5.220000000000000000e+02 2.638267121346261727e-03
5.230000000000000000e+02 2.729285127763575892e-03
5.240000000000000000e+02 2.921907386912489524e-03
5.250000000000000000e+02 3.556710828848274990e-03
5.270000000000000000e+02 3.395195511345309135e-03
5.280000000000000000e+02 3.623784826826316301e-03
5.290000000000000000e+02 4.341670614358110990e-03
5.300000000000000000e+02 4.270150931533506916e-03
5.320000000000000000e+02 4.222972994463374680e-03
5.330000000000000000e+02 4.915161275428570065e-03
5.340000000000000000e+02 5.087611746802141524e-03
5.350000000000000000e+02 5.429651502792873057e-03
5.360000000000000000e+02 5.526747368461004152e-03
5.370000000000000000e+02 5.843695694818126958e-03
5.380000000000000000e+02 5.657627944438848450e-03
5.390000000000000000e+02 5.984093104172169379e-03
5.400000000000000000e+02 6.850641424540705737e-03
5.410000000000000000e+02 7.507923468331500864e-03
5.420000000000000000e+02 6.683328871075471835e-03
5.430000000000000000e+02 6.992524455725212737e-03
5.440000000000000000e+02 7.498303242409755896e-03
5.450000000000000000e+02 7.146016861825398199e-03
5.470000000000000000e+02 7.570332784874953154e-03
5.480000000000000000e+02 7.762007421892177031e-03
5.490000000000000000e+02 8.064669133323626449e-03
5.500000000000000000e+02 8.813301071551725430e-03
5.510000000000000000e+02 9.113184717941249721e-03
5.520000000000000000e+02 8.503111766818945844e-03
5.530000000000000000e+02 9.097622393084231485e-03
5.540000000000000000e+02 9.436972963587315910e-03
5.550000000000000000e+02 9.554644987337461079e-03
5.560000000000000000e+02 9.723288241164366325e-03
5.580000000000000000e+02 1.068425198761211239e-02
5.590000000000000000e+02 1.121202565947609746e-02
5.600000000000000000e+02 1.083462577699736452e-02
5.610000000000000000e+02 1.144990782089895173e-02
5.620000000000000000e+02 1.113983580573763704e-02
5.630000000000000000e+02 1.180469918001687650e-02
5.640000000000000000e+02 1.187062841694265340e-02
5.650000000000000000e+02 1.279368414135379807e-02
5.660000000000000000e+02 1.255894878215277170e-02
5.670000000000000000e+02 1.283420851118650258e-02
5.680000000000000000e+02 1.323700731638935597e-02
5.710000000000000000e+02 1.311033550873891632e-02
5.720000000000000000e+02 1.386557565053753334e-02
5.730000000000000000e+02 1.439480407149300832e-02
5.740000000000000000e+02 1.405986637447113018e-02
5.750000000000000000e+02 1.446882619309731999e-02
5.770000000000000000e+02 1.487836079939161907e-02
5.780000000000000000e+02 1.550764942001130881e-02
5.790000000000000000e+02 1.556252793486229483e-02
5.800000000000000000e+02 1.579987232107551640e-02
5.810000000000000000e+02 1.637655270524179807e-02
5.820000000000000000e+02 1.625172206487059123e-02
5.840000000000000000e+02 1.704822567390473081e-02
5.860000000000000000e+02 1.737561276844420965e-02
5.870000000000000000e+02 1.735103747864555693e-02
5.880000000000000000e+02 1.838099310682091148e-02
5.890000000000000000e+02 1.806864040966206855e-02
5.910000000000000000e+02 1.883258631081594428e-02
5.920000000000000000e+02 1.931945226142984737e-02
5.930000000000000000e+02 1.914207094468459158e-02
5.950000000000000000e+02 1.907523853134529546e-02
5.960000000000000000e+02 2.028183461422439562e-02
5.980000000000000000e+02 2.062844055179054864e-02
5.990000000000000000e+02 2.085481520649676290e-02
6.000000000000000000e+02 2.106070924559562754e-02
6.010000000000000000e+02 2.153933331742589191e-02
6.020000000000000000e+02 2.130140451110837385e-02
6.030000000000000000e+02 2.236292496119439421e-02
6.040000000000000000e+02 2.194639348639189011e-02
6.050000000000000000e+02 2.252142605372613182e-02
6.060000000000000000e+02 2.281299188740691652e-02
6.070000000000000000e+02 2.296915797702045806e-02
6.080000000000000000e+02 2.311984261593624454e-02
6.090000000000000000e+02 2.440670918528245123e-02
6.100000000000000000e+02 2.394879477858871675e-02
6.110000000000000000e+02 2.398834974454313457e-02
6.120000000000000000e+02 2.427803792087998569e-02
6.130000000000000000e+02 2.497782341667742836e-02
6.140000000000000000e+02 2.502321678663485885e-02
6.150000000000000000e+02 2.565920299345815503e-02
6.160000000000000000e+02 2.508140819445079522e-02
6.180000000000000000e+02 2.648189053583929059e-02
6.190000000000000000e+02 2.657618853765054967e-02
6.200000000000000000e+02 2.554543370266162960e-02
6.210000000000000000e+02 2.618530402631542159e-02
6.230000000000000000e+02 2.658781538225756663e-02
6.240000000000000000e+02 2.722956567861749971e-02
6.250000000000000000e+02 2.686648761658463544e-02
6.260000000000000000e+02 2.776952816159344861e-02
6.270000000000000000e+02 2.829870101694116624e-02
6.290000000000000000e+02 2.826220355655009037e-02
6.300000000000000000e+02 2.857700544178981561e-02
6.310000000000000000e+02 3.010426782274122984e-02
6.320000000000000000e+02 2.905229675688449434e-02
6.330000000000000000e+02 2.963416996786901597e-02
6.340000000000000000e+02 2.956569259717597639e-02
6.350000000000000000e+02 2.923786887255191980e-02
6.360000000000000000e+02 3.045849288480165576e-02
6.380000000000000000e+02 3.078490117432343756e-02
6.390000000000000000e+02 3.097593032107453029e-02
6.400000000000000000e+02 3.031445397193440611e-02
6.410000000000000000e+02 3.107767079303874400e-02
6.420000000000000000e+02 3.171175825257833286e-02
6.430000000000000000e+02 3.180652578378941747e-02
6.440000000000000000e+02 3.156833047288949701e-02
6.450000000000000000e+02 3.263516159947314060e-02
6.460000000000000000e+02 3.220336279974244514e-02
6.470000000000000000e+02 3.288379210763098942e-02
6.480000000000000000e+02 3.307770693742879270e-02
6.490000000000000000e+02 3.293587722977708854e-02
6.510000000000000000e+02 3.323891119833648211e-02
6.520000000000000000e+02 3.399223142209139431e-02
6.530000000000000000e+02 3.421538249753925537e-02
6.540000000000000000e+02 3.413869105311598262e-02
6.550000000000000000e+02 3.434712868561784482e-02
6.560000000000000000e+02 3.505993133881948887e-02
6.570000000000000000e+02 3.557499289035873091e-02
6.580000000000000000e+02 3.503860539615032132e-02
6.610000000000000000e+02 3.618817659923905666e-02
6.620000000000000000e+02 3.517871233712965839e-02
6.630000000000000000e+02 3.535768553623622884e-02
6.650000000000000000e+02 3.742559213215805591e-02
6.660000000000000000e+02 3.738677119925720715e-02
6.670000000000000000e+02 3.101821489689200739e-02
6.680000000000000000e+02 2.945659647767899167e-02
6.700000000000000000e+02 2.631165592131934003e-02
6.710000000000000000e+02 2.459149200632988405e-02
6.720000000000000000e+02 2.261550364549824374e-02
6.730000000000000000e+02 2.076113669916213045e-02
6.740000000000000000e+02 1.951816794411153841e-02
6.750000000000000000e+02 1.778500167544861885e-02
6.760000000000000000e+02 1.664670904036246943e-02
6.780000000000000000e+02 1.438187520206750392e-02
6.790000000000000000e+02 8.495569595895074728e-04
6.870000000000000000e+02 -1.481517339317195013e-04
6.890000000000000000e+02 2.647993086250412373e-04
6.900000000000000000e+02 1.662484987084540721e-03
6.910000000000000000e+02 8.647266031851496291e-04
6.920000000000000000e+02 4.200954787823726845e-04
6.930000000000000000e+02 2.593919004473656882e-04
6.940000000000000000e+02 2.081926087702296762e-04
6.950000000000000000e+02 -3.665364753790949096e-04
6.960000000000000000e+02 1.428664975131052682e-04
6.970000000000000000e+02 -8.796099886892827611e-05
6.990000000000000000e+02 -2.427159765922606827e-04
7.000000000000000000e+02 -1.416071152869157303e-04
7.010000000000000000e+02 9.233709571350495933e-05
7.020000000000000000e+02 -2.604637873009511611e-04
7.030000000000000000e+02 -3.312055943965152411e-04
7.040000000000000000e+02 -2.229209048330250075e-04
7.050000000000000000e+02 -1.593637720009210879e-05
7.070000000000000000e+02 5.159503251938033955e-05
7.080000000000000000e+02 3.591502668723918089e-05
7.100000000000000000e+02 1.343530853908841483e-04
7.110000000000000000e+02 8.654443699565265307e-05
7.120000000000000000e+02 -7.879800646022813501e-06
7.130000000000000000e+02 2.592617913604279017e-05
7.140000000000000000e+02 -3.388315424492439930e-04
7.150000000000000000e+02 -1.240463913777406794e-04
7.160000000000000000e+02 1.853906432782565482e-04
7.180000000000000000e+02 -4.637461595903896922e-05
7.190000000000000000e+02 -3.310828165903608269e-05
7.200000000000000000e+02 -1.680966974141180582e-05
7.210000000000000000e+02 -2.783537627163090115e-04
7.220000000000000000e+02 -2.482600381134515070e-04
7.240000000000000000e+02 -3.729165469216795233e-07
7.250000000000000000e+02 5.919378035972112895e-07
7.270000000000000000e+02 9.538972990665026873e-06
7.280000000000000000e+02 2.614798101578898117e-05
7.290000000000000000e+02 -5.187678582494602449e-05
7.300000000000000000e+02 9.087038938408347800e-05
7.310000000000000000e+02 -2.998164261721537774e-05
