3.500000000000000000e+02 7.351207769656649404e-02 2.876233079948073076e-03
3.510000000000000000e+02 7.666639895373844604e-02 2.831363641937283213e-03
3.520000000000000000e+02 7.944913911132066298e-02 1.964905003905775740e-03
3.530000000000000000e+02 8.296775079481572002e-02 1.074006386472333699e-03
3.540000000000000000e+02 8.731014074980333883e-02 2.093915689463470703e-03
3.550000000000000000e+02 9.217105461374716646e-02 3.299754325633030318e-03
3.560000000000000000e+02 9.570533718466900375e-02 3.185754134566640659e-03
3.570000000000000000e+02 9.971908687929882664e-02 3.084205019328602974e-03
3.590000000000000000e+02 1.095163737581050650e-01 2.692124827454364742e-03
3.600000000000000000e+02 1.148025451938399916e-01 2.620116680253497653e-03
3.610000000000000000e+02 1.207241237714945237e-01 2.491259807140881483e-03
3.620000000000000000e+02 1.264854258256926933e-01 2.638112065327286732e-03
3.630000000000000000e+02 1.335739218107085680e-01 2.823874481977801509e-03
3.640000000000000000e+02 1.383228472500492856e-01 2.142748590939332499e-03
3.650000000000000000e+02 1.451357876125909663e-01 1.446864518983973598e-03
3.660000000000000000e+02 1.501653139671277892e-01 1.393703007145587983e-03
3.670000000000000000e+02 1.583300888570101372e-01 1.459949316620744912e-03
3.680000000000000000e+02 1.618970059045997112e-01 1.619072273208362880e-03
3.690000000000000000e+02 1.683482851357576970e-01 1.799294422978271876e-03
3.700000000000000000e+02 1.734984647988349060e-01 3.480539475080654012e-03
3.720000000000000000e+02 1.871071336111153893e-01 4.953009478921026505e-03
3.730000000000000000e+02 1.932552882819760232e-01 4.508590147830647717e-03
3.740000000000000000e+02 1.991182901271619232e-01 4.585486070964601112e-03
3.750000000000000000e+02 2.058451123545091688e-01 4.732901584486049265e-03
3.760000000000000000e+02 2.152045926459618952e-01 4.838275387048745872e-03
3.770000000000000000e+02 2.244141804393711970e-01 4.996403360150027811e-03
3.780000000000000000e+02 2.328971493317456287e-01 3.761510501124800537e-03
3.790000000000000000e+02 2.454133689315645406e-01 2.546651206008816379e-03
3.800000000000000000e+02 2.541804356922868213e-01 2.804639151057561255e-03
3.810000000000000000e+02 2.659962520968818245e-01 3.220393050075108770e-03
3.820000000000000000e+02 2.780004316659499541e-01 2.670988800430307113e-03
3.830000000000000000e+02 2.880604171266921698e-01 2.150892565146881718e-03
3.840000000000000000e+02 2.978119868897632361e-01 3.527756834731676956e-03
3.850000000000000000e+02 3.070009075335126680e-01 5.048041045427574536e-03
3.860000000000000000e+02 3.160621823448024337e-01 4.221662142547203365e-03
3.870000000000000000e+02 3.235502007683886960e-01 3.322115928010350473e-03
3.890000000000000000e+02 3.347988359908152245e-01 4.908267830766570999e-03
3.900000000000000000e+02 3.444311847283144101e-01 3.355948051718021883e-03
3.910000000000000000e+02 3.481198220329594362e-01 1.761294276619884388e-03
3.920000000000000000e+02 3.511423416093695238e-01 2.764176708501847168e-03
3.930000000000000000e+02 3.574330550266576201e-01 3.848259707135022554e-03
3.940000000000000000e+02 3.624839321960025007e-01 3.961807749271925236e-03
3.950000000000000000e+02 3.645406711324810645e-01 4.001760097700257646e-03
3.960000000000000000e+02 3.685910629913679015e-01 3.468229455025004845e-03
3.970000000000000000e+02 3.734848926482851050e-01 3.012244368492728811e-03
3.990000000000000000e+02 3.809133392475068658e-01 1.639858107555475708e-03
4.000000000000000000e+02 3.873696792952508461e-01 1.720706961432140730e-03
4.020000000000000000e+02 3.916212519286830229e-01 1.926776454410369628e-03
4.030000000000000000e+02 3.935881838214089212e-01 1.663556256607826196e-03
4.040000000000000000e+02 3.989577544905339446e-01 2.185010119240688321e-03
4.060000000000000000e+02 4.038180890228253994e-01 2.624918750264108609e-03
4.070000000000000000e+02 4.108917357493928058e-01 2.657762173690722107e-03
4.080000000000000000e+02 4.081085205232922175e-01 2.001348787919113217e-03
4.090000000000000000e+02 4.149324804967943758e-01 1.680269213441167812e-03
4.100000000000000000e+02 4.189913824317403890e-01 1.718208275377246111e-03
4.110000000000000000e+02 4.190847184983803597e-01 2.160790746282948739e-03
4.120000000000000000e+02 4.207157847987120780e-01 2.394617619119099230e-03
4.130000000000000000e+02 4.207764847981085299e-01 2.900051963301861300e-03
4.140000000000000000e+02 4.243732659855050104e-01 1.975634828022557622e-03
4.150000000000000000e+02 4.278301190842887514e-01 1.694290396535607941e-03
4.160000000000000000e+02 4.292702463396358969e-01 2.073258405004559535e-03
4.170000000000000000e+02 4.289730314032996206e-01 3.269952307039496707e-03
4.180000000000000000e+02 4.360777645289029558e-01 2.659112120544229480e-03
4.190000000000000000e+02 4.352750722226548796e-01 1.979175966914930619e-03
4.200000000000000000e+02 4.409533200573480527e-01 1.698882843151667708e-03
4.210000000000000000e+02 4.391989821521488646e-01 1.452062628572577943e-03
4.220000000000000000e+02 4.385708725529974816e-01 1.725234971299652439e-03
4.230000000000000000e+02 4.440406251815011140e-01 1.956683927245837264e-03
4.250000000000000000e+02 4.458571778279442066e-01 1.730608373601693218e-03
4.260000000000000000e+02 4.463217478123091553e-01 1.875206801760778566e-03
4.270000000000000000e+02 4.494902758492057004e-01 2.029812889556603054e-03
4.280000000000000000e+02 4.510812886343494865e-01 2.155714554095391079e-03
4.290000000000000000e+02 4.515020332710242834e-01 2.144436453062542342e-03
4.310000000000000000e+02 4.560280263503388443e-01 1.619477276622322513e-03
4.320000000000000000e+02 4.575986016224213859e-01 2.058509535390790329e-03
4.330000000000000000e+02 4.567601078523116365e-01 1.792946768729314268e-03
4.340000000000000000e+02 4.585211546650436176e-01 1.952208287441016933e-03
4.350000000000000000e+02 4.591266032481025605e-01 2.169624158267083672e-03
4.360000000000000000e+02 4.610984229763544495e-01 1.860196758358603720e-03
4.370000000000000000e+02 4.627461412690221376e-01 1.812885528652474635e-03
4.380000000000000000e+02 4.617175540792490263e-01 2.056757422636388763e-03
4.390000000000000000e+02 4.641515552950040147e-01 1.889026092123826826e-03
4.400000000000000000e+02 4.656064004052785643e-01 1.825128787996070385e-03
4.410000000000000000e+02 4.678376554903077578e-01 1.643117254787650541e-03
4.420000000000000000e+02 4.651126084683255835e-01 1.899731877064235030e-03
4.430000000000000000e+02 4.671847163161277350e-01 2.003635334067683377e-03
4.440000000000000000e+02 4.719762380677836600e-01 1.851332356544281100e-03
4.450000000000000000e+02 4.718699772497067513e-01 1.904740122672970775e-03
4.460000000000000000e+02 4.709933826247755251e-01 1.679117858246655104e-03
4.470000000000000000e+02 4.720288228030266597e-01 1.910260443183545631e-03
4.480000000000000000e+02 4.680947981573560512e-01 1.784486904019421446e-03
4.500000000000000000e+02 4.724224922032597140e-01 1.705120183429676903e-03
4.510000000000000000e+02 4.744547281092491020e-01 1.655027949203950787e-03
4.520000000000000000e+02 4.749389109751472327e-01 1.688890265037343600e-03
4.530000000000000000e+02 4.748128744826624614e-01 1.500609967483398271e-03
4.540000000000000000e+02 4.758704796043710106e-01 1.584774608870268171e-03
4.550000000000000000e+02 4.764374592679047060e-01 1.587698878720819216e-03
4.560000000000000000e+02 4.766277071593842396e-01 1.614695486152250810e-03
4.570000000000000000e+02 4.768832686713165847e-01 1.853418853404333651e-03
4.580000000000000000e+02 4.766274724898947324e-01 1.689685007704715136e-03
4.590000000000000000e+02 4.785085193073064791e-01 1.702691443239119987e-03
4.610000000000000000e+02 4.791704361877173746e-01 2.081275567453521724e-03
4.630000000000000000e+02 4.770273984077750828e-01 1.939945354651089740e-03
4.640000000000000000e+02 4.820695971081287445e-01 1.904775109083223185e-03
4.650000000000000000e+02 4.787851390450321709e-01 2.053439090574471319e-03
4.660000000000000000e+02 4.810125948425756359e-01 2.187028255849301096e-03
4.670000000000000000e+02 4.827233791463297896e-01 1.948572984509445299e-03
4.680000000000000000e+02 4.786014998761511929e-01 1.732607935022278944e-03
4.690000000000000000e+02 4.823125325183958423e-01 2.014654657296328748e-03
4.700000000000000000e+02 4.812886914636650415e-01 2.116932628716204287e-03
4.710000000000000000e+02 4.821185166211386375e-01 1.711242306451504769e-03
4.720000000000000000e+02 4.824331994454306161e-01 2.495535912577123792e-03
4.730000000000000000e+02 4.816204362319564947e-01 2.027285527856259768e-03
4.740000000000000000e+02 4.801555385917871677e-01 1.962734385711147750e-03
4.750000000000000000e+02 4.851855296764659986e-01 2.136412959461462396e-03
4.760000000000000000e+02 4.813604980475272299e-01 1.898691577378915822e-03
4.770000000000000000e+02 4.832713197391768079e-01 1.804075926346927587e-03
4.780000000000000000e+02 4.811258960473415169e-01 1.598376312235743214e-03
4.800000000000000000e+02 4.826470873672784601e-01 1.787473497337734507e-03
4.810000000000000000e+02 4.844878810189979235e-01 1.834506605031442769e-03
4.820000000000000000e+02 4.836493892846396858e-01 1.795648357954448583e-03
4.830000000000000000e+02 4.872747655279988099e-01 2.048491108984662815e-03
4.840000000000000000e+02 4.849088102245038834e-01 2.005781510496312207e-03
4.850000000000000000e+02 4.810562938153574164e-01 2.534304793937057401e-03
4.860000000000000000e+02 4.841055798057272708e-01 2.394114471674238000e-03
4.870000000000000000e+02 4.826316757051254402e-01 2.309170667317506087e-03
4.880000000000000000e+02 4.828955970858463953e-01 2.392441697494805328e-03
4.890000000000000000e+02 4.783258000437208279e-01 1.882513616475640006e-03
4.900000000000000000e+02 4.802653974297320660e-01 1.681922092570305128e-03
4.910000000000000000e+02 4.816933092371611380e-01 2.265869950360464586e-03
4.920000000000000000e+02 4.768130096481956182e-01 1.756589525620289288e-03
4.930000000000000000e+02 4.806475273630073652e-01 1.816484240732687844e-03
4.940000000000000000e+02 4.820382213010807049e-01 1.611400824293789070e-03
4.950000000000000000e+02 4.817767042926765497e-01 3.783201989217143887e-03
4.960000000000000000e+02 4.805257300144577526e-01 1.894573156112542688e-03
4.970000000000000000e+02 4.815062731117853989e-01 2.235334109371385925e-03
4.990000000000000000e+02 4.775360355075797258e-01 2.056957867673673678e-03
5.000000000000000000e+02 4.788961870851022873e-01 1.768540984666243810e-03
5.010000000000000000e+02 4.793613187940294895e-01 1.796602370547474006e-03
5.020000000000000000e+02 4.771225783811625099e-01 1.929992238150126087e-03
5.030000000000000000e+02 4.789619598233237352e-01 2.124197864418748798e-03
5.040000000000000000e+02 4.798989583705773887e-01 1.924962285556143298e-03
5.050000000000000000e+02 4.762183584929126079e-01 2.222987376856246349e-03
5.060000000000000000e+02 4.796520030155685954e-01 2.256780495665277816e-03
5.070000000000000000e+02 4.786807238152627764e-01 2.130184001950128671e-03
5.080000000000000000e+02 4.774539079928672991e-01 2.058137543501497094e-03
5.090000000000000000e+02 4.819372458363471168e-01 2.109112558073428408e-03
5.100000000000000000e+02 4.754251191758652739e-01 2.195805638152894569e-03
5.120000000000000000e+02 4.741644885621159600e-01 1.942607585609776224e-03
5.130000000000000000e+02 4.775237451392089216e-01 1.690149211066179890e-03
5.140000000000000000e+02 4.737583322435508504e-01 1.807977879194217537e-03
5.150000000000000000e+02 4.751634087082203250e-01 1.927418065833168314e-03
5.160000000000000000e+02 4.759144254441590172e-01 2.065000308821539083e-03
5.170000000000000000e+02 4.728985534993785933e-01 1.729250527431779776e-03
5.180000000000000000e+02 4.749700892667963470e-01 2.205082982509988000e-03
5.190000000000000000e+02 4.716740139156674338e-01 2.407475371709183465e-03
5.200000000000000000e+02 4.736608010331162522e-01 2.104129956512895520e-03
5.210000000000000000e+02 4.730036603438384502e-01 1.849857782969698081e-03
5.220000000000000000e+02 4.668356237678525367e-01 1.629036311759277404e-03
5.230000000000000000e+02 4.681868323619832184e-01 1.806305134969553132e-03
5.240000000000000000e+02 4.679140010081076495e-01 1.750714695275367881e-03
5.250000000000000000e+02 4.668212940879236106e-01 1.883378933335663535e-03
5.260000000000000000e+02 4.679087641017428134e-01 2.088028196438100181e-03
5.270000000000000000e+02 4.664103017042966481e-01 2.635015374662189828e-03
5.280000000000000000e+02 4.645330408879505546e-01 2.361779684606523863e-03
5.290000000000000000e+02 4.622199059424232925e-01 2.296855233785213401e-03
5.300000000000000000e+02 4.660431739945038454e-01 1.775698827259710420e-03
5.320000000000000000e+02 4.645890601595707992e-01 1.782285523652639902e-03
5.330000000000000000e+02 4.633959339955351919e-01 2.377188205573635502e-03
5.340000000000000000e+02 4.652964478775158397e-01 2.552410246353739240e-03
5.350000000000000000e+02 4.647023378930569271e-01 2.652123461027668886e-03
5.360000000000000000e+02 4.616466569342175252e-01 2.514058327614616430e-03
5.370000000000000000e+02 4.617585834796589794e-01 2.349441074638905589e-03
5.380000000000000000e+02 4.611580734624800559e-01 2.391728904074642489e-03
5.390000000000000000e+02 4.598193098255292655e-01 2.664641751526657023e-03
5.400000000000000000e+02 4.604853124401297459e-01 2.749836310333577272e-03
5.410000000000000000e+02 4.640237803512885506e-01 2.335325845814894326e-03
5.420000000000000000e+02 4.615005755213739680e-01 2.317914827347021100e-03
5.430000000000000000e+02 4.609872480748262169e-01 2.583243455410610089e-03
5.440000000000000000e+02 4.585229257280106774e-01 2.540655063218559898e-03
5.450000000000000000e+02 4.568531192731469237e-01 2.737764215410343812e-03
5.470000000000000000e+02 4.581799649900201166e-01 3.679721133016836208e-03
5.480000000000000000e+02 4.566269610706336080e-01 4.460502863874512593e-03
5.490000000000000000e+02 4.573076210292872923e-01 5.369969697667602120e-03
5.500000000000000000e+02 4.589757347608589555e-01 4.733416404504383820e-03
5.510000000000000000e+02 4.551844278652871778e-01 3.970743436708347104e-03
5.520000000000000000e+02 4.582289322163305423e-01 3.433556176160682330e-03
5.530000000000000000e+02 4.551804524681896669e-01 3.294786298580936953e-03
5.540000000000000000e+02 4.522788624186884210e-01 2.956118987433250817e-03
5.550000000000000000e+02 4.526969211906373691e-01 2.582120819777777160e-03
5.560000000000000000e+02 4.510357733367505451e-01 2.425117820044159385e-03
5.570000000000000000e+02 4.492320317164311128e-01 2.262356026363680859e-03
5.580000000000000000e+02 4.512740328672320000e-01 2.588837105522945065e-03
5.590000000000000000e+02 4.467542276973193727e-01 2.483971861664026771e-03
5.600000000000000000e+02 4.473905243764157991e-01 2.534287168762829751e-03
5.610000000000000000e+02 4.460026836764341418e-01 2.004515647685523819e-03
5.620000000000000000e+02 4.441557910423268307e-01 2.282840079306744287e-03
5.630000000000000000e+02 4.454794078797500445e-01 2.722213598272243181e-03
5.640000000000000000e+02 4.430644538982016489e-01 2.198352350098031933e-03
5.650000000000000000e+02 4.456740367005206926e-01 2.717168647466982646e-03
5.660000000000000000e+02 4.408579393544874159e-01 2.664143205467330543e-03
5.670000000000000000e+02 4.394325798702452546e-01 2.753672798519854817e-03
5.680000000000000000e+02 4.426826509750637073e-01 2.313556495727868943e-03
5.690000000000000000e+02 4.380848255782257561e-01 2.293999411257039833e-03
5.710000000000000000e+02 4.439554070921857831e-01 2.438792760579919314e-03
5.720000000000000000e+02 4.427646715127858124e-01 2.647204636269447076e-03
5.730000000000000000e+02 4.431424921735667710e-01 2.461636017371061740e-03
5.740000000000000000e+02 4.402358673031198100e-01 2.449052194432138965e-03
5.750000000000000000e+02 4.398481921339632561e-01 2.244739939129343238e-03
5.770000000000000000e+02 4.386472012386505304e-01 2.263382053355535682e-03
5.780000000000000000e+02 4.376252352117436240e-01 2.652160257876232715e-03
5.790000000000000000e+02 4.389042875741081540e-01 2.735794462381012978e-03
5.800000000000000000e+02 4.336562182480159233e-01 2.209961432544046891e-03
5.810000000000000000e+02 4.356474947983396406e-01 2.298510572640505897e-03
5.820000000000000000e+02 4.371248307271130562e-01 2.191831466467576792e-03
5.830000000000000000e+02 4.313554035255825481e-01 2.278247390955953113e-03
5.840000000000000000e+02 4.316815411452362694e-01 2.493958807823460581e-03
5.850000000000000000e+02 4.322482726363189864e-01 2.635009520108017207e-03
5.860000000000000000e+02 4.315980429415318120e-01 2.241837461144595596e-03
5.870000000000000000e+02 4.330212313782088041e-01 2.372170667993264703e-03
5.880000000000000000e+02 4.308612831730903592e-01 2.370747003922481135e-03
5.890000000000000000e+02 4.299125345565329992e-01 2.229989077125508166e-03
5.900000000000000000e+02 4.282024892634616609e-01 2.577234829803043414e-03
5.910000000000000000e+02 4.294871408468750040e-01 2.190147170302764439e-03
5.920000000000000000e+02 4.268819281191662540e-01 2.127093368588102787e-03
5.930000000000000000e+02 4.272115943654561931e-01 2.649294072036746314e-03
5.940000000000000000e+02 4.274986164153888324e-01 2.335175128766655422e-03
5.950000000000000000e+02 4.237657002165105546e-01 2.338761833815916451e-03
5.960000000000000000e+02 4.234966512684325002e-01 2.243085960167457826e-03
5.980000000000000000e+02 4.221627257322134175e-01 2.299098494437780936e-03
5.990000000000000000e+02 4.232776420397429407e-01 2.292726163401654325e-03
6.000000000000000000e+02 4.206519138877684028e-01 2.099336544703172148e-03
6.010000000000000000e+02 4.219826290965524862e-01 2.001521904149488381e-03
6.020000000000000000e+02 4.191251028918906996e-01 2.770553847563798043e-03
6.030000000000000000e+02 4.182462706255846152e-01 2.105972159266412784e-03
6.040000000000000000e+02 4.154776571815795849e-01 2.064571168994879143e-03
6.050000000000000000e+02 4.159611439660024224e-01 2.097144612721604795e-03
6.060000000000000000e+02 4.145308707299277251e-01 2.199632649552180682e-03
6.070000000000000000e+02 4.138621601827210394e-01 2.086300135520387580e-03
6.080000000000000000e+02 4.149822304470472956e-01 2.411143267622667657e-03
6.090000000000000000e+02 4.114583347398573232e-01 2.090689934920733021e-03
6.100000000000000000e+02 4.147168632566688440e-01 2.269449040626778189e-03
6.110000000000000000e+02 4.128101814378679624e-01 2.234760208017635801e-03
6.120000000000000000e+02 4.117641984194706506e-01 2.219093465486938165e-03
6.130000000000000000e+02 4.089201721200379502e-01 2.428603757892810241e-03
6.140000000000000000e+02 4.068250993408876748e-01 2.377921473053673778e-03
6.150000000000000000e+02 4.081300916221531905e-01 2.495376807814437409e-03
6.160000000000000000e+02 4.064410609145164832e-01 2.124714807107688178e-03
6.170000000000000000e+02 4.070193091110816397e-01 2.198781464906898481e-03
6.180000000000000000e+02 4.040556869016239117e-01 2.128964116647447460e-03
6.190000000000000000e+02 4.021318510686280323e-01 2.352601451699986614e-03
6.200000000000000000e+02 4.037607147783004446e-01 2.410272952671840482e-03
6.210000000000000000e+02 4.047950413674876180e-01 2.184788843715633391e-03
6.230000000000000000e+02 4.006227692855926503e-01 2.163704919394426277e-03
6.240000000000000000e+02 4.001272136324222628e-01 2.461266517365068469e-03
6.250000000000000000e+02 3.983723655356043447e-01 2.031113872683289537e-03
6.260000000000000000e+02 3.979047907642779824e-01 2.175636491284409311e-03
6.270000000000000000e+02 3.981723190387368438e-01 2.143359825857425478e-03
6.290000000000000000e+02 3.957838546073788599e-01 2.137654601671778488e-03
6.300000000000000000e+02 3.952727945641539842e-01 2.210308530825481465e-03
6.310000000000000000e+02 3.961636938763801741e-01 2.308409279290595841e-03
6.320000000000000000e+02 3.918451299931965393e-01 2.419106267148774317e-03
6.330000000000000000e+02 3.914993876464182843e-01 2.041982438976829191e-03
6.340000000000000000e+02 3.902759977996723695e-01 2.152778289321311857e-03
6.350000000000000000e+02 3.897232516578093553e-01 2.134828095122949521e-03
6.360000000000000000e+02 3.891224905759855246e-01 2.500830413116331835e-03
6.370000000000000000e+02 3.864757937509556429e-01 2.080537815017959730e-03
6.380000000000000000e+02 3.868042176051252889e-01 2.054919405341660513e-03
6.390000000000000000e+02 3.865637932452086756e-01 2.194893232091930588e-03
6.400000000000000000e+02 3.844411405541175997e-01 2.141488716674132785e-03
6.410000000000000000e+02 3.856261898434570345e-01 2.274926533566850456e-03
6.420000000000000000e+02 3.819897106978585866e-01 2.203944966089400534e-03
6.430000000000000000e+02 3.835174571900442642e-01 2.377766527910149530e-03
6.440000000000000000e+02 3.809113712549200281e-01 2.080374687264972648e-03
6.450000000000000000e+02 3.806926363617753606e-01 1.649713483401860558e-03
6.460000000000000000e+02 3.784212127219454547e-01 1.624304316252250325e-03
6.470000000000000000e+02 3.788071377492694958e-01 1.475925366287604741e-03
6.480000000000000000e+02 3.747853407136942372e-01 1.323793022718415448e-03
6.490000000000000000e+02 3.761762855609681599e-01 1.551193388471523368e-03
6.510000000000000000e+02 3.743154578204704319e-01 1.106071744409389997e-02
6.520000000000000000e+02 3.732953038003610780e-01 1.406461193768058148e-03
6.530000000000000000e+02 3.712903234349819726e-01 1.580260095468733394e-03
6.540000000000000000e+02 3.710039441486435163e-01 1.523462902342326243e-03
6.550000000000000000e+02 3.725530262839862883e-01 1.716847683731266994e-03
6.560000000000000000e+02 3.691240478950566506e-01 1.666885191103246837e-03
6.570000000000000000e+02 3.694020302552477042e-01 1.545296593216417651e-03
6.580000000000000000e+02 3.659376430596824603e-01 1.387980080539242189e-03
6.590000000000000000e+02 3.676962254027785759e-01 1.921551820378363407e-03
6.610000000000000000e+02 3.643606810818277864e-01 1.408011379806991441e-03
6.620000000000000000e+02 3.648278811490405227e-01 1.349229856926058941e-03
6.630000000000000000e+02 3.642361368798294752e-01 1.547156959444037291e-03
6.640000000000000000e+02 3.615236702978222860e-01 1.728186790149532437e-03
6.650000000000000000e+02 3.616342612496147302e-01 1.773075942820308629e-03
6.660000000000000000e+02 3.597691506101627357e-01 1.659747835658733446e-03
6.670000000000000000e+02 3.607987352733889597e-01 1.705088167854919203e-03
6.680000000000000000e+02 3.596780830890691227e-01 1.609597355884490001e-03
6.700000000000000000e+02 3.568256439474783992e-01 1.144479757071020570e-03
6.710000000000000000e+02 3.536007338562827673e-01 7.932979519620410877e-04
6.720000000000000000e+02 3.539275077387825097e-01 8.245605588573551477e-04
6.730000000000000000e+02 3.540303036985437690e-01 1.124719993082986223e-03
6.740000000000000000e+02 3.535089242596803349e-01 1.149466322620777128e-03
6.750000000000000000e+02 3.529311984959476178e-01 7.506627815011808567e-04
6.760000000000000000e+02 3.508475468030397559e-01 1.033702699443035016e-03
6.780000000000000000e+02 3.485540604836454559e-01 1.014485973186968161e-03
6.790000000000000000e+02 3.475898574578726863e-01 1.178318976323240817e-03
6.810000000000000000e+02 3.452215773121042885e-01 6.380098549282264483e-04
6.820000000000000000e+02 3.424280619357783495e-01 7.426626110502887630e-04
6.830000000000000000e+02 3.425110525481979695e-01 9.948575188846893718e-04
6.840000000000000000e+02 3.434310759805740965e-01 1.090369268772425860e-03
6.850000000000000000e+02 3.434906950959707994e-01 1.204711399978794246e-03
6.860000000000000000e+02 3.418290393307485964e-01 1.181800100129093813e-03
6.870000000000000000e+02 3.397496086065242005e-01 1.014104465870272528e-03
6.880000000000000000e+02 3.437618656116135929e-01 1.153784510561977174e-03
6.890000000000000000e+02 3.339403712442781114e-01 9.716184251385274031e-04
6.900000000000000000e+02 3.369287941395982533e-01 1.007162348291182384e-03
6.910000000000000000e+02 3.356993246702894562e-01 5.515482292148106641e-04
6.920000000000000000e+02 3.383069984007955888e-01 1.114286170547042557e-03
6.930000000000000000e+02 3.350397870344180573e-01 1.240591013755930946e-03
6.940000000000000000e+02 3.371070246920478408e-01 1.199870642632842790e-03
6.950000000000000000e+02 3.326147252986285663e-01 9.157005288850098750e-04
6.960000000000000000e+02 3.346685616830352150e-01 8.508981161974521566e-04
6.970000000000000000e+02 3.315509689275591421e-01 8.255657728317560571e-04
6.980000000000000000e+02 3.323732442137915521e-01 6.160116506812220866e-04
6.990000000000000000e+02 3.252750417411033323e-01 4.982251490157173354e-04
7.000000000000000000e+02 3.248073171548039872e-01 6.558763736096105950e-04
7.010000000000000000e+02 3.271480354118889711e-01 8.724053135342832053e-04
7.020000000000000000e+02 3.235845032916518371e-01 8.610326975933721384e-04
7.030000000000000000e+02 3.238484020984142009e-01 8.490750992702511156e-04
7.040000000000000000e+02 3.221325616657229052e-01 7.384729035537427851e-04
7.050000000000000000e+02 3.231535736628184940e-01 6.856214330578304546e-04
7.070000000000000000e+02 3.219789468156817880e-01 7.716825382678521540e-04
7.080000000000000000e+02 3.202531506719851762e-01 6.607221821152025644e-04
7.090000000000000000e+02 3.195842519709689578e-01 5.782981489643581946e-04
7.100000000000000000e+02 3.182327304423032133e-01 8.464693582262389042e-04
7.110000000000000000e+02 3.176908524252213262e-01 1.243070668642308821e-03
7.120000000000000000e+02 3.185227942065544937e-01 9.734621155076390690e-04
7.130000000000000000e+02 3.165129840210834655e-01 9.131708742668853815e-04
7.140000000000000000e+02 3.150823881680023808e-01 7.954304180284233654e-04
7.150000000000000000e+02 3.123332511373782538e-01 8.251123821129165278e-04
7.160000000000000000e+02 3.134694449098932578e-01 8.571544877500696623e-04
7.170000000000000000e+02 3.133504202131764393e-01 8.523800059934523920e-04
7.180000000000000000e+02 3.110897439045782198e-01 8.965741112154555987e-04
7.190000000000000000e+02 3.117920996667060685e-01 1.048671164406314886e-03
7.200000000000000000e+02 3.107383037592845176e-01 7.754816092287025991e-04
7.210000000000000000e+02 3.080409410920896818e-01 5.295787412913572408e-04
7.220000000000000000e+02 3.079873233622311135e-01 6.316729670382382296e-04
7.240000000000000000e+02 3.073912507326151400e-01 6.669165453739774605e-04
7.250000000000000000e+02 3.036827357228634727e-01 6.352113344068497595e-04
7.260000000000000000e+02 3.059734570389932018e-01 7.637157009107352562e-04
7.270000000000000000e+02 3.042323131365701760e-01 8.233371023847804986e-04
7.280000000000000000e+02 3.013948593924380970e-01 8.702493950929785383e-04
7.290000000000000000e+02 3.032681921202635689e-01 9.032561162775059205e-04
7.300000000000000000e+02 3.009782221159513216e-01 7.093897411269717984e-04
7.310000000000000000e+02 2.983694629212046978e-01 5.567404847873567552e-04
7.320000000000000000e+02 3.007374739102317007e-01 5.760900128976267822e-04
7.330000000000000000e+02 2.986167922470410185e-01 5.864699720153805640e-04
7.340000000000000000e+02 2.964778084021644777e-01 5.908881234962708520e-04
7.350000000000000000e+02 2.957369285905067091e-01 5.219183788079502983e-04
7.360000000000000000e+02 2.946827909864018769e-01 5.926707294940733320e-04
7.370000000000000000e+02 2.963005687161550661e-01 6.383622742114255502e-04
7.380000000000000000e+02 2.940167897191459101e-01 6.020094913244109815e-04
7.390000000000000000e+02 2.952438073667002505e-01 5.922665737670162502e-04
7.400000000000000000e+02 2.934665488875988215e-01 6.432865313313703608e-04
7.410000000000000000e+02 2.942724694132781704e-01 6.674741115261894741e-04
7.420000000000000000e+02 2.911799685265896165e-01 7.177867114915469820e-04
7.430000000000000000e+02 2.888890153339986333e-01 7.529753811174340729e-04
7.440000000000000000e+02 2.902450176307547758e-01 7.413969730910475878e-04
7.450000000000000000e+02 2.875456971626783043e-01 6.887663752362186689e-04
7.470000000000000000e+02 2.871359126368911996e-01 7.756790142250002311e-04
7.480000000000000000e+02 2.855532737913013541e-01 6.833017331357205170e-04
7.490000000000000000e+02 2.860439502609536389e-01 6.227101243588010950e-04
7.500000000000000000e+02 2.852430147072599897e-01 6.460571217534097745e-04
7.510000000000000000e+02 2.823150660119994604e-01 6.697699355027518335e-04
7.520000000000000000e+02 2.830315135702810569e-01 8.075530666398113159e-04
7.530000000000000000e+02 2.842004914190728315e-01 9.067196362388116933e-04
7.540000000000000000e+02 2.800192794819871822e-01 7.288791822891587963e-04
7.550000000000000000e+02 2.792815185236707243e-01 5.596496779062918193e-04
7.570000000000000000e+02 2.767054300403734013e-01 8.159052999951042946e-04
7.580000000000000000e+02 2.782701656630144904e-01 8.551160067064590134e-04
7.600000000000000000e+02 2.759994767634226798e-01 8.831647438535772344e-04
7.610000000000000000e+02 2.730609184681332402e-01 9.419317384574808381e-04
7.620000000000000000e+02 2.745804981560268088e-01 8.730168687636668048e-04
7.630000000000000000e+02 2.716896888387975717e-01 8.024501017826240123e-04
7.640000000000000000e+02 2.731625581503935307e-01 7.559766207908109013e-04
7.650000000000000000e+02 2.734036306481416045e-01 7.152137566824647583e-04
7.660000000000000000e+02 2.694035665449976413e-01 7.097587030190113900e-04
7.670000000000000000e+02 2.682087348922513326e-01 6.865791493309057010e-04
7.680000000000000000e+02 2.701908963311233647e-01 9.252523178307784030e-04
7.690000000000000000e+02 2.721927376698807244e-01 1.074426550143979921e-03
7.700000000000000000e+02 2.684406553995949407e-01 7.219610077327564060e-04
7.710000000000000000e+02 2.673801350259472631e-01 5.291415970406536861e-04
7.720000000000000000e+02 2.677147377861698319e-01 5.201039890068001256e-04
7.730000000000000000e+02 2.657810390537724277e-01 6.145760402062267272e-04
7.740000000000000000e+02 2.668659657666068719e-01 8.595374071200739341e-04
7.750000000000000000e+02 2.642366686032958101e-01 1.127002814151883709e-03
7.760000000000000000e+02 2.648448226604450673e-01 8.183896193220148831e-04
7.770000000000000000e+02 2.631614323119718657e-01 5.701974244184027010e-04
7.780000000000000000e+02 2.632190426486616386e-01 6.642457133296455086e-04
7.790000000000000000e+02 2.640091280272797158e-01 4.379914860732204529e-04
7.800000000000000000e+02 2.586485353701125089e-01 5.085104341821946412e-04
7.810000000000000000e+02 2.575486256141978347e-01 5.025885390016538497e-04
7.820000000000000000e+02 2.610912073190747029e-01 5.217212285327107145e-04
7.830000000000000000e+02 2.588470819226767472e-01 5.334138161544751087e-04
7.840000000000000000e+02 2.566155328252260337e-01 6.104260390097407092e-04
7.850000000000000000e+02 2.595489189701047916e-01 7.152891326366638339e-04
7.860000000000000000e+02 2.556750663725441131e-01 8.266898962061080495e-04
7.870000000000000000e+02 2.562847259935794875e-01 9.686783185603309440e-04
7.880000000000000000e+02 2.542198239459120823e-01 6.773213782348221947e-04
7.890000000000000000e+02 2.555084866597052140e-01 4.706019632370265614e-04
7.900000000000000000e+02 2.505781563320269578e-01 5.441948478622107930e-04
7.910000000000000000e+02 2.530144144015350482e-01 7.130330573710472186e-04
7.920000000000000000e+02 2.507378161275020667e-01 6.455491453177481052e-04
7.930000000000000000e+02 2.510045899124841440e-01 6.685154937416450680e-04
7.940000000000000000e+02 2.500639360054600635e-01 6.118709313703790762e-04
7.950000000000000000e+02 2.471785048194687917e-01 5.907308221398219639e-04
7.960000000000000000e+02 2.485197914470923530e-01 7.842849506321815899e-04
7.970000000000000000e+02 2.465173556131445565e-01 1.148569741209306497e-03
7.980000000000000000e+02 2.460072323198064237e-01 8.394313532708581709e-04
7.990000000000000000e+02 2.457340705874077325e-01 6.380993707047516623e-04
8.000000000000000000e+02 2.452441738266041560e-01 6.371403179503610419e-04
8.010000000000000000e+02 2.444174832592336533e-01 6.192943620553899515e-04
8.020000000000000000e+02 2.445373159214048742e-01 5.220382434980634602e-04
8.030000000000000000e+02 2.436669268257173060e-01 4.995484676849611203e-04
8.040000000000000000e+02 2.428066354685001482e-01 5.042677727307719225e-04
8.050000000000000000e+02 2.426095585529723653e-01 5.664692605369827218e-04
8.060000000000000000e+02 2.424005927519230774e-01 6.153110527340442410e-04
8.070000000000000000e+02 2.420650096652977035e-01 6.764686975423247388e-04
8.080000000000000000e+02 2.377580550897968326e-01 6.666911942888060355e-04
8.090000000000000000e+02 2.391359035988179782e-01 6.397485092953592370e-04
8.100000000000000000e+02 2.378097751426488937e-01 5.273032758414705583e-04
8.110000000000000000e+02 2.364620225708066181e-01 4.770332781473951697e-04
8.120000000000000000e+02 2.340518958387058368e-01 4.884949999274598590e-04
8.130000000000000000e+02 2.361719876996813683e-01 4.283894664995366937e-04
8.150000000000000000e+02 2.343151416237562179e-01 7.467833680498860279e-04
8.160000000000000000e+02 2.340389002510862571e-01 6.900714877471731627e-04
8.170000000000000000e+02 2.323250965957464886e-01 6.267517869836622011e-04
8.180000000000000000e+02 2.327986171228738910e-01 5.898303099401928234e-04
8.190000000000000000e+02 2.296353977803593238e-01 5.260753365838550600e-04
8.200000000000000000e+02 2.315355309150340102e-01 5.440358485919926865e-04
8.210000000000000000e+02 2.321908350527273068e-01 5.032297157106319302e-04
8.220000000000000000e+02 2.279327074775298057e-01 5.086863148290497131e-04
8.230000000000000000e+02 2.271131106690129076e-01 5.183339912656229152e-04
8.240000000000000000e+02 2.269785158787573365e-01 5.863295949169552339e-04
8.250000000000000000e+02 2.278230717608939748e-01 7.110045886964150730e-04
8.260000000000000000e+02 2.284255864080388665e-01 7.602563501004864230e-04
8.270000000000000000e+02 2.239662055269953933e-01 7.971491374676084032e-04
8.280000000000000000e+02 2.276007271645114072e-01 6.417570888748792054e-04
8.290000000000000000e+02 2.261198274298694411e-01 4.898016415252937116e-04
8.300000000000000000e+02 2.229851881019254967e-01 5.733075874265613917e-04
8.310000000000000000e+02 2.222424208572943705e-01 7.086696388757308430e-04
8.320000000000000000e+02 2.240980319042012170e-01 6.881092318153540300e-04
8.330000000000000000e+02 2.201371471021767168e-01 6.454430056362744266e-04
8.340000000000000000e+02 2.218712709211381751e-01 6.908103870195950093e-04
8.350000000000000000e+02 2.198955291348216323e-01 7.525335361755455853e-04
8.360000000000000000e+02 2.222330278234658507e-01 6.629096023013732100e-04
8.370000000000000000e+02 2.191062326099043611e-01 5.639788268277534265e-04
8.380000000000000000e+02 2.182312481278125826e-01 6.138538948729713304e-04
8.390000000000000000e+02 2.164238677115443155e-01 6.554645827789786373e-04
8.400000000000000000e+02 2.154584298945607934e-01 6.187684181162288232e-04
8.410000000000000000e+02 2.193652937045668938e-01 6.444098966269737067e-04
8.420000000000000000e+02 2.144489174817784671e-01 5.122382838593095766e-04
8.430000000000000000e+02 2.188191874186196095e-01 4.688073212717370369e-04
8.440000000000000000e+02 2.150055875940427852e-01 4.281407262552652674e-04
8.450000000000000000e+02 2.161845025759491501e-01 4.107242695926836330e-04
8.460000000000000000e+02 2.112821594130345482e-01 4.061018574945805164e-04
8.470000000000000000e+02 2.110288864043275425e-01 4.901032930941620928e-04
8.480000000000000000e+02 2.078742258878093774e-01 5.368477067555119889e-04
8.490000000000000000e+02 2.145796050382136333e-01 6.499607792233214922e-04
8.500000000000000000e+02 2.078847221084968999e-01 6.414945069290349305e-04
8.510000000000000000e+02 2.108298390482181150e-01 6.705058773575858387e-04
8.520000000000000000e+02 2.075014126696259620e-01 6.110564345290590144e-04
8.530000000000000000e+02 2.052200525085812466e-01 5.616560433210190852e-04
8.540000000000000000e+02 2.103531947834068050e-01 6.216656878503424178e-04
8.550000000000000000e+02 2.054904709216132108e-01 6.625065304373800980e-04
8.560000000000000000e+02 2.095810573626863127e-01 6.299069227781464936e-04
8.570000000000000000e+02 2.071019531218668275e-01 6.320140050257947459e-04
8.580000000000000000e+02 2.076254126458863813e-01 5.319866937592915767e-04
8.590000000000000000e+02 2.032647270452199451e-01 4.322667094195393328e-04
8.610000000000000000e+02 2.033158499125339025e-01 5.958142027934811838e-04
8.620000000000000000e+02 2.025294971806141930e-01 5.640398593807095101e-04
8.630000000000000000e+02 2.030681315090875905e-01 5.822002937342305720e-04
8.640000000000000000e+02 1.993251737516290312e-01 5.181937899529892155e-04
8.650000000000000000e+02 2.065610887854071043e-01 5.491918070073326845e-04
8.660000000000000000e+02 1.977991898676778326e-01 5.465916413217313148e-04
8.670000000000000000e+02 2.008022349372676485e-01 6.101270925684790540e-04
8.680000000000000000e+02 1.969141466113354388e-01 6.056815611142669789e-04
8.690000000000000000e+02 1.972038988448139296e-01 6.289288603499992034e-04
8.700000000000000000e+02 1.990520038583262208e-01 5.356561074020181829e-04
8.710000000000000000e+02 1.956273565494553723e-01 4.556625796574367035e-04
8.720000000000000000e+02 1.984844765510408171e-01 5.240451776572209669e-04
8.750000000000000000e+02 1.920024343861894134e-01 4.579534356126578544e-04
8.760000000000000000e+02 1.925898359122656389e-01 4.878909377193256839e-04
8.770000000000000000e+02 1.942864056731745392e-01 5.932063213927988611e-04
8.780000000000000000e+02 1.897551786529473317e-01 5.481940466897134052e-04
8.790000000000000000e+02 1.983491144496614678e-01 5.984678248213884779e-04
8.810000000000000000e+02 1.914312831386200953e-01 5.876001017547239757e-04
8.820000000000000000e+02 1.920799887876904755e-01 5.554674665238552725e-04
8.830000000000000000e+02 1.882963348014799199e-01 4.791123641383075770e-04
8.840000000000000000e+02 1.928949323483235556e-01 5.312655240403205267e-04
8.850000000000000000e+02 1.857133259038994400e-01 5.437512846533937164e-04
8.860000000000000000e+02 1.897542466024551289e-01 5.258369452814266052e-04
8.870000000000000000e+02 1.871852208180867227e-01 5.239848161780009603e-04
8.880000000000000000e+02 1.850852702624405377e-01 4.896893055154806105e-04
8.890000000000000000e+02 1.880255730647502066e-01 4.514553620310408542e-04
8.910000000000000000e+02 1.876047223428241040e-01 4.667345588895939002e-04
8.920000000000000000e+02 1.812751345579627915e-01 5.064724142386887052e-04
8.940000000000000000e+02 1.847284687703180939e-01 6.396431362913991342e-04
8.950000000000000000e+02 1.800912297638935511e-01 6.876864669612682253e-04
8.960000000000000000e+02 1.834056618470041311e-01 6.217172845827137690e-04
8.970000000000000000e+02 1.790436366570694326e-01 5.442235512562060848e-04
8.980000000000000000e+02 1.830364707439623706e-01 5.105297425267963599e-04
8.990000000000000000e+02 1.814699787325801394e-01 4.730324194848538289e-04
9.000000000000000000e+02 1.771320530321065789e-01 4.875470433458562684e-04
9.010000000000000000e+02 1.829649552589845130e-01 3.116533984260362556e-04
9.020000000000000000e+02 1.725550143823306182e-01 3.354995509307332792e-04
9.030000000000000000e+02 1.788223788122413338e-01 3.718106790124812576e-04
9.040000000000000000e+02 1.786614503225541495e-01 3.466335669986217731e-04
9.050000000000000000e+02 1.734605526390085306e-01 3.431359717273181858e-04
9.060000000000000000e+02 1.802784536997365517e-01 4.388672249235779296e-04
9.070000000000000000e+02 1.752171262241783711e-01 5.050848688975146392e-04
9.080000000000000000e+02 1.722725306786986044e-01 5.897337358064325477e-04
9.090000000000000000e+02 1.777335050617434575e-01 6.535784749945037272e-04
9.100000000000000000e+02 1.699755088269717940e-01 4.802295293816485292e-04
9.110000000000000000e+02 1.744004277607414388e-01 3.514686445293870184e-04
9.120000000000000000e+02 1.737125976726297261e-01 4.280514799981807814e-04
9.130000000000000000e+02 1.693843288508499467e-01 5.502445887667010548e-04
9.140000000000000000e+02 1.753547799038466803e-01 4.183332681203837588e-04
9.150000000000000000e+02 1.699645413766415758e-01 3.566330222376877372e-04
9.160000000000000000e+02 1.662354957157924640e-01 3.501116069807909425e-04
9.170000000000000000e+02 1.698448342308271630e-01 3.979697597349817102e-04
9.190000000000000000e+02 1.668736143151419993e-01 4.498220562750179070e-04
9.200000000000000000e+02 1.640298986507980894e-01 3.867728537330502540e-04
9.210000000000000000e+02 1.605046811425376030e-01 3.169374210598380290e-04
9.220000000000000000e+02 1.723942044601731172e-01 4.127592827251705962e-04
9.230000000000000000e+02 1.614016021803643119e-01 3.951486716570338153e-04
9.240000000000000000e+02 1.637405837498882577e-01 4.476019233444792711e-04
9.250000000000000000e+02 1.678096942640436295e-01 4.994354112515394465e-04
9.260000000000000000e+02 1.585079614828392436e-01 4.096264711690773982e-04
9.270000000000000000e+02 1.685349056461461215e-01 3.776690956821938494e-04
9.280000000000000000e+02 1.641014551503398311e-01 3.577462572020165613e-04
9.300000000000000000e+02 1.695228071836076544e-01 4.266400154556220198e-04
9.310000000000000000e+02 1.596393947255436707e-01 4.959711401411323129e-04
9.320000000000000000e+02 1.588250664388630162e-01 4.224078140945342129e-04
9.330000000000000000e+02 1.672083025333231665e-01 3.124210546543428556e-04
9.340000000000000000e+02 1.557760668756646982e-01 4.972707314997332510e-04
9.350000000000000000e+02 1.609858860323905294e-01 7.614789618059834928e-04
9.360000000000000000e+02 1.669547745435298325e-01 6.307982188451732256e-04
9.370000000000000000e+02 1.554781386571376933e-01 4.822466196092510364e-04
9.380000000000000000e+02 1.635004261782697643e-01 4.592415414990289827e-04
9.390000000000000000e+02 1.615361192006683766e-01 4.246404567173774048e-04
9.400000000000000000e+02 1.549406871945168129e-01 3.878439558373571465e-04
9.410000000000000000e+02 1.660303465051567173e-01 4.092766095316074004e-04
9.420000000000000000e+02 1.581956479840385121e-01 5.106693615771237642e-04
9.430000000000000000e+02 1.532957597267954886e-01 5.443483354925016723e-04
9.450000000000000000e+02 1.563126796137503660e-01 4.980995322457570191e-04
9.460000000000000000e+02 1.526505630381729262e-01 5.115271860257543813e-04
9.470000000000000000e+02 1.650085816756491630e-01 5.818408744477792955e-04
9.480000000000000000e+02 1.534631352195482135e-01 5.067768289596675255e-04
9.490000000000000000e+02 1.564586562667454051e-01 4.703339455556749074e-04
9.510000000000000000e+02 1.508957129278924170e-01 4.623993696212345549e-04
9.520000000000000000e+02 1.557297956673074357e-01 4.480561269898989101e-04
9.530000000000000000e+02 1.585268163131633989e-01 4.478755541816481392e-04
9.540000000000000000e+02 1.477389626867713357e-01 4.583995789410324432e-04
9.550000000000000000e+02 1.556649111924298667e-01 5.465392469055142290e-04
9.560000000000000000e+02 1.574041900990189313e-01 4.805605345972074243e-04
9.570000000000000000e+02 1.463522535209129116e-01 4.433316778017259746e-04
9.580000000000000000e+02 1.569556863860012419e-01 5.124379723811060003e-04
9.590000000000000000e+02 1.540355962539045886e-01 5.433300106372631689e-04
9.600000000000000000e+02 1.460460866696001447e-01 5.399760560461876104e-04
9.610000000000000000e+02 1.574226948164263451e-01 6.172164682340657450e-04
9.620000000000000000e+02 1.526009188220704416e-01 5.119498153383643564e-04
9.630000000000000000e+02 1.443727199703519481e-01 4.315054633351781094e-04
9.640000000000000000e+02 1.567556415909358847e-01 4.416571306041639617e-04
9.650000000000000000e+02 1.520681326356685958e-01 4.066604896563893686e-04
9.660000000000000000e+02 1.413474635261527113e-01 4.408651567685888074e-04
9.670000000000000000e+02 1.579710513209036105e-01 5.019732941758928060e-04
9.680000000000000000e+02 1.484702896181026577e-01 4.566450921160998392e-04
9.690000000000000000e+02 1.405928883231121196e-01 4.084856989561946156e-04
9.700000000000000000e+02 1.558594704190485458e-01 4.621848016215773639e-04
9.710000000000000000e+02 1.448138369705131989e-01 3.674216760171958264e-04
9.720000000000000000e+02 1.379223921141206344e-01 4.780828484949829413e-04
9.730000000000000000e+02 1.551132546662170875e-01 4.405480658317403658e-04
9.740000000000000000e+02 1.454937025905483905e-01 3.516028526008068084e-04
9.750000000000000000e+02 1.363233679265844767e-01 5.551222300712902683e-04
9.760000000000000000e+02 1.520605862297770283e-01 3.454988756951741071e-04
9.770000000000000000e+02 1.454795010805491895e-01 5.941725509832625034e-04
9.780000000000000000e+02 1.346577461603882531e-01 4.449441040413885831e-04
9.790000000000000000e+02 1.497849692161031809e-01 5.854583683678241633e-04
9.800000000000000000e+02 1.437143910264622737e-01 4.442764917595316007e-04
9.810000000000000000e+02 1.337510805318354035e-01 5.059173268056049722e-04
9.820000000000000000e+02 1.465683989113758801e-01 4.127606066734047351e-04
9.830000000000000000e+02 1.433919782068469873e-01 6.615825641152011348e-04
9.850000000000000000e+02 1.457339041159894100e-01 5.586362686547263366e-04
9.860000000000000000e+02 1.441147309735553717e-01 4.387554051408965082e-04
9.870000000000000000e+02 1.297959479680465822e-01 6.215986231144364667e-04
9.880000000000000000e+02 1.440591800379433796e-01 5.697066062617489298e-04
9.890000000000000000e+02 1.455117896671137279e-01 5.339451633424711387e-04
9.910000000000000000e+02 1.366532490492361196e-01 3.954419757916168986e-04
9.920000000000000000e+02 1.463811678492772106e-01 4.191921766139195416e-04
9.930000000000000000e+02 1.292834173540242104e-01 3.957154060354577943e-04
9.940000000000000000e+02 1.313932889066950771e-01 3.963801051934635823e-04
9.950000000000000000e+02 1.473850506187433795e-01 4.061354852547752864e-04
9.960000000000000000e+02 1.297931475837222348e-01 4.022432696113411644e-04
9.970000000000000000e+02 1.267173671596532325e-01 3.898070507132252215e-04
9.980000000000000000e+02 1.466953519685585405e-01 4.479117730633324799e-04
9.990000000000000000e+02 1.339574517173176549e-01 3.932606892899040028e-04
1.000000000000000000e+03 1.236793632390120606e-01 4.249832275034449904e-04
1.001000000000000000e+03 1.379685383608129645e-01 4.281394333276472173e-04
1.003000000000000000e+03 1.211650997876666802e-01 3.923892603950267623e-04
1.004000000000000000e+03 1.300665378187704502e-01 3.342550776437280802e-04
1.005000000000000000e+03 1.430809219396255716e-01 2.841243553709967549e-04
1.006000000000000000e+03 1.210977726466650056e-01 3.212130649264433339e-04
1.007000000000000000e+03 1.212838676656114167e-01 4.005143572439032228e-04
1.008000000000000000e+03 1.403741832266492962e-01 4.562743362532453023e-04
1.009000000000000000e+03 1.252523103808025062e-01 3.599185073816979952e-04
1.010000000000000000e+03 1.163467566594215130e-01 3.405813809088300420e-04
1.011000000000000000e+03 1.342298451925615921e-01 3.670079107810825833e-04
1.012000000000000000e+03 1.326044865338615875e-01 6.250392392957146220e-04
1.013000000000000000e+03 1.156151736344855907e-01 6.333677900280054946e-04
1.014000000000000000e+03 1.234863144823649533e-01 5.279560299891596998e-04
1.015000000000000000e+03 1.342064905891095783e-01 4.277130868851209268e-04
1.017000000000000000e+03 1.141164993261352123e-01 3.397712111613429651e-04
1.018000000000000000e+03 1.346253457279308618e-01 3.674253005872298028e-04
1.019000000000000000e+03 1.165095288364332154e-01 3.340628667622457860e-04
1.020000000000000000e+03 1.084412817133471596e-01 3.269602208004138686e-04
1.021000000000000000e+03 1.254272588570547187e-01 3.915823965491315502e-04
1.022000000000000000e+03 1.235292506992487493e-01 3.592918152482970110e-04
1.023000000000000000e+03 1.060006940650036478e-01 3.430484668017986442e-04
1.024000000000000000e+03 1.129639914795287636e-01 3.547749827707200846e-04
1.025000000000000000e+03 1.272667332100351767e-01 4.157277307740701758e-04
1.026000000000000000e+03 1.062524043895693437e-01 4.414957099631223363e-04
1.027000000000000000e+03 1.024843509276991554e-01 4.210257642964708945e-04
1.028000000000000000e+03 1.229229971792075021e-01 4.983816020788206080e-04
1.029000000000000000e+03 1.112432189741814903e-01 5.634124364642591632e-04
1.030000000000000000e+03 9.808382458796467696e-02 4.591415080656984947e-04
1.031000000000000000e+03 1.097940345182317617e-01 5.103535559057286331e-04
1.033000000000000000e+03 9.585822647259550910e-02 4.217998475817635548e-04
1.034000000000000000e+03 9.736890781831922248e-02 4.314416392183229856e-04
1.035000000000000000e+03 1.172313166777895072e-01 4.979790894993025652e-04
1.036000000000000000e+03 1.007431246850296752e-01 5.072031109971093061e-04
1.037000000000000000e+03 9.118571208793094240e-02 5.066854165651011981e-04
1.038000000000000000e+03 1.032697363445541083e-01 5.515923184712552812e-04
1.039000000000000000e+03 1.093638879072191539e-01 5.622875526978756040e-04
1.040000000000000000e+03 8.814646505571084589e-02 6.062699232153113743e-04
1.041000000000000000e+03 8.842992469133439948e-02 6.765519343163934121e-04
1.042000000000000000e+03 1.062528115757404995e-01 6.589475939079360734e-04
1.043000000000000000e+03 9.288597692263624028e-02 6.743855851057590925e-04
1.045000000000000000e+03 9.196911274131017167e-02 7.232441045978342488e-04
1.046000000000000000e+03 1.022609334712561990e-01 8.108260498913095679e-04
1.047000000000000000e+03 8.263330340076432967e-02 6.253975077804425605e-04
1.048000000000000000e+03 8.055094187240963155e-02 6.305561378252783154e-04
1.049000000000000000e+03 9.937474413104195603e-02 7.532916889825975451e-04
1.050000000000000000e+03 9.027462492513911585e-02 8.419869300946653196e-04
1.051000000000000000e+03 7.767641911712637459e-02 6.750358366990357297e-04
1.052000000000000000e+03 8.367783094323205662e-02 7.454097214903642431e-04
1.053000000000000000e+03 9.879787086110630723e-02 8.440365780202869561e-04
1.054000000000000000e+03 8.166061823886218429e-02 7.576492981314891101e-04
1.055000000000000000e+03 7.616137443674371454e-02 7.594704915579469527e-04
1.056000000000000000e+03 8.782834274093617721e-02 9.838974985194421600e-04
1.057000000000000000e+03 9.146066888002722661e-02 9.184243515649333483e-04
1.058000000000000000e+03 7.352741040121799077e-02 8.074910662651234045e-04
1.059000000000000000e+03 7.573115772530471246e-02 7.710100662814645079e-04
1.061000000000000000e+03 8.412448753579962468e-02 9.084470598597350595e-04
1.063000000000000000e+03 7.608546104434973922e-02 8.880880974403320468e-04
1.064000000000000000e+03 8.848586421964972637e-02 1.085907883627587655e-03
1.065000000000000000e+03 7.115538504315277457e-02 9.590947499522759151e-04
1.066000000000000000e+03 8.699682199305230901e-02 1.096511925872652735e-03
1.067000000000000000e+03 8.370304196158512289e-02 1.068251517354663329e-03
1.068000000000000000e+03 6.866857696979175585e-02 9.535632034441449308e-04
1.069000000000000000e+03 6.794817376231590544e-02 1.032271755039806472e-03
1.070000000000000000e+03 8.554903284831323618e-02 1.188402860717937106e-03
1.071000000000000000e+03 7.956646569199109231e-02 1.151633418867198085e-03
1.072000000000000000e+03 6.554700597602157452e-02 1.014248816385262056e-03
1.073000000000000000e+03 7.001594843874203722e-02 1.151375879493998734e-03
1.074000000000000000e+03 8.589017456651985849e-02 1.333663295161468740e-03
1.075000000000000000e+03 7.326386173368450161e-02 1.153745743231855041e-03
1.076000000000000000e+03 6.351812296924155832e-02 1.104475273754525720e-03
1.077000000000000000e+03 6.985024250264823542e-02 1.223276282543075445e-03
1.078000000000000000e+03 8.502953565039378381e-02 1.428964433253923638e-03
1.079000000000000000e+03 7.071327860704706980e-02 1.360546698858676462e-03
1.080000000000000000e+03 6.130526913048912202e-02 1.454011999023903162e-03
1.081000000000000000e+03 7.125589691793753067e-02 1.344192698979848524e-03
1.082000000000000000e+03 8.265071189536861429e-02 1.601112688506963052e-03
1.083000000000000000e+03 6.520144723202368764e-02 1.332932018330839448e-03
1.084000000000000000e+03 6.095503621476322520e-02 1.281738380793873144e-03
1.085000000000000000e+03 7.003737853157228355e-02 1.534654652169316043e-03
1.086000000000000000e+03 7.955136004875634770e-02 1.663488990997162879e-03
1.087000000000000000e+03 6.272844647140522756e-02 1.389873692607580249e-03
1.089000000000000000e+03 7.088597493357648438e-02 1.607148537669142799e-03
1.090000000000000000e+03 7.794337278667545776e-02 1.873453701609488140e-03
1.091000000000000000e+03 6.210695801691400869e-02 1.503655461706719090e-03
1.093000000000000000e+03 7.046063124390572474e-02 1.800928621571555328e-03
1.094000000000000000e+03 7.576999355997883490e-02 2.020338403435285608e-03
1.095000000000000000e+03 5.902700470405820854e-02 1.644016465458260790e-03
1.096000000000000000e+03 5.712207331806891386e-02 1.614198163534913541e-03
1.097000000000000000e+03 6.722343886754919562e-02 2.002765246897555019e-03
1.098000000000000000e+03 7.359446047202571062e-02 2.143007987685054561e-03
1.099000000000000000e+03 5.637867657532341648e-02 1.730984981194163760e-03
