3.500000000000000000e+02 1.028443094681838060e-01 3.961046861827697933e-03
3.510000000000000000e+02 1.023920829676647076e-01 3.711202362665648631e-03
3.520000000000000000e+02 1.090129156364232771e-01 3.174621497196457916e-03
3.530000000000000000e+02 1.150748191567680240e-01 2.766704354021445010e-03
3.540000000000000000e+02 1.239769830490338037e-01 3.368735950664491011e-03
3.550000000000000000e+02 1.316475380739632328e-01 4.243893072766380913e-03
3.560000000000000000e+02 1.372457939361265700e-01 4.181035267414843354e-03
3.570000000000000000e+02 1.424412328154504581e-01 4.103191381380741180e-03
3.580000000000000000e+02 1.497277490246811671e-01 3.971380034464659474e-03
3.590000000000000000e+02 1.570738286134505113e-01 3.781056388944087961e-03
3.600000000000000000e+02 1.703567302293171326e-01 3.908228020050845235e-03
3.610000000000000000e+02 1.816492640788706092e-01 3.919251441205777106e-03
3.620000000000000000e+02 1.861055428065143125e-01 3.980648060419564142e-03
3.630000000000000000e+02 1.901306638704907681e-01 4.054156275565966479e-03
3.640000000000000000e+02 1.991787663626799765e-01 3.758819643298058968e-03
3.650000000000000000e+02 2.096236854552035178e-01 3.588877185327831940e-03
3.660000000000000000e+02 2.152820409615419650e-01 3.579531951408235560e-03
3.670000000000000000e+02 2.267151778969112574e-01 3.700627226443224151e-03
3.680000000000000000e+02 2.340881125011840813e-01 3.742709974716124967e-03
3.690000000000000000e+02 2.431022087674461485e-01 3.787299833732920423e-03
3.700000000000000000e+02 2.520822672263937636e-01 4.867191053545188127e-03
3.710000000000000000e+02 2.643081163560017655e-01 6.478927116822401355e-03
3.720000000000000000e+02 2.733411032771942972e-01 6.125059763898326078e-03
3.730000000000000000e+02 2.827382210346062186e-01 5.765403931557332683e-03
3.740000000000000000e+02 2.935259948705951638e-01 5.901436861915938283e-03
3.750000000000000000e+02 3.007845487920052796e-01 5.996810495538928455e-03
3.760000000000000000e+02 3.137301652282342146e-01 6.207143818608415464e-03
3.770000000000000000e+02 3.262238526453360987e-01 6.445637129242108923e-03
3.780000000000000000e+02 3.366636907315571636e-01 5.583464142992018188e-03
3.790000000000000000e+02 3.536734638452823098e-01 5.021982466527453309e-03
3.800000000000000000e+02 3.646441258254588536e-01 5.191293419344972411e-03
3.810000000000000000e+02 3.831212248556872257e-01 5.570055988529704245e-03
3.820000000000000000e+02 4.004279338477033101e-01 5.256447465005852429e-03
3.830000000000000000e+02 4.160722561754795490e-01 5.012576681033485172e-03
3.840000000000000000e+02 4.276423553917427234e-01 5.710305624436116251e-03
3.850000000000000000e+02 4.383549361596494331e-01 6.733522549482388875e-03
3.860000000000000000e+02 4.611232130567115561e-01 6.270606755821730473e-03
3.870000000000000000e+02 4.707938957163558258e-01 5.549430398272932156e-03
3.880000000000000000e+02 4.772428327675606874e-01 5.964025992264947694e-03
3.890000000000000000e+02 4.875766327491440344e-01 6.421750408009469467e-03
3.900000000000000000e+02 4.984600948541931809e-01 5.301723875308245529e-03
3.910000000000000000e+02 5.066848225237118308e-01 4.403023546857554732e-03
3.920000000000000000e+02 5.075541442847928408e-01 4.880712800094703756e-03
3.930000000000000000e+02 5.150558589174210056e-01 5.601308596518688766e-03
3.940000000000000000e+02 5.255358711593681731e-01 5.737672644167894458e-03
3.950000000000000000e+02 5.288833009923499251e-01 5.734175891016803084e-03
3.960000000000000000e+02 5.381969101205076322e-01 5.442431813087238342e-03
3.970000000000000000e+02 5.472652266288079437e-01 5.201292068492483107e-03
3.980000000000000000e+02 5.531868977824417888e-01 4.647674582289949841e-03
3.990000000000000000e+02 5.557516482334218244e-01 4.478871623636397452e-03
4.000000000000000000e+02 5.663261329442422776e-01 3.512770539553854415e-03
4.010000000000000000e+02 5.647394329811186164e-01 3.722972685969984548e-03
4.020000000000000000e+02 5.742104178415415872e-01 3.589733770854163387e-03
4.030000000000000000e+02 5.744291905288947397e-01 3.521807836407607299e-03
4.040000000000000000e+02 5.827001730839478366e-01 3.775279155961313183e-03
4.050000000000000000e+02 5.906356191974602154e-01 4.017715060427490964e-03
4.060000000000000000e+02 5.941479523123391893e-01 3.961664583529698677e-03
4.070000000000000000e+02 6.049998111977386017e-01 4.101505499783258263e-03
4.080000000000000000e+02 5.953275184533650677e-01 3.435683900445860375e-03
4.090000000000000000e+02 5.995869214261140279e-01 3.235912220721560463e-03
4.100000000000000000e+02 6.106314110080122148e-01 3.233908133927931861e-03
4.110000000000000000e+02 6.146089800606605591e-01 3.693765067875978171e-03
4.120000000000000000e+02 6.184096663158747953e-01 3.788037804610023315e-03
4.130000000000000000e+02 6.145675932132693697e-01 4.211601892793600914e-03
4.140000000000000000e+02 6.234426186401884618e-01 3.555947956714630102e-03
4.150000000000000000e+02 6.291808095446753679e-01 3.412076392138663119e-03
4.160000000000000000e+02 6.286423536621805752e-01 3.430028574035885128e-03
4.170000000000000000e+02 6.297514061738284097e-01 4.406283942280290675e-03
4.180000000000000000e+02 6.385378375129657780e-01 4.066665023702830187e-03
4.190000000000000000e+02 6.327877779276372960e-01 3.551076847611979968e-03
4.200000000000000000e+02 6.452797599745627721e-01 3.325927254461573997e-03
4.210000000000000000e+02 6.449030715077150866e-01 3.115795051786950792e-03
4.220000000000000000e+02 6.420668085399645619e-01 3.313803343898452398e-03
4.230000000000000000e+02 6.489500220939561359e-01 3.589197325992659216e-03
4.240000000000000000e+02 6.498387177269422388e-01 3.515606772318562948e-03
4.250000000000000000e+02 6.523849082565973401e-01 3.264999607023471185e-03
4.260000000000000000e+02 6.545268260003264116e-01 3.415301125573310791e-03
4.270000000000000000e+02 6.584357932056404961e-01 3.573488639098345090e-03
4.280000000000000000e+02 6.615052913237501331e-01 3.655074277694279807e-03
4.290000000000000000e+02 6.658083734921811381e-01 3.573421587707739482e-03
4.300000000000000000e+02 6.649245769860931965e-01 3.275317393556565187e-03
4.310000000000000000e+02 6.660102280556305931e-01 3.147477427568740049e-03
4.320000000000000000e+02 6.714324919558674054e-01 3.663291443576893042e-03
4.330000000000000000e+02 6.719388505833489011e-01 3.332609074635115194e-03
4.340000000000000000e+02 6.742122967085881768e-01 3.508282017878979701e-03
4.350000000000000000e+02 6.699586907718891871e-01 3.842833242702485205e-03
4.360000000000000000e+02 6.754528233847125751e-01 3.371019062633077382e-03
4.370000000000000000e+02 6.777740951524121593e-01 3.342275837624014874e-03
4.380000000000000000e+02 6.769417359180804894e-01 3.611412055142673456e-03
4.390000000000000000e+02 6.792783743656226614e-01 3.375222191319018558e-03
4.400000000000000000e+02 6.831915280524039069e-01 3.364997360091430412e-03
4.410000000000000000e+02 6.916618539727196202e-01 3.245621952151185336e-03
4.420000000000000000e+02 6.784550376260042315e-01 3.463519071405116601e-03
4.430000000000000000e+02 6.836564967341647314e-01 3.580789102060091735e-03
4.440000000000000000e+02 6.923754417477405720e-01 3.556237206073581663e-03
4.450000000000000000e+02 6.963619588076405131e-01 3.559300640425630546e-03
4.460000000000000000e+02 6.922656339865759234e-01 3.229452328272822831e-03
4.470000000000000000e+02 6.964323710550351931e-01 3.526856858914207641e-03
4.480000000000000000e+02 6.861204437500939557e-01 3.340337500951459215e-03
4.490000000000000000e+02 7.029206778286546387e-01 3.867326581430372955e-03
4.500000000000000000e+02 6.954777217634493525e-01 3.321508243962515480e-03
4.510000000000000000e+02 6.988219653845000323e-01 3.282977634332807492e-03
4.520000000000000000e+02 6.994749465559153556e-01 3.328499533035804252e-03
4.530000000000000000e+02 7.035666021459450192e-01 3.268186091405605922e-03
4.540000000000000000e+02 6.992122984668263097e-01 3.234950270155926601e-03
4.550000000000000000e+02 7.002077746563277749e-01 3.238084787495960383e-03
4.560000000000000000e+02 6.992521085295063665e-01 3.260969004981008074e-03
4.570000000000000000e+02 7.000956457448865855e-01 3.539919771925990454e-03
4.580000000000000000e+02 7.006676047948109387e-01 3.335242018581699528e-03
4.590000000000000000e+02 7.013677335726603568e-01 3.309758355074569891e-03
4.600000000000000000e+02 7.083554744230015077e-01 3.576977085880631013e-03
4.610000000000000000e+02 7.056689739442079112e-01 3.648996474430687281e-03
4.620000000000000000e+02 7.022788971383308043e-01 3.451066886822090618e-03
4.630000000000000000e+02 7.015584957595074611e-01 3.511571361281894815e-03
4.640000000000000000e+02 7.129362013722676528e-01 3.522758564814776512e-03
4.650000000000000000e+02 7.034859456795233834e-01 3.684139773556390721e-03
4.660000000000000000e+02 7.122692217676871440e-01 3.878005005920638452e-03
4.670000000000000000e+02 7.127497948728214183e-01 3.635867932789865406e-03
4.680000000000000000e+02 7.030644218962669445e-01 3.522108349656081355e-03
4.690000000000000000e+02 7.059879938428993418e-01 3.771200884825193743e-03
4.700000000000000000e+02 7.042510653872120496e-01 3.821792217952486859e-03
4.710000000000000000e+02 7.061152512589776720e-01 3.355738552923280549e-03
4.720000000000000000e+02 7.090241940549952826e-01 4.121017534107293372e-03
4.730000000000000000e+02 7.122354663827027421e-01 3.710065102748187366e-03
4.740000000000000000e+02 7.053997430010758851e-01 3.455884250301514537e-03
4.750000000000000000e+02 7.140161079143426681e-01 3.805550596790744852e-03
4.760000000000000000e+02 7.074915007888089580e-01 3.639419832037348382e-03
4.770000000000000000e+02 7.125621708047117364e-01 3.615925136407265560e-03
4.780000000000000000e+02 7.079527737178196167e-01 3.384950006350693694e-03
4.790000000000000000e+02 7.042806608851744921e-01 3.735163982740233920e-03
4.800000000000000000e+02 7.103399283084049776e-01 3.540279436960470320e-03
4.810000000000000000e+02 7.127635272830576962e-01 3.569128173491502385e-03
4.820000000000000000e+02 7.112891371532783502e-01 3.493157786871269304e-03
4.830000000000000000e+02 7.192486185091568895e-01 3.784871874105197494e-03
4.840000000000000000e+02 7.144120466323694574e-01 3.559274205093634208e-03
4.850000000000000000e+02 7.135070584948041139e-01 4.054802445781819156e-03
4.860000000000000000e+02 7.168916024093525685e-01 3.944744750699269269e-03
4.870000000000000000e+02 7.124757267115316983e-01 3.793819375848574843e-03
4.880000000000000000e+02 7.122502178881985335e-01 4.061508449050632748e-03
4.890000000000000000e+02 7.036275565086113071e-01 3.611104162167210613e-03
4.900000000000000000e+02 7.074686287028747467e-01 3.427196165432331871e-03
4.910000000000000000e+02 7.059199074360781312e-01 4.081098173054862992e-03
4.920000000000000000e+02 7.045842095892742574e-01 3.534714339830918612e-03
4.930000000000000000e+02 7.098015458681075085e-01 3.560842175718286970e-03
4.940000000000000000e+02 7.104802520463624482e-01 3.416699329990580038e-03
4.950000000000000000e+02 7.089924908132799741e-01 5.076528296077884722e-03
4.960000000000000000e+02 7.080117591272614419e-01 3.647453830745275242e-03
4.970000000000000000e+02 7.062689539197646305e-01 3.972817657338472731e-03
4.980000000000000000e+02 7.073902560609255374e-01 4.738029642055200177e-03
4.990000000000000000e+02 7.040608750602149746e-01 3.729844127240950803e-03
5.000000000000000000e+02 7.077960023376618226e-01 3.490418614680644831e-03
5.010000000000000000e+02 7.018522553525690100e-01 3.531977034150938100e-03
5.020000000000000000e+02 7.068308683520821978e-01 3.619976011109892096e-03
5.030000000000000000e+02 7.021480914549098618e-01 3.830611500461239549e-03
5.040000000000000000e+02 7.117348144941904042e-01 3.596939324628428691e-03
5.050000000000000000e+02 7.090228613169556882e-01 3.924244215178926236e-03
5.060000000000000000e+02 7.050599474865609784e-01 3.931795692080389606e-03
5.070000000000000000e+02 7.050890051072359332e-01 3.809635747866493578e-03
5.080000000000000000e+02 7.056016466200701887e-01 3.822002503786777611e-03
5.090000000000000000e+02 7.153940124955240343e-01 3.973184613887976308e-03
5.100000000000000000e+02 7.035312086503223705e-01 4.006215308325218258e-03
5.110000000000000000e+02 6.973967846603209564e-01 3.850536892743095050e-03
5.120000000000000000e+02 6.914354253724432908e-01 3.692375030353247604e-03
5.130000000000000000e+02 7.023511858738749059e-01 3.491946793836259860e-03
5.140000000000000000e+02 6.939731042664731842e-01 3.568391065748808492e-03
5.150000000000000000e+02 7.018230882351492728e-01 3.698646662349011020e-03
5.160000000000000000e+02 7.002955508684782782e-01 3.847948617317613167e-03
5.170000000000000000e+02 6.935362052283576828e-01 3.444713581538471313e-03
5.180000000000000000e+02 7.003670723814615640e-01 3.906009126049735970e-03
5.190000000000000000e+02 6.981700827581568403e-01 4.007868421604529434e-03
5.200000000000000000e+02 6.964417325577071383e-01 3.823153052583358816e-03
5.210000000000000000e+02 6.988483747954756797e-01 3.671713016934959137e-03
5.220000000000000000e+02 6.904089376573615544e-01 3.409288017776472904e-03
5.230000000000000000e+02 6.850555382636301927e-01 3.570194548542305387e-03
5.240000000000000000e+02 6.901955563019637196e-01 3.510240406170196410e-03
5.250000000000000000e+02 6.853931275286138103e-01 3.654539892447880838e-03
5.260000000000000000e+02 6.901297622881462646e-01 3.774615477308904902e-03
5.270000000000000000e+02 6.864073406525083021e-01 4.297321160391637251e-03
5.280000000000000000e+02 6.814984527510468126e-01 4.000286263377873797e-03
5.290000000000000000e+02 6.776171310028932249e-01 3.975312575854351993e-03
5.300000000000000000e+02 6.892680164400913911e-01 3.443880852090668715e-03
5.310000000000000000e+02 6.811270000439288985e-01 3.580423098492686775e-03
5.320000000000000000e+02 6.827128079229827229e-01 3.527946612114975147e-03
5.330000000000000000e+02 6.810667517930367731e-01 3.779367546857617405e-03
5.340000000000000000e+02 6.876523621639125672e-01 4.136705370587727242e-03
5.350000000000000000e+02 6.860670961512448374e-01 4.143750119712996324e-03
5.360000000000000000e+02 6.730502963834237296e-01 3.927817325717709862e-03
5.370000000000000000e+02 6.745270394071334330e-01 3.664218798479262646e-03
5.380000000000000000e+02 6.764262469873622008e-01 3.836195163046079819e-03
5.390000000000000000e+02 6.777145125717002339e-01 4.145674667095451162e-03
5.400000000000000000e+02 6.793441156870926312e-01 4.323513027336895083e-03
5.410000000000000000e+02 6.806847248333431910e-01 3.783764485147805834e-03
5.420000000000000000e+02 6.803082389965322552e-01 3.692170323228935198e-03
5.430000000000000000e+02 6.784346969848021880e-01 4.086065604657115879e-03
5.440000000000000000e+02 6.734663808577245891e-01 3.974009469939181888e-03
5.450000000000000000e+02 6.706677024648087793e-01 4.145938897055558361e-03
5.460000000000000000e+02 6.766140685051569292e-01 4.640237801097020498e-03
5.470000000000000000e+02 6.757815772737068016e-01 4.793085607812488588e-03
5.480000000000000000e+02 6.746990832964989693e-01 5.449927347666644849e-03
5.490000000000000000e+02 6.711934074820576912e-01 6.279866373217104190e-03
5.500000000000000000e+02 6.781325860065892108e-01 5.799773641019583155e-03
5.510000000000000000e+02 6.668968896964369009e-01 5.033473058131753865e-03
5.520000000000000000e+02 6.704267751673020914e-01 4.619414681074773474e-03
5.530000000000000000e+02 6.717562053210156536e-01 4.670642958284873351e-03
5.540000000000000000e+02 6.696153648244258516e-01 4.415956670509788712e-03
5.550000000000000000e+02 6.708756318116360085e-01 3.929313314151490662e-03
5.560000000000000000e+02 6.697322863596755216e-01 3.854152056015336478e-03
5.570000000000000000e+02 6.646128241266388015e-01 3.652646162215513435e-03
5.580000000000000000e+02 6.651607749464599761e-01 4.062610017920455403e-03
5.590000000000000000e+02 6.608716136843669764e-01 3.857317238358309950e-03
5.600000000000000000e+02 6.573158548311593963e-01 3.906299551099346942e-03
5.610000000000000000e+02 6.583706979015665484e-01 3.491340013105466260e-03
5.620000000000000000e+02 6.563087095491633161e-01 3.758761023390583527e-03
5.630000000000000000e+02 6.523633695998380944e-01 4.274064968573886188e-03
5.640000000000000000e+02 6.527029108011690450e-01 3.589573636387094480e-03
5.650000000000000000e+02 6.522821358695503058e-01 4.125366338225440813e-03
5.660000000000000000e+02 6.491810352463149858e-01 4.047326799976625269e-03
5.670000000000000000e+02 6.450568682739610260e-01 4.110710324823337557e-03
5.680000000000000000e+02 6.565100515949214843e-01 3.753470192987324108e-03
5.690000000000000000e+02 6.434307458065240404e-01 3.689990311219240680e-03
5.700000000000000000e+02 6.576250023162618641e-01 4.010201919656617917e-03
5.710000000000000000e+02 6.578510130141869139e-01 3.855888864419303088e-03
5.720000000000000000e+02 6.597742316396781881e-01 4.299515759709891631e-03
5.730000000000000000e+02 6.537899744089589182e-01 3.914548564337957774e-03
5.740000000000000000e+02 6.505682491344743079e-01 3.907944442294915971e-03
5.750000000000000000e+02 6.467830240340380898e-01 3.537260638189953545e-03
5.760000000000000000e+02 6.476200917642851440e-01 4.014378054701975458e-03
5.770000000000000000e+02 6.479996249772601580e-01 3.716899889242577647e-03
5.780000000000000000e+02 6.386853975131066008e-01 4.109416273935843911e-03
5.790000000000000000e+02 6.447632174623127987e-01 4.255103895386635159e-03
5.800000000000000000e+02 6.377234561901286014e-01 3.618202286037897845e-03
5.810000000000000000e+02 6.454270429403428100e-01 3.694540712859527981e-03
5.820000000000000000e+02 6.448333996147909142e-01 3.639872707801257868e-03
5.830000000000000000e+02 6.370474073676715143e-01 3.736237535032210268e-03
5.840000000000000000e+02 6.396037916716913463e-01 3.923894608273329962e-03
5.850000000000000000e+02 6.401216114809195057e-01 4.139216992535670221e-03
5.860000000000000000e+02 6.371432657491740148e-01 3.627002461965630510e-03
5.870000000000000000e+02 6.387380248522031012e-01 3.844903018708594779e-03
5.880000000000000000e+02 6.335189278056830853e-01 3.695409685120156114e-03
5.890000000000000000e+02 6.320330176197146432e-01 3.640877875572586485e-03
5.900000000000000000e+02 6.323775108750704366e-01 4.118681529430019694e-03
5.910000000000000000e+02 6.325613980955233639e-01 3.647518860089139434e-03
5.920000000000000000e+02 6.318710590772672608e-01 3.547233501938616869e-03
5.930000000000000000e+02 6.336748889219112613e-01 4.058378701565758251e-03
5.940000000000000000e+02 6.305340328637858427e-01 3.764667831922261301e-03
5.950000000000000000e+02 6.226630840085464191e-01 3.725390235548555785e-03
5.960000000000000000e+02 6.221458049918568989e-01 3.564112403906557862e-03
5.970000000000000000e+02 6.274073005294114047e-01 3.885578802575800732e-03
5.980000000000000000e+02 6.262630964396445066e-01 3.665329415228805055e-03
5.990000000000000000e+02 6.287854895619778839e-01 3.675082327753060891e-03
6.000000000000000000e+02 6.174255777387104294e-01 3.436384424600901974e-03
6.010000000000000000e+02 6.204546843432685588e-01 3.416605215610087586e-03
6.020000000000000000e+02 6.202920554562625366e-01 4.546962946120276620e-03
6.030000000000000000e+02 6.150341678110510246e-01 3.517180493731570344e-03
6.050000000000000000e+02 6.155070190378572059e-01 3.563446489051588784e-03
6.060000000000000000e+02 6.077898661540243053e-01 3.626190398825846969e-03
6.070000000000000000e+02 6.133592115609423079e-01 3.533773079413332283e-03
6.080000000000000000e+02 6.111074518436304670e-01 3.832695751338362732e-03
6.090000000000000000e+02 6.084790817472888191e-01 3.479181982674329088e-03
6.100000000000000000e+02 6.122695924041342552e-01 3.663357792076183620e-03
6.110000000000000000e+02 6.069613355131348031e-01 3.548374656079149748e-03
6.120000000000000000e+02 6.079507204875339577e-01 3.615293370463368208e-03
6.130000000000000000e+02 6.077173687889202425e-01 3.849275429713437668e-03
6.140000000000000000e+02 5.999115075957496268e-01 3.724266169803647220e-03
6.150000000000000000e+02 6.051994994975383735e-01 3.837253952367299711e-03
6.160000000000000000e+02 5.997798422322878631e-01 3.447878805531374817e-03
6.170000000000000000e+02 6.048965954815760382e-01 3.664879622687943535e-03
6.180000000000000000e+02 5.976757195608695117e-01 3.499878363928364978e-03
6.190000000000000000e+02 5.956542573198685409e-01 3.748829414583011981e-03
6.200000000000000000e+02 5.990265767485213333e-01 3.842551935114820252e-03
6.210000000000000000e+02 5.960829727972349890e-01 3.613760570575608178e-03
6.220000000000000000e+02 5.917869527419574727e-01 3.441476218903281523e-03
6.230000000000000000e+02 5.934245187846025615e-01 3.610866095554677354e-03
6.240000000000000000e+02 5.891881119162434288e-01 3.642696712524540626e-03
6.250000000000000000e+02 5.880474981987708905e-01 3.426437059419233482e-03
6.260000000000000000e+02 5.880595108141042360e-01 3.588107554928945345e-03
6.270000000000000000e+02 5.894071681741760438e-01 3.538733203676008420e-03
6.280000000000000000e+02 5.867402325299028165e-01 3.922930042006523080e-03
6.290000000000000000e+02 5.871808133776494909e-01 3.503686198811352577e-03
6.300000000000000000e+02 5.816447679453212727e-01 3.513792728725656164e-03
6.310000000000000000e+02 5.822637730419017998e-01 3.635161192962001447e-03
6.320000000000000000e+02 5.780678977181560318e-01 3.767988221071787071e-03
6.330000000000000000e+02 5.776860562903493035e-01 3.361674554734036310e-03
6.340000000000000000e+02 5.807774057842541859e-01 3.561888788440395470e-03
6.350000000000000000e+02 5.766475505251272837e-01 3.506243020603510684e-03
6.360000000000000000e+02 5.708866108699875985e-01 3.849597835944547266e-03
6.370000000000000000e+02 5.708022670337438154e-01 3.406049243331051458e-03
6.380000000000000000e+02 5.763821958737981310e-01 3.565412274504855920e-03
6.390000000000000000e+02 5.660538565149930701e-01 3.526871130037782191e-03
6.400000000000000000e+02 5.675534883567027178e-01 3.523564900920861213e-03
6.410000000000000000e+02 5.692779091881214892e-01 3.690688243783799699e-03
6.420000000000000000e+02 5.650210212319065617e-01 3.553172859052136558e-03
6.430000000000000000e+02 5.623559776240710795e-01 3.795048859572471879e-03
6.440000000000000000e+02 5.679855461249218029e-01 3.419788544729919586e-03
6.450000000000000000e+02 5.637825886749413540e-01 3.237685065110632726e-03
6.460000000000000000e+02 5.562448184184288769e-01 3.227827109007850442e-03
6.470000000000000000e+02 5.580016299189882734e-01 3.074532082908683437e-03
6.480000000000000000e+02 5.568099888947937171e-01 2.966158837370949913e-03
6.490000000000000000e+02 5.570236005577152705e-01 3.178021182334424093e-03
6.500000000000000000e+02 5.524238469998966616e-01 3.032440388669042659e-03
6.510000000000000000e+02 5.534808397386169476e-01 1.185559549935802544e-02
6.520000000000000000e+02 5.516563797132483238e-01 2.960015490219577907e-03
6.530000000000000000e+02 5.457134849179723357e-01 3.179390753017759513e-03
6.540000000000000000e+02 5.463880993042865564e-01 3.086745260840365046e-03
6.550000000000000000e+02 5.489473221010504611e-01 3.216978710408952263e-03
6.560000000000000000e+02 5.446850240761557105e-01 3.255887139397084431e-03
6.570000000000000000e+02 5.451289279092483842e-01 3.148692817877305188e-03
6.580000000000000000e+02 5.430350331474341763e-01 2.929163040523401727e-03
6.590000000000000000e+02 5.396994788109723551e-01 3.389749068623703569e-03
6.600000000000000000e+02 5.382029126695487831e-01 3.334714846106827738e-03
6.610000000000000000e+02 5.356117387161355436e-01 2.997743296380750867e-03
6.620000000000000000e+02 5.361529128088554641e-01 2.901019769778625731e-03
6.630000000000000000e+02 5.349537578838612362e-01 3.211362356254735505e-03
6.640000000000000000e+02 5.306825034961500931e-01 3.259181489877995257e-03
6.650000000000000000e+02 5.325994191292778845e-01 3.163245407460744691e-03
6.660000000000000000e+02 5.257528936988851154e-01 3.101568559047618821e-03
6.670000000000000000e+02 5.334183748758800636e-01 3.244018066380590249e-03
6.680000000000000000e+02 5.266508925563857524e-01 3.136021714146067490e-03
6.690000000000000000e+02 5.333774133925981431e-01 2.894268612872765746e-03
6.700000000000000000e+02 5.308118121284800539e-01 2.899479396326653299e-03
6.710000000000000000e+02 5.297547026787909896e-01 2.557856726215599220e-03
6.720000000000000000e+02 5.267571853125907477e-01 2.549490737186764066e-03
6.730000000000000000e+02 5.259135028935876255e-01 2.761914689202408547e-03
6.740000000000000000e+02 5.139888193514524639e-01 2.741789361098736968e-03
6.750000000000000000e+02 5.169702196973592345e-01 2.467428708199014865e-03
6.760000000000000000e+02 5.161875985450458115e-01 2.675280240858999778e-03
6.770000000000000000e+02 5.130024045781477193e-01 2.592954625352578927e-03
6.780000000000000000e+02 5.179659619164316275e-01 2.603168899119533922e-03
6.790000000000000000e+02 5.189990290595176692e-01 2.659332836716488992e-03
6.800000000000000000e+02 5.089996229442775855e-01 2.500989970548483064e-03
6.810000000000000000e+02 5.110959996847057596e-01 2.397844233804892217e-03
6.820000000000000000e+02 5.151060400183127275e-01 2.608456404963928593e-03
6.830000000000000000e+02 5.052649187263097419e-01 2.571583703412516284e-03
6.840000000000000000e+02 5.072487332304237428e-01 2.655028890424773660e-03
6.850000000000000000e+02 5.078582842023272592e-01 2.756042684245713689e-03
6.860000000000000000e+02 5.130484311409777565e-01 2.796729239968617862e-03
6.870000000000000000e+02 4.983261778490351568e-01 2.598751980245365620e-03
6.880000000000000000e+02 5.103549543158377721e-01 2.732805400721124729e-03
6.890000000000000000e+02 4.880349001679075149e-01 2.426277883879535656e-03
6.900000000000000000e+02 4.932014485266018600e-01 2.558337379402714912e-03
6.910000000000000000e+02 4.950602352210702883e-01 2.311265088439665594e-03
6.920000000000000000e+02 5.030160998713198994e-01 2.683974789794881400e-03
6.930000000000000000e+02 4.906870735325974953e-01 2.637652323203487290e-03
6.940000000000000000e+02 4.948931864612652332e-01 2.681573811713842004e-03
6.950000000000000000e+02 4.918365317932610337e-01 2.483517998996544098e-03
6.960000000000000000e+02 4.945187189034336295e-01 2.470540405455702235e-03
6.970000000000000000e+02 4.905410823443889790e-01 2.461180613417059213e-03
6.980000000000000000e+02 4.909070329506640684e-01 2.351376759247045950e-03
6.990000000000000000e+02 4.842579512405184028e-01 2.282561691712122268e-03
7.000000000000000000e+02 4.784681676880453982e-01 2.306117853032343869e-03
7.010000000000000000e+02 4.858130895673217764e-01 2.423620793832779053e-03
7.020000000000000000e+02 4.765110056568042096e-01 2.383654278530232540e-03
7.030000000000000000e+02 4.820542233372481222e-01 2.408779901670436447e-03
7.040000000000000000e+02 4.757572479833903634e-01 2.324211900901409535e-03
7.050000000000000000e+02 4.742478776323069134e-01 2.301122221707252013e-03
7.060000000000000000e+02 4.758465674771458764e-01 2.328147280666721664e-03
7.070000000000000000e+02 4.807956147188210960e-01 2.379837143927045293e-03
7.080000000000000000e+02 4.742220646996123112e-01 2.311213221575426306e-03
7.090000000000000000e+02 4.769621804835978418e-01 2.306972283008426605e-03
7.100000000000000000e+02 4.729514484564810717e-01 2.374127129684446957e-03
7.110000000000000000e+02 4.719082254018625577e-01 2.595162157005733751e-03
7.120000000000000000e+02 4.795264167162971436e-01 2.471305015278686332e-03
7.130000000000000000e+02 4.750462167745082565e-01 2.414811328724299298e-03
7.140000000000000000e+02 4.704950983080174454e-01 2.362928196027036867e-03
7.150000000000000000e+02 4.615906900304025950e-01 2.354631542464507600e-03
7.160000000000000000e+02 4.653118219089281138e-01 2.378098831106216764e-03
7.170000000000000000e+02 4.665256402670305835e-01 2.384541081145637956e-03
7.180000000000000000e+02 4.640172861798669279e-01 2.375441452219015544e-03
7.190000000000000000e+02 4.591907131883661841e-01 2.438635424938748446e-03
7.200000000000000000e+02 4.578401614571775413e-01 2.317015247020093142e-03
7.210000000000000000e+02 4.597715737325209218e-01 2.242881542986482554e-03
7.220000000000000000e+02 4.571083841285576432e-01 2.265521078190748088e-03
7.230000000000000000e+02 4.531812392078228835e-01 2.292027880275357681e-03
7.240000000000000000e+02 4.511015636676288243e-01 2.232855902585712503e-03
7.250000000000000000e+02 4.512457275985919392e-01 2.221091497778777523e-03
7.260000000000000000e+02 4.538346104020423155e-01 2.290365310969140564e-03
7.270000000000000000e+02 4.559324942386464574e-01 2.317483257238131793e-03
7.280000000000000000e+02 4.477987143679851845e-01 2.299703282925962770e-03
7.290000000000000000e+02 4.536350848283899340e-01 2.330700630456607712e-03
7.300000000000000000e+02 4.524810517114102315e-01 2.244599364788770271e-03
7.310000000000000000e+02 4.442905199195607557e-01 2.158929022209577896e-03
7.320000000000000000e+02 4.517290057952288440e-01 2.202382610292476835e-03
7.330000000000000000e+02 4.420048808320417577e-01 2.161905720543719732e-03
7.340000000000000000e+02 4.377849865658411943e-01 2.158702952716613256e-03
7.350000000000000000e+02 4.460648632558029125e-01 2.172031632191847531e-03
7.360000000000000000e+02 4.330638559351312478e-01 2.143668969200994683e-03
7.370000000000000000e+02 4.352423011880965364e-01 2.172866024979798472e-03
7.380000000000000000e+02 4.318491569947857656e-01 2.136991474619484750e-03
7.390000000000000000e+02 4.417918949198338385e-01 2.177976479755308701e-03
7.400000000000000000e+02 4.364642043731106202e-01 2.174062308246998716e-03
7.410000000000000000e+02 4.365745477888468562e-01 2.177871789466249812e-03
7.420000000000000000e+02 4.341698495981245465e-01 2.194950125885749941e-03
7.430000000000000000e+02 4.224621050851584125e-01 2.172331716763037379e-03
7.440000000000000000e+02 4.285942121945908734e-01 2.189924733281865127e-03
7.450000000000000000e+02 4.270985004589845646e-01 2.164565085027436286e-03
7.460000000000000000e+02 4.300771031817944845e-01 2.240707183054293280e-03
7.470000000000000000e+02 4.303643376297331957e-01 2.225406917485550726e-03
7.480000000000000000e+02 4.238366246866946407e-01 2.166559598493341017e-03
7.490000000000000000e+02 4.224895784429587020e-01 2.153224776098055637e-03
7.500000000000000000e+02 4.297784400579852115e-01 2.201938630624233895e-03
7.510000000000000000e+02 4.209174927803405741e-01 2.170358657478004601e-03
7.520000000000000000e+02 4.179834189250629661e-01 2.218307827603301086e-03
7.530000000000000000e+02 4.221701154047270421e-01 2.273732249659960337e-03
7.540000000000000000e+02 4.188938672845210487e-01 2.197412160692412218e-03
7.550000000000000000e+02 4.124365562102521587e-01 2.107208830917599220e-03
7.560000000000000000e+02 4.111065328809314079e-01 2.180589985516635885e-03
7.570000000000000000e+02 4.081770853323411496e-01 2.186361188019997088e-03
7.580000000000000000e+02 4.119509484177906189e-01 2.229831744121595332e-03
7.590000000000000000e+02 4.084070708748430700e-01 2.252749635723462658e-03
7.600000000000000000e+02 4.058656469094975572e-01 2.210049106909487728e-03
7.610000000000000000e+02 4.015815419294190280e-01 2.235827587696549972e-03
7.620000000000000000e+02 4.074588891477041175e-01 2.222264466702853717e-03
7.630000000000000000e+02 4.015835651132786954e-01 2.158488321219469066e-03
7.640000000000000000e+02 4.099760404264908842e-01 2.188728739516907374e-03
7.650000000000000000e+02 4.062919373169472936e-01 2.161783526059578298e-03
7.660000000000000000e+02 3.969509004414562559e-01 2.118533356651993230e-03
7.670000000000000000e+02 3.959231564507719181e-01 2.099202242868828013e-03
7.680000000000000000e+02 3.994856846189229205e-01 2.235587781887561892e-03
7.690000000000000000e+02 4.017597501128583604e-01 2.295052415530574909e-03
7.700000000000000000e+02 3.949361707004275246e-01 2.101374814264910743e-03
7.710000000000000000e+02 3.922991461310345040e-01 2.036906659840528357e-03
7.720000000000000000e+02 3.991269966813044134e-01 2.072598721345771458e-03
7.730000000000000000e+02 3.957813781496820060e-01 2.058045247524188746e-03
7.740000000000000000e+02 3.974215543648492721e-01 2.159047365676545344e-03
7.750000000000000000e+02 3.947464566549542253e-01 2.286531857203332255e-03
7.760000000000000000e+02 3.916910801058897107e-01 2.118803423202035314e-03
7.770000000000000000e+02 3.829975086158152187e-01 1.992107455534717492e-03
7.780000000000000000e+02 3.910156320133802432e-01 2.036159090307647704e-03
7.790000000000000000e+02 3.928093706811691121e-01 1.993273492871954454e-03
7.800000000000000000e+02 3.800311763279632937e-01 1.986912933182478306e-03
7.810000000000000000e+02 3.819289397296972699e-01 1.964021369070999279e-03
7.820000000000000000e+02 3.808461853185256540e-01 1.961123266657820337e-03
7.830000000000000000e+02 3.863544684137795726e-01 1.994881985584304705e-03
7.840000000000000000e+02 3.774800784014192279e-01 1.978010973666316941e-03
7.850000000000000000e+02 3.877562478585140360e-01 2.073413721597998881e-03
7.860000000000000000e+02 3.776365687362326917e-01 2.067974835622680193e-03
7.870000000000000000e+02 3.784190027226104758e-01 2.140946621354428321e-03
7.880000000000000000e+02 3.773688021347271770e-01 2.012783161172355603e-03
7.890000000000000000e+02 3.811539636007127974e-01 1.970782452096901064e-03
7.900000000000000000e+02 3.713897602441033063e-01 1.948405049129521257e-03
7.910000000000000000e+02 3.740877118098696053e-01 2.043591801456600722e-03
7.920000000000000000e+02 3.708510972620619461e-01 1.987950408623232086e-03
7.930000000000000000e+02 3.706302647195955369e-01 2.008986496154671533e-03
7.940000000000000000e+02 3.704601445499696166e-01 1.980271322051349158e-03
7.950000000000000000e+02 3.635880539677742163e-01 1.943847254894904078e-03
7.960000000000000000e+02 3.692415429596594967e-01 2.034345683128041885e-03
7.970000000000000000e+02 3.626995750740553137e-01 2.153685625611614397e-03
7.980000000000000000e+02 3.652682165081500565e-01 2.049514428751634133e-03
7.990000000000000000e+02 3.659251754922473454e-01 1.967880380362892201e-03
8.000000000000000000e+02 3.663054411781313524e-01 2.070101746855707459e-03
8.010000000000000000e+02 3.644090514358248045e-01 1.972100819646167846e-03
8.020000000000000000e+02 3.635899956825272006e-01 1.912452174121933267e-03
8.030000000000000000e+02 3.588625428976929266e-01 1.928569410351024631e-03
8.040000000000000000e+02 3.550017105442735965e-01 1.869034771152694539e-03
8.050000000000000000e+02 3.606618408812585219e-01 1.922802155869569570e-03
8.060000000000000000e+02 3.626361365089383337e-01 1.974927514976054874e-03
8.070000000000000000e+02 3.581446611511640010e-01 1.953010702268670332e-03
8.080000000000000000e+02 3.507979795195702577e-01 1.918193075618107590e-03
8.090000000000000000e+02 3.552826559204264600e-01 1.922240913697425418e-03
8.100000000000000000e+02 3.477867390580516305e-01 1.844167731982089163e-03
8.110000000000000000e+02 3.516135722991496904e-01 1.859805471772583421e-03
8.120000000000000000e+02 3.472278895565781287e-01 1.844043814084779260e-03
8.130000000000000000e+02 3.530622899568624518e-01 1.838296229732883872e-03
8.140000000000000000e+02 3.444178104632365511e-01 1.871133886838620202e-03
8.150000000000000000e+02 3.454587347376332218e-01 1.923324026645456585e-03
8.160000000000000000e+02 3.454582606887194873e-01 1.929955458316757501e-03
8.170000000000000000e+02 3.477560695121063028e-01 1.927008464454047507e-03
8.180000000000000000e+02 3.491742935211978316e-01 1.893773385963784875e-03
8.190000000000000000e+02 3.383083428466951981e-01 1.810551062939266733e-03
8.200000000000000000e+02 3.419313503083106220e-01 1.849886654616063417e-03
8.210000000000000000e+02 3.474903683619021133e-01 1.865214118000498933e-03
8.220000000000000000e+02 3.377984514669931659e-01 1.821531508773323749e-03
8.230000000000000000e+02 3.344886873757560997e-01 1.809975796395283613e-03
8.240000000000000000e+02 3.356807563714237497e-01 1.869354267900080529e-03
8.250000000000000000e+02 3.385665126484061482e-01 1.904513686164537338e-03
8.260000000000000000e+02 3.429121586467906435e-01 1.965408285674195323e-03
8.270000000000000000e+02 3.325706044725254551e-01 1.919555393490138999e-03
8.280000000000000000e+02 3.380252023216781532e-01 1.891307970232762679e-03
8.290000000000000000e+02 3.414882728978045345e-01 1.866549109593918475e-03
8.300000000000000000e+02 3.313139041817698693e-01 1.834228656079051577e-03
8.310000000000000000e+02 3.293746797333355070e-01 1.879029274909088708e-03
8.320000000000000000e+02 3.275325665083708704e-01 1.863498796925824701e-03
8.330000000000000000e+02 3.283002850864705779e-01 1.858485256444078644e-03
8.340000000000000000e+02 3.283876817791159808e-01 1.864908338918745039e-03
8.350000000000000000e+02 3.287809781759600813e-01 1.896058976283148236e-03
8.360000000000000000e+02 3.261268463159519571e-01 1.840323552382414594e-03
8.370000000000000000e+02 3.269747546817921569e-01 1.812116781657108948e-03
8.380000000000000000e+02 3.261618662012119030e-01 1.824708776072379510e-03
8.390000000000000000e+02 3.238420861959783181e-01 1.826122996397268414e-03
8.400000000000000000e+02 3.227295158054646063e-01 1.814771835820928707e-03
8.410000000000000000e+02 3.307134843848488215e-01 1.890885927351627265e-03
8.420000000000000000e+02 3.192413607074186532e-01 1.763520490921794076e-03
8.430000000000000000e+02 3.246740386009756008e-01 1.777709705500127866e-03
8.440000000000000000e+02 3.176144419597521362e-01 1.735796104643314800e-03
8.450000000000000000e+02 3.119564723455341970e-01 1.729486930171968660e-03
8.460000000000000000e+02 3.149668053867490380e-01 1.736333900922150527e-03
8.470000000000000000e+02 3.135432367209279869e-01 1.734188551226569387e-03
8.480000000000000000e+02 3.101677056061276638e-01 1.726123991039472038e-03
8.490000000000000000e+02 3.165983066460226203e-01 1.800784976352859607e-03
8.500000000000000000e+02 3.076896497509200024e-01 1.754514064857319155e-03
8.510000000000000000e+02 3.203229122275134122e-01 1.859309704034821939e-03
8.520000000000000000e+02 3.065144277858051214e-01 1.737209352037942609e-03
8.530000000000000000e+02 3.104866135389928172e-01 1.743765210441342722e-03
8.540000000000000000e+02 3.151199278181859298e-01 1.792700728811269951e-03
8.550000000000000000e+02 3.057903490011484871e-01 1.871582253525007084e-03
8.560000000000000000e+02 3.077351355114745224e-01 1.801378880533534938e-03
8.570000000000000000e+02 3.079473676278918215e-01 1.788869676394566231e-03
8.580000000000000000e+02 3.082081941584765006e-01 1.747344379781083168e-03
8.590000000000000000e+02 3.081754357992019244e-01 1.714374828626589933e-03
8.600000000000000000e+02 3.023080921399662335e-01 1.741547743368449235e-03
8.610000000000000000e+02 3.008643593984386966e-01 1.737015632285156697e-03
8.620000000000000000e+02 3.063207134970413748e-01 1.777295962483019633e-03
8.630000000000000000e+02 3.037160111680137775e-01 1.748940267184730980e-03
8.640000000000000000e+02 2.980302121203592391e-01 1.686802234559364603e-03
8.650000000000000000e+02 3.073859359360808785e-01 1.755975606552200941e-03
8.660000000000000000e+02 2.982120541420540394e-01 1.701009257515335733e-03
8.670000000000000000e+02 2.980674518241498427e-01 1.720601395583995887e-03
8.680000000000000000e+02 2.977927412612441094e-01 1.724113746435492617e-03
8.690000000000000000e+02 2.974190963019991418e-01 1.739579963328361303e-03
8.700000000000000000e+02 2.921929802406597609e-01 1.697119556237747240e-03
8.710000000000000000e+02 2.979989394994149721e-01 1.680200135829553517e-03
8.720000000000000000e+02 2.913759770998512466e-01 1.661985405054769395e-03
8.730000000000000000e+02 2.891555287955628883e-01 1.724302651588867537e-03
8.740000000000000000e+02 2.892130945959134336e-01 1.700391509139361412e-03
8.750000000000000000e+02 2.867405071112409942e-01 1.669019234051667255e-03
8.760000000000000000e+02 2.869249622102952868e-01 1.641103805810174105e-03
8.770000000000000000e+02 2.884538199097290700e-01 1.701446871986397272e-03
8.780000000000000000e+02 2.896535495989676634e-01 1.686988247257736797e-03
8.790000000000000000e+02 2.916669618343316062e-01 1.689568082865489226e-03
8.800000000000000000e+02 2.842959609225460538e-01 1.674294879901411280e-03
8.810000000000000000e+02 2.826684413087734438e-01 1.694118439990276084e-03
8.820000000000000000e+02 2.873268998031867083e-01 1.676076001555167755e-03
8.830000000000000000e+02 2.878526537857029610e-01 1.650949885573923734e-03
8.840000000000000000e+02 2.820654642528162559e-01 1.680196472875162541e-03
8.850000000000000000e+02 2.813540920879736285e-01 1.643198024482963411e-03
8.860000000000000000e+02 2.771197610697824776e-01 1.604041349821216543e-03
8.870000000000000000e+02 2.779313653348178814e-01 1.620033826634554534e-03
8.880000000000000000e+02 2.793593151326550506e-01 1.625308466141452048e-03
8.890000000000000000e+02 2.775056243224356400e-01 1.597870258696830166e-03
8.900000000000000000e+02 2.766852349878001216e-01 1.629679199447562829e-03
8.910000000000000000e+02 2.728953239414637633e-01 1.577028311695815926e-03
8.920000000000000000e+02 2.780823989071698477e-01 1.629488012431817411e-03
8.940000000000000000e+02 2.747904599002712334e-01 1.658644668420610228e-03
8.950000000000000000e+02 2.770789797633735896e-01 1.704925494727004519e-03
8.960000000000000000e+02 2.672522279823654201e-01 1.607491331233033794e-03
8.970000000000000000e+02 2.725183069965512739e-01 1.650941347226261586e-03
8.980000000000000000e+02 2.750497887563719268e-01 1.616772444462503738e-03
8.990000000000000000e+02 2.697453839510237095e-01 1.579269968141175200e-03
9.000000000000000000e+02 2.702010268259016912e-01 1.604739991973308825e-03
9.010000000000000000e+02 2.697103428719784257e-01 1.495854859498721998e-03
9.020000000000000000e+02 2.668875213138396374e-01 1.499642634423212564e-03
9.030000000000000000e+02 2.691092080573906919e-01 1.520668933207298956e-03
9.040000000000000000e+02 2.641278171214351822e-01 1.483880267350891780e-03
9.050000000000000000e+02 2.675760005966786870e-01 1.511663830924070764e-03
9.060000000000000000e+02 2.613561070218329285e-01 1.498713350695021458e-03
9.070000000000000000e+02 2.638525650750402352e-01 1.537449181077908504e-03
9.080000000000000000e+02 2.649742797343637157e-01 1.594725292437922581e-03
9.090000000000000000e+02 2.610903959358660820e-01 1.580299283213817702e-03
9.100000000000000000e+02 2.617256188874335088e-01 1.528312169887955253e-03
9.110000000000000000e+02 2.627336118112311714e-01 1.488385253230073250e-03
9.120000000000000000e+02 2.585622468938313934e-01 1.490057686066757802e-03
9.130000000000000000e+02 2.607724513684291368e-01 1.574925911422122909e-03
9.140000000000000000e+02 2.554134256663873614e-01 1.471678612302354571e-03
9.150000000000000000e+02 2.475617612464093564e-01 1.423186872892206111e-03
9.160000000000000000e+02 2.468181641152363548e-01 1.432289676189466400e-03
9.170000000000000000e+02 2.470259384215152121e-01 1.426767371649470106e-03
9.180000000000000000e+02 2.558566799323632734e-01 1.511344498353960064e-03
9.190000000000000000e+02 2.478977009811403065e-01 1.450643852008057797e-03
9.200000000000000000e+02 2.413219823395324759e-01 1.394658675884241378e-03
9.210000000000000000e+02 2.508467146146803328e-01 1.429335533927701208e-03
9.220000000000000000e+02 2.489042367903650799e-01 1.447411433915628699e-03
9.230000000000000000e+02 2.505879931047803044e-01 1.479478440260426856e-03
9.240000000000000000e+02 2.532014575700313186e-01 1.511928403865048665e-03
9.250000000000000000e+02 2.427541412965676937e-01 1.445992863136237724e-03
9.260000000000000000e+02 2.456206873535669577e-01 1.471082484435527575e-03
9.270000000000000000e+02 2.482886449289248010e-01 1.463535766503879865e-03
9.280000000000000000e+02 2.434818783410788723e-01 1.420524971835916478e-03
9.290000000000000000e+02 2.520686717618709771e-01 1.462658533916018962e-03
9.300000000000000000e+02 2.500850842193335088e-01 1.474551873628718573e-03
9.310000000000000000e+02 2.380181272628303923e-01 1.434464254665731523e-03
9.320000000000000000e+02 2.465622479373212050e-01 1.477024117200914947e-03
9.330000000000000000e+02 2.428492341708244073e-01 1.407528386931162145e-03
9.340000000000000000e+02 2.393444044371606516e-01 1.463762958043869893e-03
9.350000000000000000e+02 2.380181659590552001e-01 1.569746841717946763e-03
9.360000000000000000e+02 2.383750451678407489e-01 1.499236147322560112e-03
9.370000000000000000e+02 2.255870045180324301e-01 1.366552068617697072e-03
9.380000000000000000e+02 2.384805561194119627e-01 1.475352208137666911e-03
9.390000000000000000e+02 2.361703689820035534e-01 1.426402012125127733e-03
9.400000000000000000e+02 2.474426527310100155e-01 1.488579733844510190e-03
9.410000000000000000e+02 2.424164002503654547e-01 1.456764951808751105e-03
9.420000000000000000e+02 2.350554907255755499e-01 1.441927245666306924e-03
9.430000000000000000e+02 2.409216805191323474e-01 1.549470743362481220e-03
9.440000000000000000e+02 2.410547158199305706e-01 1.497713665893565240e-03
9.450000000000000000e+02 2.385981959234807215e-01 1.487469977342980362e-03
9.460000000000000000e+02 2.399989044516360748e-01 1.503584439415375047e-03
9.470000000000000000e+02 2.371785228483793140e-01 1.491717009829156846e-03
9.480000000000000000e+02 2.428526891353428585e-01 1.521949053784491489e-03
9.490000000000000000e+02 2.424257893903055960e-01 1.502880483370812401e-03
9.500000000000000000e+02 2.362793367294841462e-01 1.473132090738760299e-03
9.510000000000000000e+02 2.388059721120433521e-01 1.602078058135913453e-03
9.520000000000000000e+02 2.350559939017404787e-01 1.455155885170794161e-03
9.530000000000000000e+02 2.470629581713224554e-01 1.533772005864198536e-03
9.540000000000000000e+02 2.373394488665853674e-01 1.492500997120438204e-03
9.550000000000000000e+02 2.341833600203061527e-01 1.506297173960791276e-03
9.560000000000000000e+02 2.352200215485735768e-01 1.466201024006224618e-03
9.570000000000000000e+02 2.175880307386043044e-01 1.407905100514232882e-03
9.580000000000000000e+02 2.313999273840259552e-01 1.458269149183742935e-03
9.590000000000000000e+02 2.304577138412487181e-01 1.465895359603678044e-03
9.600000000000000000e+02 2.340351547733310611e-01 1.533267912844987584e-03
9.610000000000000000e+02 2.358962239263628913e-01 1.570506128703069628e-03
9.620000000000000000e+02 2.292747378524766788e-01 1.448300503402589383e-03
9.630000000000000000e+02 2.360298965020745099e-01 1.476846039504791557e-03
9.640000000000000000e+02 2.324232815927447238e-01 1.442370036772157912e-03
9.650000000000000000e+02 2.316764192020691060e-01 1.430821376257531731e-03
9.660000000000000000e+02 2.357131304731978627e-01 1.498322300501884943e-03
9.670000000000000000e+02 2.346567996480090346e-01 1.485441859866748872e-03
9.680000000000000000e+02 2.291510237979514919e-01 1.449927231359531953e-03
9.690000000000000000e+02 2.360884153196626811e-01 1.486483014573981593e-03
9.700000000000000000e+02 2.303749010512529671e-01 1.447012559240975701e-03
9.710000000000000000e+02 2.236973784443012647e-01 1.356080297452067710e-03
9.720000000000000000e+02 2.244342827842560062e-01 1.453630461637844297e-03
9.730000000000000000e+02 2.282912239533300136e-01 1.395839324558509906e-03
9.740000000000000000e+02 2.234339334650100040e-01 1.350297832633756950e-03
9.750000000000000000e+02 2.324085176523292551e-01 1.515609756974516933e-03
9.760000000000000000e+02 2.260130012655713616e-01 1.360274869567573838e-03
9.770000000000000000e+02 2.244242302462450545e-01 1.483759711340729886e-03
9.780000000000000000e+02 2.283162448622845786e-01 1.443981426113088388e-03
9.790000000000000000e+02 2.260251034274426418e-01 1.467834383920403607e-03
9.800000000000000000e+02 2.289631608006721664e-01 1.442995636007875140e-03
9.810000000000000000e+02 2.268346939415892827e-01 1.543564495067338777e-03
9.820000000000000000e+02 2.225073731164372848e-01 1.383019224649899249e-03
9.830000000000000000e+02 2.200590194035910163e-01 1.630426860802812851e-03
9.840000000000000000e+02 2.294071301710048916e-01 1.450013741746297626e-03
9.850000000000000000e+02 2.250960374317349522e-01 1.528308095997122935e-03
9.860000000000000000e+02 2.193225038390817783e-01 1.382775803652472628e-03
9.870000000000000000e+02 2.245159713552906944e-01 1.509466551442214914e-03
9.880000000000000000e+02 2.260481490486704603e-01 1.464094364251104959e-03
9.890000000000000000e+02 2.204442123099879802e-01 1.440425453944397865e-03
9.900000000000000000e+02 2.241398425858891763e-01 1.511983155510372538e-03
9.910000000000000000e+02 2.243022260751531272e-01 1.423332784459682135e-03
9.920000000000000000e+02 2.213357341106052534e-01 1.399328663474986353e-03
9.930000000000000000e+02 2.209880201883586970e-01 1.419718193670518793e-03
9.940000000000000000e+02 2.261611938899734942e-01 1.454352611757579175e-03
9.950000000000000000e+02 2.240908840624696030e-01 1.414667321641602769e-03
9.960000000000000000e+02 2.142365560222122267e-01 1.387347069318215810e-03
9.970000000000000000e+02 2.278201663001603039e-01 1.476168047700611181e-03
9.980000000000000000e+02 2.244008991734235958e-01 1.445944396697163188e-03
9.990000000000000000e+02 2.156189564661291913e-01 1.377506848173118241e-03
1.000000000000000000e+03 2.272122699088269526e-01 1.492636491763135731e-03
1.001000000000000000e+03 2.240457256427235977e-01 1.445036518558422568e-03
1.002000000000000000e+03 2.144972428031288181e-01 1.394982877286370408e-03
1.003000000000000000e+03 2.247611266690399401e-01 1.435003676707178157e-03
1.004000000000000000e+03 2.254611448201918611e-01 1.443667621292713931e-03
1.005000000000000000e+03 2.229467049468761841e-01 1.363251501011399905e-03
1.006000000000000000e+03 2.210528107147761157e-01 1.395048675764577837e-03
1.007000000000000000e+03 2.234318655558359679e-01 1.446429618604931980e-03
1.008000000000000000e+03 2.222103755007384107e-01 1.441361847254617103e-03
1.009000000000000000e+03 2.172887443789841277e-01 1.383664653015615051e-03
1.010000000000000000e+03 2.257778097922623073e-01 1.453059506190538955e-03
1.011000000000000000e+03 2.185004373732137850e-01 1.422849054933628512e-03
1.012000000000000000e+03 2.223411162580195555e-01 1.508062266753901854e-03
1.013000000000000000e+03 2.256675811607788129e-01 1.667746116811365384e-03
1.014000000000000000e+03 2.171052852696956359e-01 1.507577564447724200e-03
1.015000000000000000e+03 2.213604834475704497e-01 1.431710090919594870e-03
1.016000000000000000e+03 2.234253126418572766e-01 1.516865461606340011e-03
1.017000000000000000e+03 2.199749358026177881e-01 1.432156465533334071e-03
1.018000000000000000e+03 2.240485414099669947e-01 1.436391316264447977e-03
1.019000000000000000e+03 2.135276041365272992e-01 1.389458132291600300e-03
1.020000000000000000e+03 2.233609117321516402e-01 1.468962043347049129e-03
1.021000000000000000e+03 2.242018477244151209e-01 1.478101392057830105e-03
1.022000000000000000e+03 2.171059038572905886e-01 1.421428838200667700e-03
1.023000000000000000e+03 2.222713170443411657e-01 1.501861374315887048e-03
1.024000000000000000e+03 2.181529697012330182e-01 1.519104451508389341e-03
1.025000000000000000e+03 2.230675182368385967e-01 1.537402665185841951e-03
1.026000000000000000e+03 2.082156860288155997e-01 1.407513134432837468e-03
1.027000000000000000e+03 2.225271301206486196e-01 1.561588872066345824e-03
1.028000000000000000e+03 2.190948153447449254e-01 1.514579459842649908e-03
1.029000000000000000e+03 2.088286001398927949e-01 1.495991573215244268e-03
1.030000000000000000e+03 2.194570894740316969e-01 1.599334915438246907e-03
1.031000000000000000e+03 2.158447540126090247e-01 1.569864185899652468e-03
1.032000000000000000e+03 2.151839742220172380e-01 1.534835138867581949e-03
1.033000000000000000e+03 2.039831323723365342e-01 1.510179676954586736e-03
1.034000000000000000e+03 2.126186698037254297e-01 1.583338461149009710e-03
1.035000000000000000e+03 2.185239347385627418e-01 1.605954492490438337e-03
1.036000000000000000e+03 2.000142645616355963e-01 1.560531763280236959e-03
1.037000000000000000e+03 2.123777737864778747e-01 1.722098425225368186e-03
1.038000000000000000e+03 2.100601806512012171e-01 1.683505637460026459e-03
1.039000000000000000e+03 2.052095152282874535e-01 1.728611463302680415e-03
1.040000000000000000e+03 2.006606868321660353e-01 1.799271915602664073e-03
1.041000000000000000e+03 2.061210893812108758e-01 1.910591037805860768e-03
1.042000000000000000e+03 2.026058123294247337e-01 1.677520353401125907e-03
1.043000000000000000e+03 1.889378742948568946e-01 1.749457959343093515e-03
1.044000000000000000e+03 2.006318422237875210e-01 1.776076006251544985e-03
1.045000000000000000e+03 1.942231798509515550e-01 1.891582120900800164e-03
1.046000000000000000e+03 1.983395485238299283e-01 2.100677448147267139e-03
1.047000000000000000e+03 1.886947917876005687e-01 1.773382473317574367e-03
1.048000000000000000e+03 1.978197320906557033e-01 1.884769687549078549e-03
1.049000000000000000e+03 2.000513955085438389e-01 1.850985700078125332e-03
1.050000000000000000e+03 1.787527036505566214e-01 2.159384716655131375e-03
1.051000000000000000e+03 1.968484733687499710e-01 1.984577996305957395e-03
1.052000000000000000e+03 1.919978265330918310e-01 1.954971811547961003e-03
1.053000000000000000e+03 1.952827292632726974e-01 1.908053585933425092e-03
1.054000000000000000e+03 1.822038276849764216e-01 2.041950890486044987e-03
1.055000000000000000e+03 1.988154407744605334e-01 2.170612129998115286e-03
1.056000000000000000e+03 1.933586580073571592e-01 2.502362214802882675e-03
1.057000000000000000e+03 1.938037454283596528e-01 2.261291626712538111e-03
1.058000000000000000e+03 1.850166641685116187e-01 2.147429285757946563e-03
1.059000000000000000e+03 1.904397134379067491e-01 2.042894675499329609e-03
1.060000000000000000e+03 1.958722550181201116e-01 2.224843470758324036e-03
1.061000000000000000e+03 1.827724924496031689e-01 2.027938713216751680e-03
1.062000000000000000e+03 1.913674285650988349e-01 2.297376079287765435e-03
1.063000000000000000e+03 1.891752942315462482e-01 2.228393076612356170e-03
1.064000000000000000e+03 1.920622182957834323e-01 2.227737344262678294e-03
1.065000000000000000e+03 1.905332904413113704e-01 2.572164695472509924e-03
1.066000000000000000e+03 1.946455723789490833e-01 2.417259760084515888e-03
1.067000000000000000e+03 1.959249553937867094e-01 2.581029962508740120e-03
1.068000000000000000e+03 1.962564396300643943e-01 2.872401550720681419e-03
1.069000000000000000e+03 1.892620594468840400e-01 2.771729801166217255e-03
1.070000000000000000e+03 1.927294160756103936e-01 2.535700792553891546e-03
1.071000000000000000e+03 1.963290646397681805e-01 2.670202477434409274e-03
1.072000000000000000e+03 1.958994544293112261e-01 2.849529477746644713e-03
1.073000000000000000e+03 1.868851697740329942e-01 2.883252523949599629e-03
1.074000000000000000e+03 1.976598861821046715e-01 2.688730705778136307e-03
1.075000000000000000e+03 1.958055827346399658e-01 2.963139687974825597e-03
1.076000000000000000e+03 1.993168929149817525e-01 3.175183595351353544e-03
1.077000000000000000e+03 1.874857560947842949e-01 3.145973851990399497e-03
1.078000000000000000e+03 2.017623536753006264e-01 2.998567608058866005e-03
1.079000000000000000e+03 2.026668231922459651e-01 3.304236952668654793e-03
1.080000000000000000e+03 1.987774226366913477e-01 3.410871251567961122e-03
1.081000000000000000e+03 1.865463234948339655e-01 3.083626414209451796e-03
1.082000000000000000e+03 2.020967880433684749e-01 3.412416465430771761e-03
1.083000000000000000e+03 1.969470169040811180e-01 3.519033815518173361e-03
1.084000000000000000e+03 1.924592863383061681e-01 3.534224297683774205e-03
1.085000000000000000e+03 1.784222830574077601e-01 3.421693710947429790e-03
1.086000000000000000e+03 2.009111056618519131e-01 3.550615470833293381e-03
1.087000000000000000e+03 2.035589432313897607e-01 3.832974121853817244e-03
1.088000000000000000e+03 1.918885971073314989e-01 3.819729578119309809e-03
1.089000000000000000e+03 1.819415375302009807e-01 3.590564446500969960e-03
1.090000000000000000e+03 2.000965906208223011e-01 4.049166568161938380e-03
1.091000000000000000e+03 2.071503352310753721e-01 4.418077551044878419e-03
1.092000000000000000e+03 1.928467782781359829e-01 4.084892726026923167e-03
1.093000000000000000e+03 1.893399386838505172e-01 4.003984394010123501e-03
1.094000000000000000e+03 2.110497492355429272e-01 4.655870876198428369e-03
1.095000000000000000e+03 1.979010325555594640e-01 4.585263561232388700e-03
1.096000000000000000e+03 1.854810216464477524e-01 4.316348850824675704e-03
1.097000000000000000e+03 1.932675235392310453e-01 4.773881683054670769e-03
1.098000000000000000e+03 2.145972191883988300e-01 5.096378830973298350e-03
1.099000000000000000e+03 1.892353733940959626e-01 4.850335948919529648e-03
