3.500000000000000000e+02 8.943271396923738736e-01
3.510000000000000000e+02 9.108359278934731185e-01
3.520000000000000000e+02 9.276494592649099369e-01
3.530000000000000000e+02 9.447733591983688006e-01
3.540000000000000000e+02 1.090365722982053143e+00
3.550000000000000000e+02 1.110037069043221747e+00
3.560000000000000000e+02 1.130063306906013976e+00
3.570000000000000000e+02 1.150450839192319386e+00
3.580000000000000000e+02 1.171206184034066178e+00
3.590000000000000000e+02 1.192335977157151783e+00
3.600000000000000000e+02 1.213846974002955603e+00
3.610000000000000000e+02 1.235746051888135799e+00
3.620000000000000000e+02 1.258040212203384245e+00
3.630000000000000000e+02 1.280736582651858413e+00
3.640000000000000000e+02 1.303842419527984964e+00
3.650000000000000000e+02 1.323369086740920242e+00
3.660000000000000000e+02 1.343188190161432871e+00
3.670000000000000000e+02 1.363304109386642704e+00
3.680000000000000000e+02 1.383721289603603521e+00
3.690000000000000000e+02 1.404444242571588175e+00
3.700000000000000000e+02 1.425477547619101948e+00
3.710000000000000000e+02 1.446825852655799105e+00
3.720000000000000000e+02 1.468493875199589072e+00
3.730000000000000000e+02 1.490486403419092998e+00
3.740000000000000000e+02 1.512808297191736928e+00
3.750000000000000000e+02 1.525912822878602748e+00
3.760000000000000000e+02 1.539130864993027981e+00
3.770000000000000000e+02 1.552463406857843786e+00
3.780000000000000000e+02 1.565911440313803693e+00
3.790000000000000000e+02 1.579475965793365910e+00
3.800000000000000000e+02 1.593157992395115796e+00
3.810000000000000000e+02 1.606958537958842026e+00
3.820000000000000000e+02 1.620878629141249139e+00
3.830000000000000000e+02 1.634919301492335997e+00
3.840000000000000000e+02 1.649081599532431941e+00
3.850000000000000000e+02 1.655073243333021749e+00
3.860000000000000000e+02 1.661086656702469799e+00
3.870000000000000000e+02 1.667121918736620634e+00
3.880000000000000000e+02 1.673179108818700467e+00
3.890000000000000000e+02 1.679258306620356800e+00
3.900000000000000000e+02 1.685359592102715354e+00
3.910000000000000000e+02 1.691483045517421901e+00
3.920000000000000000e+02 1.697628747407705641e+00
3.930000000000000000e+02 1.703796778609432794e+00
3.940000000000000000e+02 1.709987220252171980e+00
3.950000000000000000e+02 1.712540306959114522e+00
3.960000000000000000e+02 1.715097205537663649e+00
3.970000000000000000e+02 1.717657921679112576e+00
3.980000000000000000e+02 1.720222461083252607e+00
3.990000000000000000e+02 1.722790829458385575e+00
4.000000000000000000e+02 1.725363032521332052e+00
4.010000000000000000e+02 1.727939075997451779e+00
4.020000000000000000e+02 1.730518965620653438e+00
4.030000000000000000e+02 1.733102707133403753e+00
4.040000000000000000e+02 1.735690306286743922e+00
4.050000000000000000e+02 1.737000355295702292e+00
4.060000000000000000e+02 1.738311393091889423e+00
4.070000000000000000e+02 1.739623420421611000e+00
4.080000000000000000e+02 1.740936438031739808e+00
4.090000000000000000e+02 1.742250446669710628e+00
4.100000000000000000e+02 1.743565447083523789e+00
4.110000000000000000e+02 1.744881440021741614e+00
4.120000000000000000e+02 1.746198426233493084e+00
4.130000000000000000e+02 1.747516406468472727e+00
4.140000000000000000e+02 1.748835381476941286e+00
4.150000000000000000e+02 1.747683591828806504e+00
4.160000000000000000e+02 1.746532560753724317e+00
4.170000000000000000e+02 1.745382287752095030e+00
4.180000000000000000e+02 1.744232772324648906e+00
4.190000000000000000e+02 1.743084013972444835e+00
4.200000000000000000e+02 1.741936012196870109e+00
4.210000000000000000e+02 1.740788766499640872e+00
4.220000000000000000e+02 1.739642276382799890e+00
4.230000000000000000e+02 1.738496541348721225e+00
4.240000000000000000e+02 1.737351560900102010e+00
4.250000000000000000e+02 1.733447969525864440e+00
4.260000000000000000e+02 1.729553148987629019e+00
4.270000000000000000e+02 1.725667079578525165e+00
4.280000000000000000e+02 1.721789741635963544e+00
4.290000000000000000e+02 1.717921115541530597e+00
4.300000000000000000e+02 1.714061181720898386e+00
4.310000000000000000e+02 1.710209920643713799e+00
4.320000000000000000e+02 1.706367312823508842e+00
4.330000000000000000e+02 1.702533338817599384e+00
4.340000000000000000e+02 1.698707979226983911e+00
4.350000000000000000e+02 1.692505136925661402e+00
4.360000000000000000e+02 1.686324944339937293e+00
4.370000000000000000e+02 1.680167318764241191e+00
4.380000000000000000e+02 1.674032177795001575e+00
4.390000000000000000e+02 1.667919439329543341e+00
4.400000000000000000e+02 1.661829021564990461e+00
4.410000000000000000e+02 1.655760842997170856e+00
4.420000000000000000e+02 1.649714822419525717e+00
4.430000000000000000e+02 1.643690878922022591e+00
4.440000000000000000e+02 1.637688931890069366e+00
4.450000000000000000e+02 1.630483163872447072e+00
4.460000000000000000e+02 1.623309100955659723e+00
4.470000000000000000e+02 1.616166603638490518e+00
4.480000000000000000e+02 1.609055533033519891e+00
4.490000000000000000e+02 1.601975750864429893e+00
4.500000000000000000e+02 1.594927119463310783e+00
4.510000000000000000e+02 1.587909501767986065e+00
4.520000000000000000e+02 1.580922761319350611e+00
4.530000000000000000e+02 1.573966762258710572e+00
4.540000000000000000e+02 1.567041369325148370e+00
4.550000000000000000e+02 1.560308235583135694e+00
4.560000000000000000e+02 1.553604032213272479e+00
4.570000000000000000e+02 1.546928634909927824e+00
4.580000000000000000e+02 1.540281919901578922e+00
4.590000000000000000e+02 1.533663763948511782e+00
4.600000000000000000e+02 1.527074044340540837e+00
4.610000000000000000e+02 1.520512638894729873e+00
4.620000000000000000e+02 1.513979425953128954e+00
4.630000000000000000e+02 1.507474284380518448e+00
4.640000000000000000e+02 1.500997093562161044e+00
4.650000000000000000e+02 1.495511673077405401e+00
4.660000000000000000e+02 1.490046299159043297e+00
4.670000000000000000e+02 1.484600898546544201e+00
4.680000000000000000e+02 1.479175398247108308e+00
4.690000000000000000e+02 1.473769725534686881e+00
4.700000000000000000e+02 1.468383807949012798e+00
4.710000000000000000e+02 1.463017573294626006e+00
4.720000000000000000e+02 1.457670949639903846e+00
4.730000000000000000e+02 1.452343865316100491e+00
4.740000000000000000e+02 1.447036248916385048e+00
4.750000000000000000e+02 1.443054763317571654e+00
4.760000000000000000e+02 1.439084232681073106e+00
4.770000000000000000e+02 1.435124626864570097e+00
4.780000000000000000e+02 1.431175915808684973e+00
4.790000000000000000e+02 1.427238069536742815e+00
4.800000000000000000e+02 1.423311058154551167e+00
4.810000000000000000e+02 1.419394851850170225e+00
4.820000000000000000e+02 1.415489420893687234e+00
4.830000000000000000e+02 1.411594735636991116e+00
4.840000000000000000e+02 1.407710766513544431e+00
4.850000000000000000e+02 1.405479641485759545e+00
4.860000000000000000e+02 1.403252052638139569e+00
4.870000000000000000e+02 1.401027994366081275e+00
4.880000000000000000e+02 1.398807461073863223e+00
4.890000000000000000e+02 1.396590447174635541e+00
4.900000000000000000e+02 1.394376947090400609e+00
4.910000000000000000e+02 1.392166955252003069e+00
4.920000000000000000e+02 1.389960466099114278e+00
4.930000000000000000e+02 1.387757474080217435e+00
4.940000000000000000e+02 1.385557973652595365e+00
4.950000000000000000e+02 1.385087535453647600e+00
4.960000000000000000e+02 1.384617256982480615e+00
4.970000000000000000e+02 1.384147138184860681e+00
4.980000000000000000e+02 1.383677179006574498e+00
4.990000000000000000e+02 1.383207379393426306e+00
5.000000000000000000e+02 1.382737739291239221e+00
5.010000000000000000e+02 1.382268258645854120e+00
5.020000000000000000e+02 1.381798937403131200e+00
5.030000000000000000e+02 1.381329775508947977e+00
5.040000000000000000e+02 1.380860772909201284e+00
5.050000000000000000e+02 1.381348888638282979e+00
5.060000000000000000e+02 1.381837176909716414e+00
5.070000000000000000e+02 1.382325637784492578e+00
5.080000000000000000e+02 1.382814271323625110e+00
5.090000000000000000e+02 1.383303077588147856e+00
5.100000000000000000e+02 1.383792056639116419e+00
5.110000000000000000e+02 1.384281208537610386e+00
5.120000000000000000e+02 1.384770533344727550e+00
5.130000000000000000e+02 1.385260031121589241e+00
5.140000000000000000e+02 1.385749701929337663e+00
5.150000000000000000e+02 1.386330141532646332e+00
5.160000000000000000e+02 1.386910824260765285e+00
5.170000000000000000e+02 1.387491750215530173e+00
5.180000000000000000e+02 1.388072919498819724e+00
5.190000000000000000e+02 1.388654332212555298e+00
5.200000000000000000e+02 1.389235988458702442e+00
5.210000000000000000e+02 1.389817888339265783e+00
5.220000000000000000e+02 1.390400031956295246e+00
5.230000000000000000e+02 1.390982419411883830e+00
5.240000000000000000e+02 1.391565050808166060e+00
5.250000000000000000e+02 1.391459873499674149e+00
5.260000000000000000e+02 1.391354704140695953e+00
5.270000000000000000e+02 1.391249542730631950e+00
5.280000000000000000e+02 1.391144389268879955e+00
5.290000000000000000e+02 1.391039243754840005e+00
5.300000000000000000e+02 1.390934106187911246e+00
5.310000000000000000e+02 1.390828976567493047e+00
5.320000000000000000e+02 1.390723854892985001e+00
5.330000000000000000e+02 1.390618741163785810e+00
5.340000000000000000e+02 1.390513635379295510e+00
5.350000000000000000e+02 1.388981396540509561e+00
5.360000000000000000e+02 1.387450846110811042e+00
5.370000000000000000e+02 1.385921982229705085e+00
5.380000000000000000e+02 1.384394803038743627e+00
5.390000000000000000e+02 1.382869306681528077e+00
5.400000000000000000e+02 1.381345491303705320e+00
5.410000000000000000e+02 1.379823355052967049e+00
5.420000000000000000e+02 1.378302896079043327e+00
5.430000000000000000e+02 1.376784112533703919e+00
5.440000000000000000e+02 1.375267002570756736e+00
5.450000000000000000e+02 1.372002570477388828e+00
5.460000000000000000e+02 1.368745887073455680e+00
5.470000000000000000e+02 1.365496933966113158e+00
5.480000000000000000e+02 1.362255692806177088e+00
5.490000000000000000e+02 1.359022145288017791e+00
5.500000000000000000e+02 1.355796273149456166e+00
5.510000000000000000e+02 1.352578058171663766e+00
5.520000000000000000e+02 1.349367482179054445e+00
5.530000000000000000e+02 1.346164527039189096e+00
5.540000000000000000e+02 1.342969174662664411e+00
5.550000000000000000e+02 1.338344992770450048e+00
5.560000000000000000e+02 1.333736733103835004e+00
5.570000000000000000e+02 1.329144340838577243e+00
5.580000000000000000e+02 1.324567761339208616e+00
5.590000000000000000e+02 1.320006940158383824e+00
5.600000000000000000e+02 1.315461823036234712e+00
5.610000000000000000e+02 1.310932355899722346e+00
5.620000000000000000e+02 1.306418484861995299e+00
5.630000000000000000e+02 1.301920156221749059e+00
5.640000000000000000e+02 1.297437316462584533e+00
5.650000000000000000e+02 1.292306954765951144e+00
5.660000000000000000e+02 1.287196879684173290e+00
5.670000000000000000e+02 1.282107010999369523e+00
5.680000000000000000e+02 1.277037268810860438e+00
5.690000000000000000e+02 1.271987573533909677e+00
5.700000000000000000e+02 1.266957845898477819e+00
5.710000000000000000e+02 1.261948006947977818e+00
5.720000000000000000e+02 1.256957978038032886e+00
5.730000000000000000e+02 1.251987680835247030e+00
5.740000000000000000e+02 1.247037037315969377e+00
5.750000000000000000e+02 1.242192235580030113e+00
5.760000000000000000e+02 1.237366256142995002e+00
5.770000000000000000e+02 1.232559025879283565e+00
5.780000000000000000e+02 1.227770471947413844e+00
5.790000000000000000e+02 1.223000521788893957e+00
5.800000000000000000e+02 1.218249103127126753e+00
5.810000000000000000e+02 1.213516143966314909e+00
5.820000000000000000e+02 1.208801572590366025e+00
5.830000000000000000e+02 1.204105317561809274e+00
5.840000000000000000e+02 1.199427307720711822e+00
5.850000000000000000e+02 1.194947451004021666e+00
5.860000000000000000e+02 1.190484326536191961e+00
5.870000000000000000e+02 1.186037871822331669e+00
5.880000000000000000e+02 1.181608024600969697e+00
5.890000000000000000e+02 1.177194722843181163e+00
5.900000000000000000e+02 1.172797904751718079e+00
5.910000000000000000e+02 1.168417508760146273e+00
5.920000000000000000e+02 1.164053473531980298e+00
5.930000000000000000e+02 1.159705737959827454e+00
5.940000000000000000e+02 1.155374241164530913e+00
5.950000000000000000e+02 1.151042274381433694e+00
5.960000000000000000e+02 1.146726549899351077e+00
5.970000000000000000e+02 1.142427006819306978e+00
5.980000000000000000e+02 1.138143584470660219e+00
5.990000000000000000e+02 1.133876222410248769e+00
6.000000000000000000e+02 1.129624860421535315e+00
6.010000000000000000e+02 1.125389438513760165e+00
6.020000000000000000e+02 1.121169896921093034e+00
6.030000000000000000e+02 1.116966176101788166e+00
6.040000000000000000e+02 1.071770724361467586e+00
6.050000000000000000e+02 1.067793192817020564e+00
6.060000000000000000e+02 1.063830422598691650e+00
6.070000000000000000e+02 1.059882358924579382e+00
6.080000000000000000e+02 1.055948947216083456e+00
6.090000000000000000e+02 1.052030133097159315e+00
6.100000000000000000e+02 1.048125862393556762e+00
6.110000000000000000e+02 1.044236081132079219e+00
6.120000000000000000e+02 1.040360735539832993e+00
6.130000000000000000e+02 1.036499772043484757e+00
6.140000000000000000e+02 1.032653137268522370e+00
6.150000000000000000e+02 1.028877538598880426e+00
6.160000000000000000e+02 1.025115744317953492e+00
6.170000000000000000e+02 1.021367703953971029e+00
6.180000000000000000e+02 1.017633367219698215e+00
6.190000000000000000e+02 1.013912684011762266e+00
6.200000000000000000e+02 1.010205604409977198e+00
6.210000000000000000e+02 1.006512078676676580e+00
6.220000000000000000e+02 1.002832057256045184e+00
6.230000000000000000e+02 9.991654907734555113e-01
6.240000000000000000e+02 9.955123300348028836e-01
6.250000000000000000e+02 9.920335155542567840e-01
6.260000000000000000e+02 9.885668577791820733e-01
6.270000000000000000e+02 9.851123142280139300e-01
6.280000000000000000e+02 9.816698425676368966e-01
6.290000000000000000e+02 9.782394006128694031e-01
6.300000000000000000e+02 9.748209463259454033e-01
6.310000000000000000e+02 9.714144378160008975e-01
6.320000000000000000e+02 9.680198333385580112e-01
6.330000000000000000e+02 9.646370912950146259e-01
6.340000000000000000e+02 9.612661702321367851e-01
6.350000000000000000e+02 9.582410934541557568e-01
6.360000000000000000e+02 9.552255365051206537e-01
6.370000000000000000e+02 9.522194694264067838e-01
6.380000000000000000e+02 9.492228623536664855e-01
6.390000000000000000e+02 9.462356855165354741e-01
6.400000000000000000e+02 9.432579092383356345e-01
6.410000000000000000e+02 9.402895039357803686e-01
6.420000000000000000e+02 9.373304401186809409e-01
6.430000000000000000e+02 9.343806883896531579e-01
6.440000000000000000e+02 9.314402194438262672e-01
6.450000000000000000e+02 9.289267309624440472e-01
6.460000000000000000e+02 9.264200251217659110e-01
6.470000000000000000e+02 9.239200836188575794e-01
6.480000000000000000e+02 9.214268882001754868e-01
6.490000000000000000e+02 9.189404206614321113e-01
6.500000000000000000e+02 9.164606628474649686e-01
6.510000000000000000e+02 9.139875966521030515e-01
6.520000000000000000e+02 9.115212040180343811e-01
6.530000000000000000e+02 9.090614669366753331e-01
6.540000000000000000e+02 9.066083674480381882e-01
6.550000000000000000e+02 9.044839499530515914e-01
6.560000000000000000e+02 9.023645105167895641e-01
6.570000000000000000e+02 9.002500374743747091e-01
6.580000000000000000e+02 8.981405191882634309e-01
6.590000000000000000e+02 8.960359440481835414e-01
6.600000000000000000e+02 8.939363004710669802e-01
6.610000000000000000e+02 8.918415769009878646e-01
6.620000000000000000e+02 8.897517618091002056e-01
6.630000000000000000e+02 8.876668436935715167e-01
6.640000000000000000e+02 8.855868110795220849e-01
6.650000000000000000e+02 8.836374107161262259e-01
6.660000000000000000e+02 8.816923014755531085e-01
6.670000000000000000e+02 8.797514739119577376e-01
6.680000000000000000e+02 8.778149186002861537e-01
6.690000000000000000e+02 8.758826261362330223e-01
6.700000000000000000e+02 8.739545871361932283e-01
6.710000000000000000e+02 8.720307922372175780e-01
6.720000000000000000e+02 8.701112320969671687e-01
6.730000000000000000e+02 8.681958973936678703e-01
6.740000000000000000e+02 8.662847788260652493e-01
6.750000000000000000e+02 8.643881954414062152e-01
6.760000000000000000e+02 8.624957643039328214e-01
6.770000000000000000e+02 8.606074763230049385e-01
6.780000000000000000e+02 8.587233224278854049e-01
6.790000000000000000e+02 8.568432935676958406e-01
6.800000000000000000e+02 8.549673807113724600e-01
6.810000000000000000e+02 8.530955748476236611e-01
6.820000000000000000e+02 8.512278669848871715e-01
6.830000000000000000e+02 8.493642481512859721e-01
6.840000000000000000e+02 8.475047093945845544e-01
6.850000000000000000e+02 8.456599514151349473e-01
6.860000000000000000e+02 8.438192089083603742e-01
6.870000000000000000e+02 8.419824731338078072e-01
6.880000000000000000e+02 8.401497353700498882e-01
6.890000000000000000e+02 8.383209869146416304e-01
6.900000000000000000e+02 8.364962190840817824e-01
6.910000000000000000e+02 8.346754232137707508e-01
6.920000000000000000e+02 8.328585906579677456e-01
6.930000000000000000e+02 8.310457127897528107e-01
6.940000000000000000e+02 8.292367810009825257e-01
6.950000000000000000e+02 8.274796805527691035e-01
6.960000000000000000e+02 8.257263032896046129e-01
6.970000000000000000e+02 8.239766413222945340e-01
6.980000000000000000e+02 8.222306867783618634e-01
6.990000000000000000e+02 8.204884318020100320e-01
7.000000000000000000e+02 8.187498685540883780e-01
7.010000000000000000e+02 8.170149892120573965e-01
7.020000000000000000e+02 8.152837859699519907e-01
7.030000000000000000e+02 8.135562510383492763e-01
7.040000000000000000e+02 8.118323766443303890e-01
7.050000000000000000e+02 8.101780090091791342e-01
7.060000000000000000e+02 8.085270126762224008e-01
7.070000000000000000e+02 8.068793807753540381e-01
7.080000000000000000e+02 8.052351064504704725e-01
7.090000000000000000e+02 8.035941828594391767e-01
7.100000000000000000e+02 8.019566031740693601e-01
7.110000000000000000e+02 8.003223605800862117e-01
7.120000000000000000e+02 7.986914482771004797e-01
7.130000000000000000e+02 7.970638594785813824e-01
7.140000000000000000e+02 7.954395874118274090e-01
7.150000000000000000e+02 7.938762052201617792e-01
7.160000000000000000e+02 7.923158957494371712e-01
7.170000000000000000e+02 7.907586529604297976e-01
7.180000000000000000e+02 7.892044708257860419e-01
7.190000000000000000e+02 7.876533433299993670e-01
7.200000000000000000e+02 7.861052644693850011e-01
7.210000000000000000e+02 7.845602282520590665e-01
7.220000000000000000e+02 7.830182286979140427e-01
7.230000000000000000e+02 7.814792598385962297e-01
7.240000000000000000e+02 7.799433157174807674e-01
7.250000000000000000e+02 7.784160388650306350e-01
7.260000000000000000e+02 7.768917527101568687e-01
7.270000000000000000e+02 7.753704513965068434e-01
7.280000000000000000e+02 7.738521290791955387e-01
7.290000000000000000e+02 7.723367799247833343e-01
7.300000000000000000e+02 7.708243981112540277e-01
7.310000000000000000e+02 7.693149778279916307e-01
7.320000000000000000e+02 7.678085132757580533e-01
7.330000000000000000e+02 7.663049986666720104e-01
7.340000000000000000e+02 7.648044282241857061e-01
7.350000000000000000e+02 7.632595781615323371e-01
7.360000000000000000e+02 7.617178485851469061e-01
7.370000000000000000e+02 7.601792331918714174e-01
7.380000000000000000e+02 7.586437256912791360e-01
7.390000000000000000e+02 7.571113198056502736e-01
7.400000000000000000e+02 7.555820092699448987e-01
7.410000000000000000e+02 7.540557878317781793e-01
7.420000000000000000e+02 7.525326492513947363e-01
7.430000000000000000e+02 7.510125873016437748e-01
7.440000000000000000e+02 7.494955957679515501e-01
7.450000000000000000e+02 7.479209563631374902e-01
7.460000000000000000e+02 7.463496251688978012e-01
7.470000000000000000e+02 7.447815952349061686e-01
7.480000000000000000e+02 7.432168596254388193e-01
7.490000000000000000e+02 7.416554114193433245e-01
7.500000000000000000e+02 7.400972437100087342e-01
7.510000000000000000e+02 7.385423496053330483e-01
7.520000000000000000e+02 7.369907222276954606e-01
7.530000000000000000e+02 7.354423547139239403e-01
7.540000000000000000e+02 7.338972402152653673e-01
7.550000000000000000e+02 7.323423037432230664e-01
7.560000000000000000e+02 7.307906617752331080e-01
7.570000000000000000e+02 7.292423073311028459e-01
7.580000000000000000e+02 7.276972334454275826e-01
7.590000000000000000e+02 7.261554331675622587e-01
7.600000000000000000e+02 7.246168995615863695e-01
7.610000000000000000e+02 7.230816257062760988e-01
7.620000000000000000e+02 7.215496046950723441e-01
7.630000000000000000e+02 7.200208296360474103e-01
7.640000000000000000e+02 7.184952936518780309e-01
7.650000000000000000e+02 7.170522642054574236e-01
7.660000000000000000e+02 7.156121329464038006e-01
7.670000000000000000e+02 7.141748940539841550e-01
7.680000000000000000e+02 7.127405417191537973e-01
7.690000000000000000e+02 7.113090701445373698e-01
7.700000000000000000e+02 7.098804735444017577e-01
7.710000000000000000e+02 7.084547461446344396e-01
7.720000000000000000e+02 7.070318821827195066e-01
7.730000000000000000e+02 7.056118759077140146e-01
7.740000000000000000e+02 7.041947215802255577e-01
7.750000000000000000e+02 7.029165654250857376e-01
7.760000000000000000e+02 7.016407292009352314e-01
7.770000000000000000e+02 7.003672086969580102e-01
7.780000000000000000e+02 6.990959997099817080e-01
7.790000000000000000e+02 6.978270980444623017e-01
7.800000000000000000e+02 6.965604995124720089e-01
7.810000000000000000e+02 6.952961999336834120e-01
7.820000000000000000e+02 6.940341951353568017e-01
7.830000000000000000e+02 6.927744809523267433e-01
7.840000000000000000e+02 6.915170532269868664e-01
7.850000000000000000e+02 6.904088367567382534e-01
7.860000000000000000e+02 6.893023963001676524e-01
7.870000000000000000e+02 6.881977290110575796e-01
7.880000000000000000e+02 6.870948320477527904e-01
7.890000000000000000e+02 6.859937025731508431e-01
7.900000000000000000e+02 6.848943377546974354e-01
7.910000000000000000e+02 6.837967347643769678e-01
7.920000000000000000e+02 6.827008907787056602e-01
7.930000000000000000e+02 6.816068029787253346e-01
7.940000000000000000e+02 6.805144685499942003e-01
7.950000000000000000e+02 6.794799222724883236e-01
7.960000000000000000e+02 6.784469487550771616e-01
7.970000000000000000e+02 6.774155456067866288e-01
7.980000000000000000e+02 6.763857104402757336e-01
7.990000000000000000e+02 6.753574408718342470e-01
8.000000000000000000e+02 6.743307345213744863e-01
8.010000000000000000e+02 6.733055890124283183e-01
8.020000000000000000e+02 6.722820019721397200e-01
8.030000000000000000e+02 6.712599710312595613e-01
8.040000000000000000e+02 6.702394938241418298e-01
8.050000000000000000e+02 6.691231436856130976e-01
8.060000000000000000e+02 6.680086529386053407e-01
8.070000000000000000e+02 6.668960184861184581e-01
8.080000000000000000e+02 6.657852372363097793e-01
8.090000000000000000e+02 6.646763061024871799e-01
8.100000000000000000e+02 6.635692220031000899e-01
8.110000000000000000e+02 6.624639818617291676e-01
8.120000000000000000e+02 6.613605826070808602e-01
8.130000000000000000e+02 6.602590211729757463e-01
8.140000000000000000e+02 6.591592944983423186e-01
8.150000000000000000e+02 6.578486420864793072e-01
8.160000000000000000e+02 6.565405957362455691e-01
8.170000000000000000e+02 6.552351502658261273e-01
8.180000000000000000e+02 6.539323005037108727e-01
8.190000000000000000e+02 6.526320412886713607e-01
8.200000000000000000e+02 6.513343674697423813e-01
8.210000000000000000e+02 6.500392739062009761e-01
8.220000000000000000e+02 6.487467554675445669e-01
8.230000000000000000e+02 6.474568070334733028e-01
8.240000000000000000e+02 6.461694234938671899e-01
8.250000000000000000e+02 6.446266390335742003e-01
8.260000000000000000e+02 6.430875381024059312e-01
8.270000000000000000e+02 6.415521119056238897e-01
8.280000000000000000e+02 6.400203516694857875e-01
8.290000000000000000e+02 6.384922486411997999e-01
8.300000000000000000e+02 6.369677940888706091e-01
8.310000000000000000e+02 6.354469793014516643e-01
8.320000000000000000e+02 6.339297955886949998e-01
8.330000000000000000e+02 6.324162342811010529e-01
8.340000000000000000e+02 6.309062867298682598e-01
8.350000000000000000e+02 6.291989766709826792e-01
8.360000000000000000e+02 6.274962868032379903e-01
8.370000000000000000e+02 6.257982046238290685e-01
8.380000000000000000e+02 6.241047176637850580e-01
8.390000000000000000e+02 6.224158134878758908e-01
8.400000000000000000e+02 6.207314796945235802e-01
8.410000000000000000e+02 6.190517039157106272e-01
8.420000000000000000e+02 6.173764738168887600e-01
8.430000000000000000e+02 6.157057770968883403e-01
8.440000000000000000e+02 6.140396014878286568e-01
8.450000000000000000e+02 6.123351015484377324e-01
8.460000000000000000e+02 6.106353330954786829e-01
8.470000000000000000e+02 6.089402829949158713e-01
8.480000000000000000e+02 6.072499381491719417e-01
8.490000000000000000e+02 6.055642854970260114e-01
8.500000000000000000e+02 6.038833120135140842e-01
8.510000000000000000e+02 6.022070047098281309e-01
8.520000000000000000e+02 6.005353506332150593e-01
8.530000000000000000e+02 5.988683368668777929e-01
8.540000000000000000e+02 5.972059505298733528e-01
8.550000000000000000e+02 5.956602654663734064e-01
8.560000000000000000e+02 5.941185809362122816e-01
8.570000000000000000e+02 5.925808865852332241e-01
8.580000000000000000e+02 5.910471720860761558e-01
8.590000000000000000e+02 5.895174271381113940e-01
8.600000000000000000e+02 5.879916414673693748e-01
8.610000000000000000e+02 5.864698048264710417e-01
8.620000000000000000e+02 5.849519069945593452e-01
8.630000000000000000e+02 5.834379377772310749e-01
8.640000000000000000e+02 5.819278870064683584e-01
8.650000000000000000e+02 5.806878920420962542e-01
8.660000000000000000e+02 5.794505393080517930e-01
8.670000000000000000e+02 5.782158231741664212e-01
8.680000000000000000e+02 5.769837380222682111e-01
8.690000000000000000e+02 5.757542782461559927e-01
8.700000000000000000e+02 5.745274382515758171e-01
8.710000000000000000e+02 5.733032124561935339e-01
8.720000000000000000e+02 5.720815952895701439e-01
8.730000000000000000e+02 5.708625811931359317e-01
8.740000000000000000e+02 5.696461646201660400e-01
8.750000000000000000e+02 5.687892167575817615e-01
8.760000000000000000e+02 5.679335580455000532e-01
8.770000000000000000e+02 5.670791865445856672e-01
8.780000000000000000e+02 5.662261003184205777e-01
8.790000000000000000e+02 5.653742974335004279e-01
8.800000000000000000e+02 5.645237759592295346e-01
8.810000000000000000e+02 5.636745339679160027e-01
8.820000000000000000e+02 5.628265695347685060e-01
8.830000000000000000e+02 5.619798807378910688e-01
8.840000000000000000e+02 5.611344656582778478e-01
8.850000000000000000e+02 5.606060406092362447e-01
8.860000000000000000e+02 5.600781131825107728e-01
8.870000000000000000e+02 5.595506829094859524e-01
8.880000000000000000e+02 5.590237493219883946e-01
8.890000000000000000e+02 5.584973119522853580e-01
8.900000000000000000e+02 5.579713703330839714e-01
8.910000000000000000e+02 5.574459239975315672e-01
8.920000000000000000e+02 5.569209724792159033e-01
8.930000000000000000e+02 5.563965153121637197e-01
8.940000000000000000e+02 5.558725520308394064e-01
8.950000000000000000e+02 5.555593543468499984e-01
8.960000000000000000e+02 5.552463331291906945e-01
8.970000000000000000e+02 5.549334882784343614e-01
8.980000000000000000e+02 5.546208196952097103e-01
8.990000000000000000e+02 5.543083272802019623e-01
9.000000000000000000e+02 5.539960109341511840e-01
9.010000000000000000e+02 5.536838705578541742e-01
9.020000000000000000e+02 5.533719060521643529e-01
9.030000000000000000e+02 5.530601173179896524e-01
9.040000000000000000e+02 5.527485042562939599e-01
9.050000000000000000e+02 5.525577535301978704e-01
9.060000000000000000e+02 5.523670686312170952e-01
9.070000000000000000e+02 5.521764495366348058e-01
9.080000000000000000e+02 5.519858962237426114e-01
9.090000000000000000e+02 5.517954086698393379e-01
9.100000000000000000e+02 5.516049868522319155e-01
9.110000000000000000e+02 5.514146307482351572e-01
9.120000000000000000e+02 5.512243403351716475e-01
9.130000000000000000e+02 5.510341155903716315e-01
9.140000000000000000e+02 5.508439564911732367e-01
9.150000000000000000e+02 5.507102589596072351e-01
9.160000000000000000e+02 5.505765938783014901e-01
9.170000000000000000e+02 5.504429612393801907e-01
9.180000000000000000e+02 5.503093610349695242e-01
9.190000000000000000e+02 5.501757932571964549e-01
9.200000000000000000e+02 5.500422578981912780e-01
9.210000000000000000e+02 5.499087549500850658e-01
9.220000000000000000e+02 5.497752844050112220e-01
9.230000000000000000e+02 5.496418462551050377e-01
9.240000000000000000e+02 5.495084404925040245e-01
9.250000000000000000e+02 5.493704748772256785e-01
9.260000000000000000e+02 5.492325439011072064e-01
9.270000000000000000e+02 5.490946475554523420e-01
9.280000000000000000e+02 5.489567858315663740e-01
9.290000000000000000e+02 5.488189587207565889e-01
9.300000000000000000e+02 5.486811662143328272e-01
9.310000000000000000e+02 5.485434083036068165e-01
9.320000000000000000e+02 5.484056849798927269e-01
9.330000000000000000e+02 5.482679962345065050e-01
9.340000000000000000e+02 5.481303420587665398e-01
9.350000000000000000e+02 5.480086396440654317e-01
9.360000000000000000e+02 5.478869642511812188e-01
9.370000000000000000e+02 5.477653158741143669e-01
9.380000000000000000e+02 5.476436945068665629e-01
9.390000000000000000e+02 5.475221001434401602e-01
9.400000000000000000e+02 5.474005327778400654e-01
9.410000000000000000e+02 5.472789924040716292e-01
9.420000000000000000e+02 5.471574790161416457e-01
9.430000000000000000e+02 5.470359926080586854e-01
9.440000000000000000e+02 5.469145331738325400e-01
9.450000000000000000e+02 5.469616153237716327e-01
9.460000000000000000e+02 5.470087015268645381e-01
9.470000000000000000e+02 5.470557917834600881e-01
9.480000000000000000e+02 5.471028860939080030e-01
9.490000000000000000e+02 5.471499844585566708e-01
9.500000000000000000e+02 5.471970868777555896e-01
9.510000000000000000e+02 5.472441933518532586e-01
9.520000000000000000e+02 5.472913038811985098e-01
9.530000000000000000e+02 5.473384184661409524e-01
9.540000000000000000e+02 5.473855371070300846e-01
9.550000000000000000e+02 5.476631028511422805e-01
9.560000000000000000e+02 5.479408093420176096e-01
9.570000000000000000e+02 5.482186566510244274e-01
9.580000000000000000e+02 5.484966448495683933e-01
9.590000000000000000e+02 5.487747740090921367e-01
9.600000000000000000e+02 5.490530442010722600e-01
9.610000000000000000e+02 5.493314554970227803e-01
9.620000000000000000e+02 5.496100079684950179e-01
9.630000000000000000e+02 5.498887016870753763e-01
9.640000000000000000e+02 5.501675367243862302e-01
9.650000000000000000e+02 5.505096783757514878e-01
9.660000000000000000e+02 5.508520328003212452e-01
9.670000000000000000e+02 5.511946001304159903e-01
9.680000000000000000e+02 5.515373804984382566e-01
9.690000000000000000e+02 5.518803740368734001e-01
9.700000000000000000e+02 5.522235808782901545e-01
9.710000000000000000e+02 5.525670011553381888e-01
9.720000000000000000e+02 5.529106350007499948e-01
9.730000000000000000e+02 5.532544825473411088e-01
9.740000000000000000e+02 5.535985439280088904e-01
9.750000000000000000e+02 5.538238677030601353e-01
9.760000000000000000e+02 5.540492831886190128e-01
9.770000000000000000e+02 5.542747904220136634e-01
9.780000000000000000e+02 5.545003894405863276e-01
9.790000000000000000e+02 5.547260802816960101e-01
9.800000000000000000e+02 5.549518629827155936e-01
9.810000000000000000e+02 5.551777375810330595e-01
9.820000000000000000e+02 5.554037041140523767e-01
9.830000000000000000e+02 5.556297626191928352e-01
9.840000000000000000e+02 5.558559131338887127e-01
9.850000000000000000e+02 5.559633182730040479e-01
9.860000000000000000e+02 5.560707441654544336e-01
9.870000000000000000e+02 5.561781908152497733e-01
9.880000000000000000e+02 5.562856582264006367e-01
9.890000000000000000e+02 5.563931464029191476e-01
9.900000000000000000e+02 5.565006553488172081e-01
9.910000000000000000e+02 5.566081850681081633e-01
9.920000000000000000e+02 5.567157355648061356e-01
9.930000000000000000e+02 5.568233068429258026e-01
9.940000000000000000e+02 5.569308989064821747e-01
9.950000000000000000e+02 5.570192592726338487e-01
9.960000000000000000e+02 5.571076336576780141e-01
9.970000000000000000e+02 5.571960220638385586e-01
9.980000000000000000e+02 5.572844244933400359e-01
9.990000000000000000e+02 5.573728409484074442e-01
1.000000000000000000e+03 5.574612714312663364e-01
1.001000000000000000e+03 5.575497159441421546e-01
1.002000000000000000e+03 5.576381744892600079e-01
1.003000000000000000e+03 5.577266470688470035e-01
1.004000000000000000e+03 5.578151336851302489e-01
1.005000000000000000e+03 5.578200423515845552e-01
1.006000000000000000e+03 5.578249510612339757e-01
1.007000000000000000e+03 5.578298598140792874e-01
1.008000000000000000e+03 5.578347686101206016e-01
1.009000000000000000e+03 5.578396774493586951e-01
1.010000000000000000e+03 5.578445863317933462e-01
1.011000000000000000e+03 5.578494952574252208e-01
1.012000000000000000e+03 5.578544042262546521e-01
1.013000000000000000e+03 5.578593132382820841e-01
1.014000000000000000e+03 5.578642222935079609e-01
1.015000000000000000e+03 5.578691313919325045e-01
1.016000000000000000e+03 5.578740405335561592e-01
1.017000000000000000e+03 5.578789497183800350e-01
1.018000000000000000e+03 5.578838589464031328e-01
1.019000000000000000e+03 5.578887682176264518e-01
1.020000000000000000e+03 5.578936775320505470e-01
1.021000000000000000e+03 5.578985868896755296e-01
1.022000000000000000e+03 5.579034962905020656e-01
1.023000000000000000e+03 5.579084057345301551e-01
1.024000000000000000e+03 5.579133152217606861e-01
1.025000000000000000e+03 5.579182247521935478e-01
1.026000000000000000e+03 5.579231343258299614e-01
1.027000000000000000e+03 5.579280439426692606e-01
1.028000000000000000e+03 5.579329536027120007e-01
1.029000000000000000e+03 5.579378633059589587e-01
1.030000000000000000e+03 5.579427730524103568e-01
1.031000000000000000e+03 5.579476828420666390e-01
1.032000000000000000e+03 5.579525926749280273e-01
1.033000000000000000e+03 5.579575025509950770e-01
1.034000000000000000e+03 5.579624124702681209e-01
1.035000000000000000e+03 5.579673224327477143e-01
1.036000000000000000e+03 5.579722324384337462e-01
1.037000000000000000e+03 5.579771424873268826e-01
1.038000000000000000e+03 5.579820525794277897e-01
1.039000000000000000e+03 5.579869627147362454e-01
1.040000000000000000e+03 5.579918728932530270e-01
1.041000000000000000e+03 5.579967831149784674e-01
1.042000000000000000e+03 5.580016933799128998e-01
1.043000000000000000e+03 5.580066036880572122e-01
1.044000000000000000e+03 5.580115140394108497e-01
1.045000000000000000e+03 5.580164244339745894e-01
1.046000000000000000e+03 5.580213348717488753e-01
1.047000000000000000e+03 5.580262453527341515e-01
1.048000000000000000e+03 5.580311558769306401e-01
1.049000000000000000e+03 5.580360664443387853e-01
1.050000000000000000e+03 5.580409770549590309e-01
1.051000000000000000e+03 5.580458877087915992e-01
1.052000000000000000e+03 5.580507984058373783e-01
1.053000000000000000e+03 5.580557091460960351e-01
1.054000000000000000e+03 5.580606199295683467e-01
1.055000000000000000e+03 5.580655307562545353e-01
1.056000000000000000e+03 5.580704416261549339e-01
1.057000000000000000e+03 5.580753525392703196e-01
1.058000000000000000e+03 5.580802634956006925e-01
1.059000000000000000e+03 5.580851744951463855e-01
1.060000000000000000e+03 5.580900855379080649e-01
1.061000000000000000e+03 5.580949966238865079e-01
1.062000000000000000e+03 5.580999077530811592e-01
1.063000000000000000e+03 5.581048189254926850e-01
1.064000000000000000e+03 5.581097301411216405e-01
1.065000000000000000e+03 5.581146413999682476e-01
1.066000000000000000e+03 5.581195527020330616e-01
1.067000000000000000e+03 5.581244640473163043e-01
1.068000000000000000e+03 5.581293754358186421e-01
1.069000000000000000e+03 5.581342868675406299e-01
1.070000000000000000e+03 5.581391983424818237e-01
1.071000000000000000e+03 5.581441098606430007e-01
1.072000000000000000e+03 5.581490214220246049e-01
1.073000000000000000e+03 5.581539330266269694e-01
1.074000000000000000e+03 5.581588446744506493e-01
1.075000000000000000e+03 5.581637563654957557e-01
1.076000000000000000e+03 5.581686680997628436e-01
1.077000000000000000e+03 5.581735798772523571e-01
1.078000000000000000e+03 5.581784916979646294e-01
1.079000000000000000e+03 5.581834035618998824e-01
1.080000000000000000e+03 5.581883154690585602e-01
1.081000000000000000e+03 5.581932274194409960e-01
1.082000000000000000e+03 5.581981394130478558e-01
1.083000000000000000e+03 5.582030514498791396e-01
1.084000000000000000e+03 5.582079635299356246e-01
1.085000000000000000e+03 5.582128756532170888e-01
1.086000000000000000e+03 5.582177878197246423e-01
1.087000000000000000e+03 5.582227000294587294e-01
1.088000000000000000e+03 5.582276122824189057e-01
1.089000000000000000e+03 5.582325245786057266e-01
1.090000000000000000e+03 5.582374369180199691e-01
1.091000000000000000e+03 5.582423493006618553e-01
1.092000000000000000e+03 5.582472617265318293e-01
1.093000000000000000e+03 5.582521741956300021e-01
1.094000000000000000e+03 5.582570867079572619e-01
1.095000000000000000e+03 5.582619992635136086e-01
1.096000000000000000e+03 5.582669118622994864e-01
1.097000000000000000e+03 5.582718245043151173e-01
1.098000000000000000e+03 5.582767371895612785e-01
1.099000000000000000e+03 5.582816499180379699e-01
