#x_star y_star grooves_per_mm grooves_per_mm_err 
400.0 400.0 151.2171447520402
800.0 400.0 154.29473235239777
1200.0 400.0 155.5971218306961
1600.0 400.0 155.11301789836284
2000.0 400.0 152.85992053492436
2400.0 400.0 148.88350887628098
2800.0 400.0 143.25641589933716
3200.0 400.0 136.0764347680691
3600.0 400.0 127.46421414732546
400.0 800.0 152.95671543985412
800.0 800.0 154.99766344265322
1200.0 800.0 155.862906200491
1600.0 800.0 155.54962839931878
2000.0 800.0 154.06939729003167
2400.0 800.0 151.44783795212376
2800.0 800.0 147.7240535946953
3200.0 800.0 142.9498077631943
3600.0 800.0 137.1884915901289
400.0 1200.0 154.30438257236946
800.0 1200.0 155.54089935233142
1200.0 1200.0 156.06616173882122
1600.0 1200.0 155.88103415143496
2000.0 1200.0 154.9929104911153
2400.0 1200.0 153.4155569905344
2800.0 1200.0 151.16885514722256
3200.0 1200.0 148.27845132621417
3600.0 1200.0 144.77532192753304
400.0 1600.0 155.2388501393798
800.0 1600.0 155.91688974017598
1200.0 1600.0 156.20561756617167
1600.0 1600.0 156.10655003025533
2000.0 1600.0 155.6239579621124
2400.0 1600.0 154.76479944064596
2800.0 1600.0 153.53861445384945
3200.0 1600.0 151.9573838341981
3600.0 1600.0 150.03535577048137
400.0 2000.0 155.74363059988764
800.0 2000.0 156.11949293938287
1200.0 2000.0 156.28021758947048
1600.0 2000.0 156.2262440156658
2000.0 2000.0 155.9592890323838
2400.0 2000.0 155.48232522695574
2800.0 2000.0 154.79954241165626
3200.0 2000.0 153.91629297058455
3600.0 2000.0 152.83902234685326
400.0 2400.0 155.80746898973766
800.0 2400.0 156.1441040590763
1200.0 2400.0 156.28913613408733
1600.0 2400.0 156.24093169867123
2000.0 2400.0 155.9989759346811
2400.0 2400.0 155.5638783748135
2800.0 2400.0 154.93736334294888
3200.0 2400.0 154.12224545118517
3600.0 2400.0 153.12239078003591
400.0 2800.0 155.42463978897345
800.0 2800.0 155.9877533182169
1200.0 2800.0 156.23179150168625
1600.0 2800.0 156.1521573020098
2000.0 2800.0 155.74640767010703
2400.0 2800.0 155.01428966447554
2800.0 2800.0 153.95774553605378
3200.0 2800.0 152.58088680189374
3600.0 2800.0 150.8899380954141
400.0 3200.0 154.5951038372099
800.0 3200.0 155.64917125428212
1200.0 3200.0 156.107857091173
1600.0 3200.0 155.96216178085442
2000.0 3200.0 155.2082064722008
2400.0 3200.0 153.84731967478143
2800.0 3200.0 151.88604336997093
3200.0 3200.0 149.33605856207788
3600.0 3200.0 146.2140323000764
400.0 3600.0 153.32451850740878
800.0 3600.0 155.12881859058317
1200.0 3600.0 155.91726976532786
1600.0 3600.0 155.67383897892248
2000.0 3600.0 154.39407005667346
2400.0 3600.0 152.0852499142732
2800.0 3600.0 148.76636694776718
3200.0 3600.0 144.4678621932742
3600.0 3600.0 139.23117945077692
