3.000000000000000000e+02 7.961299851462676214e-02
3.010000000000000000e+02 1.332288155026307430e-01
3.020000000000000000e+02 2.140794239934083465e-01
3.030000000000000000e+02 3.358020697199494697e-01
3.040000000000000000e+02 5.203650267662797146e-01
3.050000000000000000e+02 8.039346299497034387e-01
3.060000000000000000e+02 1.246857969960517787e+00
3.070000000000000000e+02 1.948756173976117223e+00
3.080000000000000000e+02 3.061564326085904231e+00
3.090000000000000000e+02 4.754068346658284483e+00
3.100000000000000000e+02 6.980099788528115745e+00
3.110000000000000000e+02 8.989994104067182690e+00
3.120000000000000000e+02 9.568274014305636399e+00
3.130000000000000000e+02 8.602215291399884833e+00
3.140000000000000000e+02 7.064599362725426879e+00
3.150000000000000000e+02 5.654047497876379502e+00
3.160000000000000000e+02 4.554202335271595459e+00
3.170000000000000000e+02 3.734874132958712512e+00
3.180000000000000000e+02 3.125853968470231337e+00
3.190000000000000000e+02 2.666882617112256604e+00
3.200000000000000000e+02 2.314416691882152044e+00
3.210000000000000000e+02 2.038406572548078888e+00
3.220000000000000000e+02 1.818230229845627210e+00
3.230000000000000000e+02 1.639595893845350316e+00
3.240000000000000000e+02 1.492441797633357714e+00
3.250000000000000000e+02 1.369558229931185922e+00
3.260000000000000000e+02 1.265686753132716502e+00
3.270000000000000000e+02 1.176926314575905907e+00
3.280000000000000000e+02 1.100336288900929382e+00
3.290000000000000000e+02 1.033666940003522106e+00
3.300000000000000000e+02 9.751734048420805934e-01
3.310000000000000000e+02 9.234852495649015225e-01
3.320000000000000000e+02 8.775135804346393398e-01
3.330000000000000000e+02 8.363839278155630330e-01
3.340000000000000000e+02 7.993870835692526988e-01
3.350000000000000000e+02 7.659426242203544177e-01
3.360000000000000000e+02 7.355715196817254053e-01
3.370000000000000000e+02 7.078753324939935920e-01
3.380000000000000000e+02 6.825202553748643819e-01
3.390000000000000000e+02 6.592247409811804459e-01
3.400000000000000000e+02 6.377498271070528579e-01
3.410000000000000000e+02 6.178915046436176395e-01
3.420000000000000000e+02 5.994746482197726989e-01
3.430000000000000000e+02 5.823481528430023424e-01
3.440000000000000000e+02 5.663810090244997264e-01
3.450000000000000000e+02 5.514591139482380999e-01
3.460000000000000000e+02 5.374826641907224367e-01
3.470000000000000000e+02 5.243640111435605711e-01
3.480000000000000000e+02 5.120258870188540978e-01
3.490000000000000000e+02 5.003999295189858199e-01
3.500000000000000000e+02 4.894254486430644757e-01
3.510000000000000000e+02 4.790483909090546000e-01
3.520000000000000000e+02 4.692204653945375448e-01
3.530000000000000000e+02 4.598984030952154023e-01
3.540000000000000000e+02 4.510433266541649666e-01
3.550000000000000000e+02 4.426202118881453762e-01
3.560000000000000000e+02 4.345974260009224932e-01
3.570000000000000000e+02 4.269463301312558245e-01
3.580000000000000000e+02 4.196409360911090292e-01
3.590000000000000000e+02 4.126576089255324931e-01
3.600000000000000000e+02 4.059748083617220060e-01
3.610000000000000000e+02 3.995728633805583629e-01
3.620000000000000000e+02 3.934337750951352741e-01
3.630000000000000000e+02 3.875410439001367724e-01
3.640000000000000000e+02 3.818795174965109451e-01
3.650000000000000000e+02 3.764352569253868741e-01
3.660000000000000000e+02 3.711954181837090472e-01
3.670000000000000000e+02 3.661481473589716096e-01
3.680000000000000000e+02 3.612824875251964829e-01
3.690000000000000000e+02 3.565882958973327632e-01
3.700000000000000000e+02 3.520561699557953061e-01
3.710000000000000000e+02 3.476773814336127644e-01
3.720000000000000000e+02 3.434438172114515075e-01
3.730000000000000000e+02 3.393479262955031439e-01
3.740000000000000000e+02 3.353826721633714203e-01
3.750000000000000000e+02 3.315414898571716340e-01
3.760000000000000000e+02 3.278182472833725547e-01
3.770000000000000000e+02 3.242072102478924522e-01
3.780000000000000000e+02 3.207030108140977442e-01
3.790000000000000000e+02 3.173006186224021641e-01
3.800000000000000000e+02 3.139953148542299344e-01
3.810000000000000000e+02 3.107826685611519424e-01
3.820000000000000000e+02 3.076585151131501772e-01
3.830000000000000000e+02 3.046189365486084988e-01
3.840000000000000000e+02 3.016602436337605386e-01
3.850000000000000000e+02 2.987789594610280042e-01
3.860000000000000000e+02 2.959718044349548549e-01
3.870000000000000000e+02 2.932356825109964649e-01
3.880000000000000000e+02 2.905676685672203274e-01
3.890000000000000000e+02 2.879649968019114548e-01
3.900000000000000000e+02 2.854250500613068620e-01
3.910000000000000000e+02 2.829453500119029075e-01
3.920000000000000000e+02 2.805235480805149395e-01
3.930000000000000000e+02 2.781574170931823686e-01
3.940000000000000000e+02 2.758448435509671670e-01
3.950000000000000000e+02 2.735838204868805135e-01
3.960000000000000000e+02 2.713724408536276611e-01
3.970000000000000000e+02 2.692088913968753716e-01
3.980000000000000000e+02 2.670914469729461227e-01
3.990000000000000000e+02 2.650184652738983848e-01
4.000000000000000000e+02 2.629883819263793554e-01
4.010000000000000000e+02 2.609997059337193503e-01
4.020000000000000000e+02 2.590510154336600479e-01
4.030000000000000000e+02 2.571409537464698358e-01
4.040000000000000000e+02 2.552682256906250169e-01
4.050000000000000000e+02 2.534315941451266152e-01
4.060000000000000000e+02 2.516298768394835683e-01
4.070000000000000000e+02 2.498619433539414070e-01
4.080000000000000000e+02 2.481267123141129294e-01
4.090000000000000000e+02 2.464231487654904296e-01
4.100000000000000000e+02 2.447502617145134174e-01
4.110000000000000000e+02 2.431071018240412718e-01
4.120000000000000000e+02 2.414927592520367816e-01
4.130000000000000000e+02 2.399063616231849327e-01
4.140000000000000000e+02 2.383470721240262269e-01
4.150000000000000000e+02 2.368140877129318866e-01
4.160000000000000000e+02 2.353066374369191249e-01
4.170000000000000000e+02 2.338239808479604664e-01
4.180000000000000000e+02 2.323654065119738765e-01
4.190000000000000000e+02 2.309302306042842479e-01
4.200000000000000000e+02 2.295177955857041763e-01
4.210000000000000000e+02 2.281274689539329326e-01
4.220000000000000000e+02 2.267586420653266988e-01
4.230000000000000000e+02 2.254107290224274251e-01
4.240000000000000000e+02 2.240831656230506952e-01
4.250000000000000000e+02 2.227754083669700180e-01
4.260000000000000000e+02 2.214869335165711162e-01
4.270000000000000000e+02 2.202172362080710710e-01
4.280000000000000000e+02 2.189658296101751611e-01
4.290000000000000000e+02 2.177322441272342146e-01
4.300000000000000000e+02 2.165160266441842063e-01
4.310000000000000000e+02 2.153167398107430908e-01
4.320000000000000000e+02 2.141339613625038996e-01
4.330000000000000000e+02 2.129672834767183942e-01
4.340000000000000000e+02 2.118163121607318511e-01
4.350000000000000000e+02 2.106806666711602549e-01
4.360000000000000000e+02 2.095599789620027076e-01
4.370000000000000000e+02 2.084538931600571632e-01
4.380000000000000000e+02 2.073620650660302211e-01
4.390000000000000000e+02 2.062841616799475086e-01
4.400000000000000000e+02 2.052198607494348237e-01
4.410000000000000000e+02 2.041688503396373866e-01
4.420000000000000000e+02 2.031308284235689432e-01
4.430000000000000000e+02 2.021055024917489673e-01
4.440000000000000000e+02 2.010925891801146337e-01
4.450000000000000000e+02 2.000918139151833253e-01
4.460000000000000000e+02 1.991029105755633688e-01
4.470000000000000000e+02 1.981256211689262081e-01
4.480000000000000000e+02 1.971596955236434578e-01
4.490000000000000000e+02 1.962048909942987196e-01
4.500000000000000000e+02 1.952609721803653386e-01
4.510000000000000000e+02 1.943277106573545743e-01
4.520000000000000000e+02 1.934048847198230336e-01
4.530000000000000000e+02 1.924922791356010188e-01
4.540000000000000000e+02 1.915896849107006916e-01
4.550000000000000000e+02 1.906968990643508333e-01
4.560000000000000000e+02 1.898137244136666735e-01
4.570000000000000000e+02 1.889399693674656822e-01
4.580000000000000000e+02 1.880754477287910620e-01
4.590000000000000000e+02 1.872199785057147292e-01
4.600000000000000000e+02 1.863733857300050589e-01
4.610000000000000000e+02 1.855354982833024580e-01
4.620000000000000000e+02 1.847061497304345323e-01
4.630000000000000000e+02 1.838851781595266521e-01
4.640000000000000000e+02 1.830724260285875316e-01
4.650000000000000000e+02 1.822677400182809437e-01
4.660000000000000000e+02 1.814709708905761498e-01
4.670000000000000000e+02 1.806819733530212746e-01
4.680000000000000000e+02 1.799006059283672354e-01
4.690000000000000000e+02 1.791267308293136296e-01
4.700000000000000000e+02 1.783602138381267521e-01
4.710000000000000000e+02 1.776009241909256298e-01
4.720000000000000000e+02 1.768487344664192995e-01
4.730000000000000000e+02 1.761035204788990172e-01
4.740000000000000000e+02 1.753651611752923556e-01
4.750000000000000000e+02 1.746335385361159898e-01
4.760000000000000000e+02 1.739085374801370154e-01
4.770000000000000000e+02 1.731900457725939479e-01
4.780000000000000000e+02 1.724779539368175296e-01
4.790000000000000000e+02 1.717721551691251125e-01
4.800000000000000000e+02 1.710725452568100935e-01
4.810000000000000000e+02 1.703790224991346414e-01
4.820000000000000000e+02 1.696914876311798881e-01
4.830000000000000000e+02 1.690098437504338191e-01
4.840000000000000000e+02 1.683339962460135286e-01
4.850000000000000000e+02 1.676638527303926374e-01
4.860000000000000000e+02 1.669993229735621254e-01
4.870000000000000000e+02 1.663403188394913523e-01
4.880000000000000000e+02 1.656867542248213754e-01
4.890000000000000000e+02 1.650385449996839560e-01
4.900000000000000000e+02 1.643956089505726470e-01
4.910000000000000000e+02 1.637578657251728687e-01
4.920000000000000000e+02 1.631252367790876068e-01
4.930000000000000000e+02 1.624976453243637819e-01
4.940000000000000000e+02 1.618750162797696068e-01
4.950000000000000000e+02 1.612572762227393597e-01
4.960000000000000000e+02 1.606443533429307291e-01
4.970000000000000000e+02 1.600361773973174306e-01
4.980000000000000000e+02 1.594326796667862034e-01
4.990000000000000000e+02 1.588337929141440674e-01
5.000000000000000000e+02 1.582394513435155803e-01
5.010000000000000000e+02 1.576495905610547088e-01
5.020000000000000000e+02 1.570641475369312923e-01
5.030000000000000000e+02 1.564830605685475218e-01
5.040000000000000000e+02 1.559062692449307008e-01
5.050000000000000000e+02 1.553337144122596547e-01
5.060000000000000000e+02 1.547653381404952011e-01
5.070000000000000000e+02 1.542010836910570060e-01
5.080000000000000000e+02 1.536408954855126019e-01
5.090000000000000000e+02 1.530847190752566700e-01
5.100000000000000000e+02 1.525325011121264895e-01
5.110000000000000000e+02 1.519841893199313232e-01
5.120000000000000000e+02 1.514397324668538269e-01
5.130000000000000000e+02 1.508990803386966173e-01
5.140000000000000000e+02 1.503621837129602012e-01
5.150000000000000000e+02 1.498289943336809926e-01
5.160000000000000000e+02 1.492994648870618890e-01
5.170000000000000000e+02 1.487735489778009845e-01
5.180000000000000000e+02 1.482512011061621615e-01
5.190000000000000000e+02 1.477323766457019349e-01
5.200000000000000000e+02 1.472170318216717566e-01
5.210000000000000000e+02 1.467051236415289894e-01
5.220000000000000000e+02 1.461966100694034876e-01
5.230000000000000000e+02 1.456914497601094205e-01
5.240000000000000000e+02 1.451896020471993842e-01
5.250000000000000000e+02 1.446910271597220132e-01
5.260000000000000000e+02 1.441956860136566487e-01
5.270000000000000000e+02 1.437035402421477648e-01
5.280000000000000000e+02 1.432145521784317366e-01
5.290000000000000000e+02 1.427286848392624319e-01
5.300000000000000000e+02 1.422459019087904397e-01
5.310000000000000000e+02 1.417661677229094530e-01
5.320000000000000000e+02 1.412894472540359159e-01
5.330000000000000000e+02 1.408157060963131368e-01
5.340000000000000000e+02 1.403449104512287382e-01
5.350000000000000000e+02 1.398770271136304533e-01
5.360000000000000000e+02 1.394120234581230355e-01
5.370000000000000000e+02 1.389498674258441147e-01
5.380000000000000000e+02 1.384905275116004308e-01
5.390000000000000000e+02 1.380339727513476555e-01
5.400000000000000000e+02 1.375801727100182115e-01
5.410000000000000000e+02 1.371290974696694198e-01
5.420000000000000000e+02 1.366807176179598571e-01
5.430000000000000000e+02 1.362350042369165071e-01
5.440000000000000000e+02 1.357919288920213519e-01
5.450000000000000000e+02 1.353514636215761568e-01
5.460000000000000000e+02 1.349135809263443952e-01
5.470000000000000000e+02 1.344782537594772232e-01
5.480000000000000000e+02 1.340454555166927519e-01
5.490000000000000000e+02 1.336151600267161399e-01
5.500000000000000000e+02 1.331873415419657092e-01
5.510000000000000000e+02 1.327619747294848385e-01
5.520000000000000000e+02 1.323390346621011182e-01
5.530000000000000000e+02 1.319184968098135180e-01
5.540000000000000000e+02 1.315003370313998776e-01
5.550000000000000000e+02 1.310845315662466370e-01
5.560000000000000000e+02 1.306710570263680538e-01
5.570000000000000000e+02 1.302598903886419413e-01
5.580000000000000000e+02 1.298510089872303985e-01
5.590000000000000000e+02 1.294443905062016287e-01
5.600000000000000000e+02 1.290400129723235645e-01
5.610000000000000000e+02 1.286378547480406531e-01
5.620000000000000000e+02 1.282378945246333557e-01
5.630000000000000000e+02 1.278401113154921109e-01
5.640000000000000000e+02 1.274444844497578389e-01
5.650000000000000000e+02 1.270509935657559153e-01
5.660000000000000000e+02 1.266596186048500883e-01
5.670000000000000000e+02 1.262703398055137760e-01
5.680000000000000000e+02 1.258831376973126581e-01
5.690000000000000000e+02 1.254979930951669320e-01
5.700000000000000000e+02 1.251148870937316415e-01
5.710000000000000000e+02 1.247338010619008508e-01
5.720000000000000000e+02 1.243547166374542462e-01
5.730000000000000000e+02 1.239776157218182850e-01
5.740000000000000000e+02 1.236024804749573935e-01
5.750000000000000000e+02 1.232292933103926735e-01
5.760000000000000000e+02 1.228580368903178094e-01
5.770000000000000000e+02 1.224886941208494368e-01
5.780000000000000000e+02 1.221212481473756550e-01
5.790000000000000000e+02 1.217556823500183238e-01
5.800000000000000000e+02 1.213919803391943636e-01
5.810000000000000000e+02 1.210301259512846506e-01
5.820000000000000000e+02 1.206701032444012500e-01
5.830000000000000000e+02 1.203118964942487962e-01
5.840000000000000000e+02 1.199554901900795889e-01
5.850000000000000000e+02 1.196008690307446137e-01
5.860000000000000000e+02 1.192480179208306595e-01
5.870000000000000000e+02 1.188969219668824795e-01
5.880000000000000000e+02 1.185475664737183077e-01
5.890000000000000000e+02 1.181999369408137240e-01
5.900000000000000000e+02 1.178540190587768349e-01
5.910000000000000000e+02 1.175097987059009891e-01
5.920000000000000000e+02 1.171672619447881175e-01
5.930000000000000000e+02 1.168263950190492340e-01
5.940000000000000000e+02 1.164871843500789456e-01
5.950000000000000000e+02 1.161496165338983394e-01
5.960000000000000000e+02 1.158136783380677715e-01
5.970000000000000000e+02 1.154793566986649367e-01
5.980000000000000000e+02 1.151466387173311207e-01
5.990000000000000000e+02 1.148155116583784441e-01
6.000000000000000000e+02 1.144859629459602929e-01
6.010000000000000000e+02 1.141579801613047396e-01
6.020000000000000000e+02 1.138315510610745790e-01
6.030000000000000000e+02 1.135066634902111432e-01
6.040000000000000000e+02 1.131833054857417364e-01
6.050000000000000000e+02 1.128614652721903477e-01
6.060000000000000000e+02 1.125411311557544813e-01
6.070000000000000000e+02 1.122222916051521246e-01
6.080000000000000000e+02 1.119049352283636445e-01
6.090000000000000000e+02 1.115890507702966272e-01
6.100000000000000000e+02 1.112746271105028162e-01
6.110000000000000000e+02 1.109616532609311729e-01
6.120000000000000000e+02 1.106501183637413621e-01
6.130000000000000000e+02 1.103400116891502525e-01
6.140000000000000000e+02 1.100313226333304029e-01
6.150000000000000000e+02 1.097240407163439790e-01
6.160000000000000000e+02 1.094181555801294059e-01
6.170000000000000000e+02 1.091136569865165939e-01
6.180000000000000000e+02 1.088105348152902385e-01
6.190000000000000000e+02 1.085087790622894233e-01
6.200000000000000000e+02 1.082083798375482048e-01
6.210000000000000000e+02 1.079093273634639805e-01
6.220000000000000000e+02 1.076116119730188142e-01
6.230000000000000000e+02 1.073152241080153890e-01
6.240000000000000000e+02 1.070201543173670139e-01
6.250000000000000000e+02 1.067263932554120415e-01
6.260000000000000000e+02 1.064339316802580815e-01
6.270000000000000000e+02 1.061427604521662099e-01
6.280000000000000000e+02 1.058528705319620317e-01
6.290000000000000000e+02 1.055642529794833112e-01
6.300000000000000000e+02 1.052768989520453252e-01
6.310000000000000000e+02 1.049907997029521783e-01
6.320000000000000000e+02 1.047059465800220385e-01
6.330000000000000000e+02 1.044223310241524094e-01
6.340000000000000000e+02 1.041399445679029173e-01
6.350000000000000000e+02 1.038587788341130691e-01
6.360000000000000000e+02 1.035788255345441305e-01
6.370000000000000000e+02 1.033000764685384071e-01
6.380000000000000000e+02 1.030225235217194779e-01
6.390000000000000000e+02 1.027461586647041569e-01
6.400000000000000000e+02 1.024709739518415291e-01
6.410000000000000000e+02 1.021969615199819770e-01
6.420000000000000000e+02 1.019241135872587661e-01
6.430000000000000000e+02 1.016524224518972896e-01
6.440000000000000000e+02 1.013818804910511656e-01
6.450000000000000000e+02 1.011124801596522821e-01
6.460000000000000000e+02 1.008442139892827411e-01
6.470000000000000000e+02 1.005770745870757932e-01
6.480000000000000000e+02 1.003110546346218795e-01
6.490000000000000000e+02 1.000461468869114218e-01
6.500000000000000000e+02 9.978234417128330203e-02
6.510000000000000000e+02 9.951963938640100149e-02
6.520000000000000000e+02 9.925802550124120105e-02
6.530000000000000000e+02 9.899749555410496116e-02
6.540000000000000000e+02 9.873804265164554117e-02
6.550000000000000000e+02 9.847965996791052667e-02
6.560000000000000000e+02 9.822234074340530086e-02
6.570000000000000000e+02 9.796607828417108754e-02
6.580000000000000000e+02 9.771086596087912024e-02
6.590000000000000000e+02 9.745669720793985469e-02
6.600000000000000000e+02 9.720356552263154093e-02
6.610000000000000000e+02 9.695146446423963393e-02
6.620000000000000000e+02 9.670038765321312124e-02
6.630000000000000000e+02 9.645032877033810070e-02
6.640000000000000000e+02 9.620128155591793628e-02
6.650000000000000000e+02 9.595323980897974003e-02
6.660000000000000000e+02 9.570619738648178387e-02
6.670000000000000000e+02 9.546014820254186684e-02
6.680000000000000000e+02 9.521508622767922703e-02
6.690000000000000000e+02 9.497100548806669540e-02
6.700000000000000000e+02 9.472790006479210601e-02
6.710000000000000000e+02 9.448576409314531077e-02
6.720000000000000000e+02 9.424459176189903253e-02
6.730000000000000000e+02 9.400437731261848673e-02
6.740000000000000000e+02 9.376511503896947652e-02
6.750000000000000000e+02 9.352679928604872017e-02
6.760000000000000000e+02 9.328942444971767556e-02
6.770000000000000000e+02 9.305298497595046459e-02
6.780000000000000000e+02 9.281747536019520350e-02
6.790000000000000000e+02 9.258289014673913575e-02
6.800000000000000000e+02 9.234922392809159775e-02
6.810000000000000000e+02 9.211647134437117579e-02
6.820000000000000000e+02 9.188462708270714319e-02
6.830000000000000000e+02 9.165368587664779465e-02
6.840000000000000000e+02 9.142364250558188132e-02
6.850000000000000000e+02 9.119449179416302953e-02
6.860000000000000000e+02 9.096622861175272801e-02
6.870000000000000000e+02 9.073884787186277390e-02
6.880000000000000000e+02 9.051234453161291493e-02
6.890000000000000000e+02 9.028671359119457007e-02
6.900000000000000000e+02 9.006195009334588830e-02
6.910000000000000000e+02 8.983804912283120669e-02
6.920000000000000000e+02 8.961500580592933474e-02
6.930000000000000000e+02 8.939281530993493929e-02
6.940000000000000000e+02 8.917147284266045693e-02
6.950000000000000000e+02 8.895097365195243910e-02
6.960000000000000000e+02 8.873131302520982644e-02
6.970000000000000000e+02 8.851248628891514314e-02
6.980000000000000000e+02 8.829448880816814782e-02
6.990000000000000000e+02 8.807731598622996205e-02
7.000000000000000000e+02 8.786096326407055734e-02
7.010000000000000000e+02 8.764542611993125787e-02
7.020000000000000000e+02 8.743070006888306600e-02
7.030000000000000000e+02 8.721678066239943461e-02
7.040000000000000000e+02 8.700366348793345250e-02
7.050000000000000000e+02 8.679134416850203815e-02
7.060000000000000000e+02 8.657981836227203465e-02
7.070000000000000000e+02 8.636908176216102906e-02
7.080000000000000000e+02 8.615913009543682555e-02
7.090000000000000000e+02 8.594995912332500931e-02
7.100000000000000000e+02 8.574156464062566985e-02
7.110000000000000000e+02 8.553394247532862538e-02
7.120000000000000000e+02 8.532708848824398229e-02
7.130000000000000000e+02 8.512099857262904468e-02
7.140000000000000000e+02 8.491566865382750573e-02
7.150000000000000000e+02 8.471109468890775096e-02
7.160000000000000000e+02 8.450727266631387347e-02
7.170000000000000000e+02 8.430419860551655042e-02
7.180000000000000000e+02 8.410186855666709760e-02
7.190000000000000000e+02 8.390027860026526285e-02
7.200000000000000000e+02 8.369942484682130202e-02
7.210000000000000000e+02 8.349930343653337583e-02
7.220000000000000000e+02 8.329991053895692554e-02
7.230000000000000000e+02 8.310124235269428228e-02
7.240000000000000000e+02 8.290329510507447874e-02
7.250000000000000000e+02 8.270606505184592561e-02
7.260000000000000000e+02 8.250954847687301530e-02
7.270000000000000000e+02 8.231374169183171274e-02
7.280000000000000000e+02 8.211864103591502706e-02
7.290000000000000000e+02 8.192424287554087026e-02
7.300000000000000000e+02 8.173054360406327434e-02
7.310000000000000000e+02 8.153753964148807709e-02
7.320000000000000000e+02 8.134522743419352053e-02
7.330000000000000000e+02 8.115360345465280623e-02
7.340000000000000000e+02 8.096266420116210449e-02
7.350000000000000000e+02 8.077240619757197759e-02
7.360000000000000000e+02 8.058282599302331317e-02
7.370000000000000000e+02 8.039392016168322996e-02
7.380000000000000000e+02 8.020568530248957384e-02
7.390000000000000000e+02 8.001811803889698205e-02
7.400000000000000000e+02 7.983121501862579239e-02
7.410000000000000000e+02 7.964497291341322838e-02
7.420000000000000000e+02 7.945938841877041303e-02
7.430000000000000000e+02 7.927445825374186683e-02
7.440000000000000000e+02 7.909017916066828080e-02
7.450000000000000000e+02 7.890654790495252313e-02
7.460000000000000000e+02 7.872356127482506294e-02
7.470000000000000000e+02 7.854121608112407671e-02
7.480000000000000000e+02 7.835950915705916509e-02
7.490000000000000000e+02 7.817843735799966109e-02
7.500000000000000000e+02 7.799799756125053163e-02
7.510000000000000000e+02 7.781818666583417698e-02
7.520000000000000000e+02 7.763900159228455389e-02
7.530000000000000000e+02 7.746043928242785093e-02
7.540000000000000000e+02 7.728249669917981735e-02
7.550000000000000000e+02 7.710517082634169017e-02
7.560000000000000000e+02 7.692845866839373437e-02
7.570000000000000000e+02 7.675235725029716516e-02
7.580000000000000000e+02 7.657686361729941493e-02
7.590000000000000000e+02 7.640197483473448736e-02
7.600000000000000000e+02 7.622768798783630118e-02
7.610000000000000000e+02 7.605400018154383213e-02
7.620000000000000000e+02 7.588090854031788457e-02
7.630000000000000000e+02 7.570841020795456011e-02
7.640000000000000000e+02 7.553650234740082181e-02
7.650000000000000000e+02 7.536518214057852383e-02
7.660000000000000000e+02 7.519444678820114136e-02
7.670000000000000000e+02 7.502429350960332366e-02
7.680000000000000000e+02 7.485471954256316118e-02
7.690000000000000000e+02 7.468572214313343172e-02
7.700000000000000000e+02 7.451729858547094520e-02
7.710000000000000000e+02 7.434944616167016296e-02
7.720000000000000000e+02 7.418216218159577602e-02
7.730000000000000000e+02 7.401544397272466491e-02
7.740000000000000000e+02 7.384928887997892211e-02
7.750000000000000000e+02 7.368369426557253021e-02
7.760000000000000000e+02 7.351865750884771511e-02
7.770000000000000000e+02 7.335417600612696709e-02
7.780000000000000000e+02 7.319024717055415408e-02
7.790000000000000000e+02 7.302686843194303168e-02
7.800000000000000000e+02 7.286403723663467669e-02
7.810000000000000000e+02 7.270175104734004357e-02
7.820000000000000000e+02 7.254000734299849429e-02
7.830000000000000000e+02 7.237880361863653633e-02
7.840000000000000000e+02 7.221813738521926096e-02
7.850000000000000000e+02 7.205800616951270332e-02
7.860000000000000000e+02 7.189840751394413476e-02
7.870000000000000000e+02 7.173933897646456170e-02
7.880000000000000000e+02 7.158079813041265393e-02
7.890000000000000000e+02 7.142278256437989414e-02
7.900000000000000000e+02 7.126528988207803117e-02
7.910000000000000000e+02 7.110831770220976678e-02
7.920000000000000000e+02 7.095186365833487663e-02
7.930000000000000000e+02 7.079592539874554613e-02
7.940000000000000000e+02 7.064050058633830620e-02
7.950000000000000000e+02 7.048558689848902215e-02
7.960000000000000000e+02 7.033118202692904830e-02
7.970000000000000000e+02 7.017728367762288144e-02
7.980000000000000000e+02 7.002388957064674402e-02
7.990000000000000000e+02 6.987099744006955437e-02
8.000000000000000000e+02 6.971860503383361940e-02
8.010000000000000000e+02 6.956671011364025381e-02
8.020000000000000000e+02 6.941531045483030626e-02
8.030000000000000000e+02 6.926440384627337299e-02
8.040000000000000000e+02 6.911398809025275092e-02
8.050000000000000000e+02 6.896406100235479009e-02
8.060000000000000000e+02 6.881462041135676111e-02
8.070000000000000000e+02 6.866566415912081500e-02
8.080000000000000000e+02 6.851719010048246128e-02
8.090000000000000000e+02 6.836919610314487472e-02
8.100000000000000000e+02 6.822168004757425686e-02
8.110000000000000000e+02 6.807463982689469784e-02
8.120000000000000000e+02 6.792807334678388487e-02
8.130000000000000000e+02 6.778197852537252988e-02
8.140000000000000000e+02 6.763635329314113265e-02
8.150000000000000000e+02 6.749119559282232284e-02
8.160000000000000000e+02 6.734650337930052355e-02
8.170000000000000000e+02 6.720227461951526482e-02
8.180000000000000000e+02 6.705850729236101371e-02
8.190000000000000000e+02 6.691519938859687155e-02
8.200000000000000000e+02 6.677234891074584899e-02
8.210000000000000000e+02 6.662995387300783834e-02
8.220000000000000000e+02 6.648801230115966576e-02
8.230000000000000000e+02 6.634652223246935432e-02
8.240000000000000000e+02 6.620548171560201867e-02
8.250000000000000000e+02 6.606488881053071416e-02
8.260000000000000000e+02 6.592474158844759125e-02
8.270000000000000000e+02 6.578503813167710379e-02
8.280000000000000000e+02 6.564577653358878717e-02
8.290000000000000000e+02 6.550695489850784370e-02
8.300000000000000000e+02 6.536857134163538696e-02
8.310000000000000000e+02 6.523062398895929093e-02
8.320000000000000000e+02 6.509311097717457306e-02
8.330000000000000000e+02 6.495603045359808758e-02
8.340000000000000000e+02 6.481938057608727100e-02
8.350000000000000000e+02 6.468315951296153832e-02
8.360000000000000000e+02 6.454736544291815592e-02
8.370000000000000000e+02 6.441199655495803700e-02
8.380000000000000000e+02 6.427705104830210014e-02
8.390000000000000000e+02 6.414252713231743952e-02
8.400000000000000000e+02 6.400842302644024762e-02
8.410000000000000000e+02 6.387473696009483837e-02
8.420000000000000000e+02 6.374146717262732520e-02
8.430000000000000000e+02 6.360861191322132735e-02
8.440000000000000000e+02 6.347616944083175894e-02
8.450000000000000000e+02 6.334413802410918115e-02
8.460000000000000000e+02 6.321251594132408502e-02
8.470000000000000000e+02 6.308130148030240136e-02
8.480000000000000000e+02 6.295049293834584225e-02
8.490000000000000000e+02 6.282008862216974243e-02
8.500000000000000000e+02 6.269008684783013152e-02
8.510000000000000000e+02 6.256048594065226343e-02
8.520000000000000000e+02 6.243128423516935283e-02
8.530000000000000000e+02 6.230248007504667063e-02
8.540000000000000000e+02 6.217407181302170988e-02
8.550000000000000000e+02 6.204605781083433191e-02
8.560000000000000000e+02 6.191843643916138812e-02
8.570000000000000000e+02 6.179120607755436700e-02
8.580000000000000000e+02 6.166436511437235757e-02
8.590000000000000000e+02 6.153791194671959230e-02
8.600000000000000000e+02 6.141184498038079059e-02
8.610000000000000000e+02 6.128616262976280260e-02
8.620000000000000000e+02 6.116086331782810692e-02
8.630000000000000000e+02 6.103594547603619774e-02
8.640000000000000000e+02 6.091140754428196052e-02
8.650000000000000000e+02 6.078724797083638609e-02
8.660000000000000000e+02 6.066346521228518224e-02
8.670000000000000000e+02 6.054005773347347769e-02
8.680000000000000000e+02 6.041702400744229651e-02
8.690000000000000000e+02 6.029436251537583641e-02
8.700000000000000000e+02 6.017207174654047586e-02
8.710000000000000000e+02 6.005015019822931843e-02
8.720000000000000000e+02 5.992859637570507186e-02
8.730000000000000000e+02 5.980740879214777039e-02
8.740000000000000000e+02 5.968658596859374027e-02
8.750000000000000000e+02 5.956612643388636830e-02
8.760000000000000000e+02 5.944602872461682980e-02
8.770000000000000000e+02 5.932629138507602290e-02
8.780000000000000000e+02 5.920691296719701041e-02
8.790000000000000000e+02 5.908789203050245076e-02
8.800000000000000000e+02 5.896922714205522775e-02
8.810000000000000000e+02 5.885091687640416069e-02
8.820000000000000000e+02 5.873295981553382922e-02
8.830000000000000000e+02 5.861535454881306589e-02
8.840000000000000000e+02 5.849809967294432311e-02
8.850000000000000000e+02 5.838119379191560043e-02
8.860000000000000000e+02 5.826463551694777143e-02
8.870000000000000000e+02 5.814842346644778087e-02
8.880000000000000000e+02 5.803255626596106470e-02
8.890000000000000000e+02 5.791703254812029245e-02
8.900000000000000000e+02 5.780185095260030603e-02
8.910000000000000000e+02 5.768701012606759770e-02
8.920000000000000000e+02 5.757250872213757337e-02
8.930000000000000000e+02 5.745834540132586238e-02
8.940000000000000000e+02 5.734451883100093877e-02
8.950000000000000000e+02 5.723102768533962909e-02
8.960000000000000000e+02 5.711787064528337649e-02
8.970000000000000000e+02 5.700504639849190286e-02
8.980000000000000000e+02 5.689255363929695414e-02
8.990000000000000000e+02 5.678039106866154123e-02
9.000000000000000000e+02 5.666855739413403925e-02
9.010000000000000000e+02 5.655705132980475697e-02
9.020000000000000000e+02 5.644587159626474060e-02
9.030000000000000000e+02 5.633501692056052529e-02
9.040000000000000000e+02 5.622448603615591567e-02
9.050000000000000000e+02 5.611427768288385770e-02
9.060000000000000000e+02 5.600439060691189685e-02
9.070000000000000000e+02 5.589482356069510466e-02
9.080000000000000000e+02 5.578557530293885847e-02
9.090000000000000000e+02 5.567664459855761749e-02
9.100000000000000000e+02 5.556803021863365027e-02
9.110000000000000000e+02 5.545973094037940504e-02
9.120000000000000000e+02 5.535174554709338529e-02
9.130000000000000000e+02 5.524407282812886927e-02
9.140000000000000000e+02 5.513671157884629526e-02
9.150000000000000000e+02 5.502966060058165493e-02
9.160000000000000000e+02 5.492291870060433956e-02
9.170000000000000000e+02 5.481648469208057900e-02
9.180000000000000000e+02 5.471035739403662390e-02
9.190000000000000000e+02 5.460453563132046384e-02
9.200000000000000000e+02 5.449901823456317074e-02
9.210000000000000000e+02 5.439380404014901305e-02
9.220000000000000000e+02 5.428889189017009620e-02
9.230000000000000000e+02 5.418428063239608822e-02
9.240000000000000000e+02 5.407996912023766561e-02
9.250000000000000000e+02 5.397595621270976501e-02
9.260000000000000000e+02 5.387224077439715930e-02
9.270000000000000000e+02 5.376882167542018642e-02
9.280000000000000000e+02 5.366569779140005492e-02
9.290000000000000000e+02 5.356286800342188043e-02
9.300000000000000000e+02 5.346033119800532030e-02
9.310000000000000000e+02 5.335808626706761704e-02
9.320000000000000000e+02 5.325613210788914670e-02
9.330000000000000000e+02 5.315446762308459472e-02
9.340000000000000000e+02 5.305309172056539568e-02
9.350000000000000000e+02 5.295200331351098549e-02
9.360000000000000000e+02 5.285120132033131746e-02
9.370000000000000000e+02 5.275068466464050143e-02
9.380000000000000000e+02 5.265045227522070770e-02
9.390000000000000000e+02 5.255050308599330117e-02
9.400000000000000000e+02 5.245083603598438282e-02
9.410000000000000000e+02 5.235145006929694395e-02
9.420000000000000000e+02 5.225234413507608144e-02
9.430000000000000000e+02 5.215351718748354598e-02
9.440000000000000000e+02 5.205496818566268669e-02
9.450000000000000000e+02 5.195669609370881514e-02
9.460000000000000000e+02 5.185869988064253228e-02
9.470000000000000000e+02 5.176097852037665065e-02
9.480000000000000000e+02 5.166353099168728008e-02
9.490000000000000000e+02 5.156635627818639822e-02
9.500000000000000000e+02 5.146945336829008427e-02
9.510000000000000000e+02 5.137282125519330306e-02
9.520000000000000000e+02 5.127645893683676487e-02
9.530000000000000000e+02 5.118036541588092542e-02
9.540000000000000000e+02 5.108453969968018010e-02
9.550000000000000000e+02 5.098898080025093121e-02
9.560000000000000000e+02 5.089368773424415848e-02
9.570000000000000000e+02 5.079865952292122316e-02
9.580000000000000000e+02 5.070389519212406548e-02
9.590000000000000000e+02 5.060939377224725477e-02
9.600000000000000000e+02 5.051515429821440417e-02
9.610000000000000000e+02 5.042117580944818767e-02
9.620000000000000000e+02 5.032745734984433311e-02
9.630000000000000000e+02 5.023399796774737081e-02
9.640000000000000000e+02 5.014079671592251708e-02
9.650000000000000000e+02 5.004785265153038898e-02
9.660000000000000000e+02 4.995516483610217690e-02
9.670000000000000000e+02 4.986273233551228451e-02
9.680000000000000000e+02 4.977055421995346673e-02
9.690000000000000000e+02 4.967862956391449342e-02
9.700000000000000000e+02 4.958695744614960432e-02
9.710000000000000000e+02 4.949553694966054435e-02
9.720000000000000000e+02 4.940436716166575482e-02
9.730000000000000000e+02 4.931344717357958457e-02
9.740000000000000000e+02 4.922277608098767077e-02
9.750000000000000000e+02 4.913235298362070291e-02
9.760000000000000000e+02 4.904217698533338415e-02
9.770000000000000000e+02 4.895224719407928471e-02
9.780000000000000000e+02 4.886256272188840150e-02
9.790000000000000000e+02 4.877312268483927071e-02
9.800000000000000000e+02 4.868392620304506924e-02
9.810000000000000000e+02 4.859497240061909362e-02
9.820000000000000000e+02 4.850626040566254071e-02
9.830000000000000000e+02 4.841778935023247771e-02
9.840000000000000000e+02 4.832955837032919255e-02
9.850000000000000000e+02 4.824156660586283174e-02
9.860000000000000000e+02 4.815381320064161114e-02
9.870000000000000000e+02 4.806629730233984849e-02
9.880000000000000000e+02 4.797901806248633383e-02
9.890000000000000000e+02 4.789197463643337510e-02
9.900000000000000000e+02 4.780516618334321177e-02
9.910000000000000000e+02 4.771859186615777515e-02
9.920000000000000000e+02 4.763225085158701716e-02
9.930000000000000000e+02 4.754614231007906616e-02
9.940000000000000000e+02 4.746026541580609936e-02
9.950000000000000000e+02 4.737461934663952240e-02
9.960000000000000000e+02 4.728920328412990204e-02
9.970000000000000000e+02 4.720401641348708627e-02
9.980000000000000000e+02 4.711905792356008843e-02
9.990000000000000000e+02 4.703432700681647177e-02
1.000000000000000000e+03 4.694982285932213645e-02
1.001000000000000000e+03 4.686554468072069018e-02
1.002000000000000000e+03 4.678149167421420673e-02
1.003000000000000000e+03 4.669766304654451861e-02
1.004000000000000000e+03 4.661405800797140814e-02
1.005000000000000000e+03 4.653067577225675905e-02
1.006000000000000000e+03 4.644751555664054787e-02
1.007000000000000000e+03 4.636457658182494695e-02
1.008000000000000000e+03 4.628185807195582535e-02
1.009000000000000000e+03 4.619935925460127296e-02
1.010000000000000000e+03 4.611707936073305286e-02
1.011000000000000000e+03 4.603501762471245290e-02
1.012000000000000000e+03 4.595317328426416076e-02
1.013000000000000000e+03 4.587154558046479397e-02
1.014000000000000000e+03 4.579013375772208322e-02
1.015000000000000000e+03 4.570893706375506876e-02
1.016000000000000000e+03 4.562795474957732911e-02
1.017000000000000000e+03 4.554718606948134074e-02
1.018000000000000000e+03 4.546663028101787657e-02
1.019000000000000000e+03 4.538628664497876969e-02
1.020000000000000000e+03 4.530615442537974658e-02
1.021000000000000000e+03 4.522623288944378761e-02
1.022000000000000000e+03 4.514652130758237819e-02
1.023000000000000000e+03 4.506701895338031255e-02
1.024000000000000000e+03 4.498772510357602894e-02
1.025000000000000000e+03 4.490863903804732243e-02
1.026000000000000000e+03 4.482976003979229768e-02
1.027000000000000000e+03 4.475108739491331922e-02
1.028000000000000000e+03 4.467262039260247453e-02
1.029000000000000000e+03 4.459435832512118059e-02
1.030000000000000000e+03 4.451630048778755511e-02
1.031000000000000000e+03 4.443844617895682109e-02
1.032000000000000000e+03 4.436079470000889313e-02
1.033000000000000000e+03 4.428334535532755384e-02
1.034000000000000000e+03 4.420609745229023280e-02
1.035000000000000000e+03 4.412905030124629480e-02
1.036000000000000000e+03 4.405220321550581963e-02
1.037000000000000000e+03 4.397555551132076995e-02
1.038000000000000000e+03 4.389910650787198082e-02
1.039000000000000000e+03 4.382285552725249944e-02
1.040000000000000000e+03 4.374680189445174366e-02
1.041000000000000000e+03 4.367094493734085398e-02
1.042000000000000000e+03 4.359528398665875326e-02
1.043000000000000000e+03 4.351981837599327302e-02
1.044000000000000000e+03 4.344454744177256300e-02
1.045000000000000000e+03 4.336947052324281043e-02
1.046000000000000000e+03 4.329458696245927496e-02
1.047000000000000000e+03 4.321989610426901773e-02
1.048000000000000000e+03 4.314539729629629505e-02
1.049000000000000000e+03 4.307108988892886792e-02
1.050000000000000000e+03 4.299697323530446424e-02
1.051000000000000000e+03 4.292304669129345940e-02
1.052000000000000000e+03 4.284930961548822498e-02
1.053000000000000000e+03 4.277576136918651711e-02
1.054000000000000000e+03 4.270240131637885461e-02
1.055000000000000000e+03 4.262922882373330891e-02
1.056000000000000000e+03 4.255624326058293772e-02
1.057000000000000000e+03 4.248344399891215012e-02
1.058000000000000000e+03 4.241083041334093445e-02
1.059000000000000000e+03 4.233840188111369363e-02
1.060000000000000000e+03 4.226615778208513835e-02
1.061000000000000000e+03 4.219409749870575016e-02
1.062000000000000000e+03 4.212222041601004080e-02
1.063000000000000000e+03 4.205052592160153646e-02
1.064000000000000000e+03 4.197901340564186290e-02
1.065000000000000000e+03 4.190768226083528558e-02
1.066000000000000000e+03 4.183653188241730214e-02
1.067000000000000000e+03 4.176556166814170828e-02
1.068000000000000000e+03 4.169477101826717796e-02
1.069000000000000000e+03 4.162415933554438480e-02
1.070000000000000000e+03 4.155372602520363695e-02
1.071000000000000000e+03 4.148347049494242877e-02
1.072000000000000000e+03 4.141339215491256914e-02
1.073000000000000000e+03 4.134349041770881555e-02
1.074000000000000000e+03 4.127376469835493389e-02
1.075000000000000000e+03 4.120421441429165943e-02
1.076000000000000000e+03 4.113483898536566402e-02
1.077000000000000000e+03 4.106563783381777383e-02
1.078000000000000000e+03 4.099661038426729437e-02
1.079000000000000000e+03 4.092775606370514102e-02
1.080000000000000000e+03 4.085907430147769220e-02
1.081000000000000000e+03 4.079056452927744270e-02
1.082000000000000000e+03 4.072222618113039566e-02
1.083000000000000000e+03 4.065405869338484246e-02
1.084000000000000000e+03 4.058606150469744323e-02
1.085000000000000000e+03 4.051823405602600348e-02
1.086000000000000000e+03 4.045057579061465958e-02
1.087000000000000000e+03 4.038308615398251977e-02
1.088000000000000000e+03 4.031576459391483097e-02
1.089000000000000000e+03 4.024861056044839319e-02
1.090000000000000000e+03 4.018162350586326065e-02
1.091000000000000000e+03 4.011480288466880151e-02
1.092000000000000000e+03 4.004814815359631491e-02
1.093000000000000000e+03 3.998165877158500747e-02
1.094000000000000000e+03 3.991533419976994040e-02
1.095000000000000000e+03 3.984917390147672128e-02
1.096000000000000000e+03 3.978317734220530866e-02
1.097000000000000000e+03 3.971734398962056128e-02
1.098000000000000000e+03 3.965167331354341879e-02
1.099000000000000000e+03 3.958616478593766919e-02
