3.000000000000000000e+02 1.519544011494232405e-01
3.010000000000000000e+02 1.272278051479444061e-01
3.020000000000000000e+02 1.055417219638186549e-01
3.030000000000000000e+02 8.661960635797485986e-02
3.040000000000000000e+02 7.024835257570144487e-02
3.050000000000000000e+02 5.626854495393492084e-02
3.060000000000000000e+02 4.456723540542639056e-02
3.070000000000000000e+02 3.507270016451729394e-02
3.080000000000000000e+02 2.775078098537234195e-02
3.090000000000000000e+02 2.260252762754767081e-02
3.100000000000000000e+02 1.966294101990322118e-02
3.110000000000000000e+02 1.900067827641053683e-02
3.120000000000000000e+02 2.071862741732687432e-02
3.130000000000000000e+02 2.495529499046067815e-02
3.140000000000000000e+02 3.188697610621633177e-02
3.150000000000000000e+02 4.173069482421434828e-02
3.160000000000000000e+02 5.474791339295302650e-02
3.170000000000000000e+02 7.124901044473196110e-02
3.180000000000000000e+02 9.159851846801202180e-02
3.190000000000000000e+02 1.162210856672341586e-01
3.200000000000000000e+02 1.456080805253935351e-01
3.210000000000000000e+02 1.803246801433725510e-01
3.220000000000000000e+02 2.210171634332580015e-01
3.230000000000000000e+02 2.684199509778198989e-01
3.240000000000000000e+02 3.233616735687566690e-01
3.250000000000000000e+02 3.867691852056251434e-01
3.260000000000000000e+02 4.596679348412270327e-01
3.270000000000000000e+02 5.431764474380907926e-01
3.280000000000000000e+02 6.384918242740029726e-01
3.290000000000000000e+02 7.468621721548418524e-01
3.300000000000000000e+02 8.695407938360413258e-01
3.310000000000000000e+02 1.007716016581050811e+00
3.320000000000000000e+02 1.162410086440075707e+00
3.330000000000000000e+02 1.334341254381509412e+00
3.340000000000000000e+02 1.523745964418995902e+00
3.350000000000000000e+02 1.730164077723588489e+00
3.360000000000000000e+02 1.952200375863182513e+00
3.370000000000000000e+02 2.187290404108467534e+00
3.380000000000000000e+02 2.431516319395185199e+00
3.390000000000000000e+02 2.679533928869020087e+00
3.400000000000000000e+02 2.924677193028491828e+00
3.410000000000000000e+02 3.159291235229362282e+00
3.420000000000000000e+02 3.375303085889779453e+00
3.430000000000000000e+02 3.564975378757617275e+00
3.440000000000000000e+02 3.721721147326182422e+00
3.450000000000000000e+02 3.840816879511077975e+00
3.460000000000000000e+02 3.919860418653115630e+00
3.470000000000000000e+02 3.958883060569799550e+00
3.480000000000000000e+02 3.960117598236263081e+00
3.490000000000000000e+02 3.927508255051261443e+00
3.500000000000000000e+02 3.866093971272740681e+00
3.510000000000000000e+02 3.781395022041457832e+00
3.520000000000000000e+02 3.678897281578411338e+00
3.530000000000000000e+02 3.563680497628093580e+00
3.540000000000000000e+02 3.440195092886218831e+00
3.550000000000000000e+02 3.312165229556018886e+00
3.560000000000000000e+02 3.182584538669757990e+00
3.570000000000000000e+02 3.053770772840744385e+00
3.580000000000000000e+02 2.927451497272737235e+00
3.590000000000000000e+02 2.804860708142703274e+00
3.600000000000000000e+02 2.686833535928860428e+00
3.610000000000000000e+02 2.573891911136587662e+00
3.620000000000000000e+02 2.466318065667425508e+00
3.630000000000000000e+02 2.364215259951348180e+00
3.640000000000000000e+02 2.267556540547907673e+00
3.650000000000000000e+02 2.176223004121589977e+00
3.660000000000000000e+02 2.090033255519735178e+00
3.670000000000000000e+02 2.008765701383618651e+00
3.680000000000000000e+02 1.932175147632497980e+00
3.690000000000000000e+02 1.860004948874272257e+00
3.700000000000000000e+02 1.791995734828703446e+00
3.710000000000000000e+02 1.727891535437269921e+00
3.720000000000000000e+02 1.667443951461035301e+00
3.730000000000000000e+02 1.610414872645969275e+00
3.740000000000000000e+02 1.556578128854717580e+00
3.750000000000000000e+02 1.505720367247634028e+00
3.760000000000000000e+02 1.457641376572070158e+00
3.770000000000000000e+02 1.412154024030392474e+00
3.780000000000000000e+02 1.369083927656423727e+00
3.790000000000000000e+02 1.328268954803502488e+00
3.800000000000000000e+02 1.289558612928151993e+00
3.810000000000000000e+02 1.252813380505723329e+00
3.820000000000000000e+02 1.217904012201442843e+00
3.830000000000000000e+02 1.184710842221927685e+00
3.840000000000000000e+02 1.153123102233183817e+00
3.850000000000000000e+02 1.123038264690024768e+00
3.860000000000000000e+02 1.094361418384153462e+00
3.870000000000000000e+02 1.067004680099121305e+00
3.880000000000000000e+02 1.040886644179084497e+00
3.890000000000000000e+02 1.015931870356303834e+00
3.900000000000000000e+02 9.920704091761332055e-01
3.910000000000000000e+02 9.692373636911130186e-01
3.920000000000000000e+02 9.473724856708093389e-01
3.930000000000000000e+02 9.264198043279028294e-01
3.940000000000000000e+02 9.063272854407132817e-01
3.950000000000000000e+02 8.870465187213678604e-01
3.960000000000000000e+02 8.685324313088639281e-01
3.970000000000000000e+02 8.507430253383891916e-01
3.980000000000000000e+02 8.336391376347006554e-01
3.990000000000000000e+02 8.171842196915386491e-01
4.000000000000000000e+02 8.013441362193630679e-01
4.010000000000000000e+02 7.860869806666920256e-01
4.020000000000000000e+02 7.713829062427700611e-01
4.030000000000000000e+02 7.572039710862791262e-01
4.040000000000000000e+02 7.435239963380961825e-01
4.050000000000000000e+02 7.303184359809510307e-01
4.060000000000000000e+02 7.175642574086015246e-01
4.070000000000000000e+02 7.052398317779527970e-01
4.080000000000000000e+02 6.933248332827602889e-01
4.090000000000000000e+02 6.818001465649761172e-01
4.100000000000000000e+02 6.706477815507677631e-01
4.110000000000000000e+02 6.598507950635820185e-01
4.120000000000000000e+02 6.493932186255126915e-01
4.130000000000000000e+02 6.392599919120716123e-01
4.140000000000000000e+02 6.294369013744934849e-01
4.150000000000000000e+02 6.199105235880709719e-01
4.160000000000000000e+02 6.106681729251528523e-01
4.170000000000000000e+02 6.016978531880048386e-01
4.180000000000000000e+02 5.929882128696635224e-01
4.190000000000000000e+02 5.845285037412005780e-01
4.200000000000000000e+02 5.763085424903187093e-01
4.210000000000000000e+02 5.683186751613055199e-01
4.220000000000000000e+02 5.605497441684816895e-01
4.230000000000000000e+02 5.529930576750755611e-01
4.240000000000000000e+02 5.456403611483284788e-01
4.250000000000000000e+02 5.384838109176316445e-01
4.260000000000000000e+02 5.315159495778901677e-01
4.270000000000000000e+02 5.247296830936811762e-01
4.280000000000000000e+02 5.181182594723434676e-01
4.290000000000000000e+02 5.116752488851749048e-01
4.300000000000000000e+02 5.053945251262489391e-01
4.310000000000000000e+02 4.992702483075807107e-01
4.320000000000000000e+02 4.932968486978412948e-01
4.330000000000000000e+02 4.874690116193976519e-01
4.340000000000000000e+02 4.817816633255768699e-01
4.350000000000000000e+02 4.762299577864015365e-01
4.360000000000000000e+02 4.708092643166593705e-01
4.370000000000000000e+02 4.655151559858394239e-01
4.380000000000000000e+02 4.603433987538123606e-01
4.390000000000000000e+02 4.552899412811343693e-01
4.400000000000000000e+02 4.503509053662769768e-01
4.410000000000000000e+02 4.455225769662541913e-01
4.420000000000000000e+02 4.408013977603070233e-01
4.430000000000000000e+02 4.361839572192996450e-01
4.440000000000000000e+02 4.316669851465750329e-01
4.450000000000000000e+02 4.272473446583576195e-01
4.460000000000000000e+02 4.229220255743326717e-01
4.470000000000000000e+02 4.186881381911624622e-01
4.480000000000000000e+02 4.145429074137498282e-01
4.490000000000000000e+02 4.104836672208575510e-01
4.500000000000000000e+02 4.065078554434086167e-01
4.510000000000000000e+02 4.026130088353485625e-01
4.520000000000000000e+02 3.987967584185051484e-01
4.530000000000000000e+02 3.950568250839721074e-01
4.540000000000000000e+02 3.913910154340087821e-01
4.550000000000000000e+02 3.877972178494073496e-01
4.560000000000000000e+02 3.842733987684536778e-01
4.570000000000000000e+02 3.808175991644199287e-01
4.580000000000000000e+02 3.774279312095868977e-01
4.590000000000000000e+02 3.741025751144873568e-01
4.600000000000000000e+02 3.708397761318226182e-01
4.610000000000000000e+02 3.676378417153406963e-01
4.620000000000000000e+02 3.644951388244805912e-01
4.630000000000000000e+02 3.614100913662351977e-01
4.640000000000000000e+02 3.583811777662213038e-01
4.650000000000000000e+02 3.554069286615802459e-01
4.660000000000000000e+02 3.524859247086465364e-01
4.670000000000000000e+02 3.496167944988867182e-01
4.680000000000000000e+02 3.467982125769764057e-01
4.690000000000000000e+02 3.440288975553217332e-01
4.700000000000000000e+02 3.413076103195986089e-01
4.710000000000000000e+02 3.386331523203358618e-01
4.720000000000000000e+02 3.360043639457865883e-01
4.730000000000000000e+02 3.334201229716566295e-01
4.740000000000000000e+02 3.308793430835478833e-01
4.750000000000000000e+02 3.283809724682056896e-01
4.760000000000000000e+02 3.259239924698854041e-01
4.770000000000000000e+02 3.235074163083958010e-01
4.780000000000000000e+02 3.211302878555616913e-01
4.790000000000000000e+02 3.187916804671113713e-01
4.800000000000000000e+02 3.164906958669987946e-01
4.810000000000000000e+02 3.142264630815674864e-01
4.820000000000000000e+02 3.119981374209456204e-01
4.830000000000000000e+02 3.098048995052826715e-01
4.840000000000000000e+02 3.076459543335683389e-01
4.850000000000000000e+02 3.055205303928711924e-01
4.860000000000000000e+02 3.034278788060326137e-01
4.870000000000000000e+02 3.013672725158438870e-01
4.880000000000000000e+02 2.993380055039797094e-01
4.890000000000000000e+02 2.973393920429255877e-01
4.900000000000000000e+02 2.953707659793530227e-01
4.910000000000000000e+02 2.934314800473701856e-01
4.920000000000000000e+02 2.915209052102739062e-01
4.930000000000000000e+02 2.896384300293861624e-01
4.940000000000000000e+02 2.877834600587380609e-01
4.950000000000000000e+02 2.859554172643604120e-01
4.960000000000000000e+02 2.841537394670408667e-01
4.970000000000000000e+02 2.823778798074393914e-01
4.980000000000000000e+02 2.806273062325760348e-01
4.990000000000000000e+02 2.789015010026386632e-01
5.000000000000000000e+02 2.771999602172549038e-01
5.010000000000000000e+02 2.755221933602918227e-01
5.020000000000000000e+02 2.738677228623813131e-01
5.030000000000000000e+02 2.722360836803672246e-01
5.040000000000000000e+02 2.706268228929116226e-01
5.050000000000000000e+02 2.690394993115591271e-01
5.060000000000000000e+02 2.674736831065768761e-01
5.070000000000000000e+02 2.659289554469145833e-01
5.080000000000000000e+02 2.644049081536687940e-01
5.090000000000000000e+02 2.629011433664922293e-01
5.100000000000000000e+02 2.614172732223645212e-01
5.110000000000000000e+02 2.599529195462153552e-01
5.120000000000000000e+02 2.585077135528728864e-01
5.130000000000000000e+02 2.570812955598743010e-01
5.140000000000000000e+02 2.556733147107192461e-01
5.150000000000000000e+02 2.542834287080265043e-01
5.160000000000000000e+02 2.529113035563207434e-01
5.170000000000000000e+02 2.515566133139139904e-01
5.180000000000000000e+02 2.502190398536344174e-01
5.190000000000000000e+02 2.488982726319293182e-01
5.200000000000000000e+02 2.475940084660907536e-01
5.210000000000000000e+02 2.463059513192199512e-01
5.220000000000000000e+02 2.450338120926504326e-01
5.230000000000000000e+02 2.437773084254953870e-01
5.240000000000000000e+02 2.425361645011122891e-01
5.250000000000000000e+02 2.413101108600975986e-01
5.260000000000000000e+02 2.400988842196609130e-01
5.270000000000000000e+02 2.389022272990763696e-01
5.280000000000000000e+02 2.377198886509710729e-01
5.290000000000000000e+02 2.365516224982603388e-01
5.300000000000000000e+02 2.353971885764653271e-01
5.310000000000000000e+02 2.342563519812536632e-01
5.320000000000000000e+02 2.331288830209747587e-01
5.330000000000000000e+02 2.320145570740007324e-01
5.340000000000000000e+02 2.309131544507126987e-01
5.350000000000000000e+02 2.298244602599377739e-01
5.360000000000000000e+02 2.287482642796767607e-01
5.370000000000000000e+02 2.276843608319671364e-01
5.380000000000000000e+02 2.266325486617387641e-01
5.390000000000000000e+02 2.255926308194716734e-01
5.400000000000000000e+02 2.245644145475843012e-01
5.410000000000000000e+02 2.235477111703565445e-01
5.420000000000000000e+02 2.225423359872971130e-01
5.430000000000000000e+02 2.215481081698050247e-01
5.440000000000000000e+02 2.205648506610304593e-01
5.450000000000000000e+02 2.195923900788210870e-01
5.460000000000000000e+02 2.186305566215963059e-01
5.470000000000000000e+02 2.176791839771309856e-01
5.480000000000000000e+02 2.167381092340651683e-01
5.490000000000000000e+02 2.158071727960883812e-01
5.500000000000000000e+02 2.148862182987025804e-01
5.510000000000000000e+02 2.139750925284588934e-01
5.520000000000000000e+02 2.130736453445966627e-01
5.530000000000000000e+02 2.121817296029893107e-01
5.540000000000000000e+02 2.112992010823303290e-01
5.550000000000000000e+02 2.104259184124893378e-01
5.560000000000000000e+02 2.095617430049387386e-01
5.570000000000000000e+02 2.087065389851995578e-01
5.580000000000000000e+02 2.078601731272430586e-01
5.590000000000000000e+02 2.070225147897792883e-01
5.600000000000000000e+02 2.061934358543501267e-01
5.610000000000000000e+02 2.053728106651965257e-01
5.620000000000000000e+02 2.045605159708350496e-01
5.630000000000000000e+02 2.037564308672568936e-01
5.640000000000000000e+02 2.029604367427501888e-01
5.650000000000000000e+02 2.021724172242450324e-01
5.660000000000000000e+02 2.013922581251551547e-01
5.670000000000000000e+02 2.006198473946657068e-01
5.680000000000000000e+02 1.998550750684219834e-01
5.690000000000000000e+02 1.990978332205584067e-01
5.700000000000000000e+02 1.983480159170575297e-01
5.710000000000000000e+02 1.976055191703548763e-01
5.720000000000000000e+02 1.968702408951988336e-01
5.730000000000000000e+02 1.961420808656780257e-01
5.740000000000000000e+02 1.954209406734079835e-01
5.750000000000000000e+02 1.947067236868569029e-01
5.760000000000000000e+02 1.939993350117119320e-01
5.770000000000000000e+02 1.932986814523377783e-01
5.780000000000000000e+02 1.926046714742234711e-01
5.790000000000000000e+02 1.919172151674372051e-01
5.800000000000000000e+02 1.912362242110131616e-01
5.810000000000000000e+02 1.905616118382887636e-01
5.820000000000000000e+02 1.898932928031310807e-01
5.830000000000000000e+02 1.892311833470363136e-01
5.840000000000000000e+02 1.885752011670716044e-01
5.850000000000000000e+02 1.879252653846457122e-01
5.860000000000000000e+02 1.872812965150760511e-01
5.870000000000000000e+02 1.866432164379183967e-01
5.880000000000000000e+02 1.860109483680665587e-01
5.890000000000000000e+02 1.853844168275569360e-01
5.900000000000000000e+02 1.847635476180971847e-01
5.910000000000000000e+02 1.841482677942816726e-01
5.920000000000000000e+02 1.835385056374631840e-01
5.930000000000000000e+02 1.829341906302785481e-01
5.940000000000000000e+02 1.823352534318061768e-01
5.950000000000000000e+02 1.817416258533297857e-01
5.960000000000000000e+02 1.811532408346978318e-01
5.970000000000000000e+02 1.805700324212591579e-01
5.980000000000000000e+02 1.799919357413592436e-01
5.990000000000000000e+02 1.794188869843861001e-01
6.000000000000000000e+02 1.788508233793334734e-01
6.010000000000000000e+02 1.782876831738952061e-01
6.020000000000000000e+02 1.777294056140400202e-01
6.030000000000000000e+02 1.771759309240992508e-01
6.040000000000000000e+02 1.766272002873004454e-01
6.050000000000000000e+02 1.760831558267779151e-01
6.060000000000000000e+02 1.755437405870247658e-01
6.070000000000000000e+02 1.750088985157867705e-01
6.080000000000000000e+02 1.744785744463652200e-01
6.090000000000000000e+02 1.739527140803479033e-01
6.100000000000000000e+02 1.734312639707359660e-01
6.110000000000000000e+02 1.729141715054524908e-01
6.120000000000000000e+02 1.724013848912429314e-01
6.130000000000000000e+02 1.718928531379365077e-01
6.140000000000000000e+02 1.713885260430728641e-01
6.150000000000000000e+02 1.708883541768713155e-01
6.160000000000000000e+02 1.703922888675559466e-01
6.170000000000000000e+02 1.699002821869912694e-01
6.180000000000000000e+02 1.694122869327407965e-01
6.190000000000000000e+02 1.689282566300690513e-01
6.200000000000000000e+02 1.684481454948997536e-01
6.210000000000000000e+02 1.679719084364943438e-01
6.220000000000000000e+02 1.674995010406903351e-01
6.230000000000000000e+02 1.670308795573495486e-01
6.240000000000000000e+02 1.665660008881131304e-01
6.250000000000000000e+02 1.661048225780647480e-01
6.260000000000000000e+02 1.656473027893393124e-01
6.270000000000000000e+02 1.651934003117023764e-01
6.280000000000000000e+02 1.647430745365915661e-01
6.290000000000000000e+02 1.642962854498361824e-01
6.300000000000000000e+02 1.638529936209065230e-01
6.310000000000000000e+02 1.634131601924124211e-01
6.320000000000000000e+02 1.629767468698088140e-01
6.330000000000000000e+02 1.625437159113371777e-01
6.340000000000000000e+02 1.621140301181689392e-01
6.350000000000000000e+02 1.616876528247640776e-01
6.360000000000000000e+02 1.612645478894360052e-01
6.370000000000000000e+02 1.608446796851005223e-01
6.380000000000000000e+02 1.604280130902416557e-01
6.390000000000000000e+02 1.600145134800477209e-01
6.400000000000000000e+02 1.596041467177388706e-01
6.410000000000000000e+02 1.591968791460780797e-01
6.420000000000000000e+02 1.587926775790517164e-01
6.430000000000000000e+02 1.583915092937226710e-01
6.440000000000000000e+02 1.579933420222590090e-01
6.450000000000000000e+02 1.575981439441165310e-01
6.460000000000000000e+02 1.572058836783820635e-01
6.470000000000000000e+02 1.568165302762816182e-01
6.480000000000000000e+02 1.564300532138251931e-01
6.490000000000000000e+02 1.560464223846183274e-01
6.500000000000000000e+02 1.556656080928031649e-01
6.510000000000000000e+02 1.552875810461513129e-01
6.520000000000000000e+02 1.549123123492880394e-01
6.530000000000000000e+02 1.545397734970589687e-01
6.540000000000000000e+02 1.541699363680217316e-01
6.550000000000000000e+02 1.538027732180725360e-01
6.560000000000000000e+02 1.534382566741944176e-01
6.570000000000000000e+02 1.530763597283312238e-01
6.580000000000000000e+02 1.527170557313814181e-01
6.590000000000000000e+02 1.523603183873068756e-01
6.600000000000000000e+02 1.520061217473642479e-01
6.610000000000000000e+02 1.516544402044379403e-01
6.620000000000000000e+02 1.513052484874901904e-01
6.630000000000000000e+02 1.509585216561210863e-01
6.640000000000000000e+02 1.506142350952191233e-01
6.650000000000000000e+02 1.502723645097387428e-01
6.660000000000000000e+02 1.499328859195498964e-01
6.670000000000000000e+02 1.495957756544075978e-01
6.680000000000000000e+02 1.492610103490070728e-01
6.690000000000000000e+02 1.489285669381387178e-01
6.700000000000000000e+02 1.485984226519232176e-01
6.710000000000000000e+02 1.482705550111535764e-01
6.720000000000000000e+02 1.479449418227091750e-01
6.730000000000000000e+02 1.476215611750666401e-01
6.740000000000000000e+02 1.473003914338844866e-01
6.750000000000000000e+02 1.469814112376836013e-01
6.760000000000000000e+02 1.466645994935932562e-01
6.770000000000000000e+02 1.463499353731858577e-01
6.780000000000000000e+02 1.460373983083859128e-01
6.790000000000000000e+02 1.457269679874542700e-01
6.800000000000000000e+02 1.454186243510426635e-01
6.810000000000000000e+02 1.451123475883279446e-01
6.820000000000000000e+02 1.448081181332075973e-01
6.830000000000000000e+02 1.445059166605739132e-01
6.840000000000000000e+02 1.442057240826498110e-01
6.850000000000000000e+02 1.439075215453885781e-01
6.860000000000000000e+02 1.436112904249498001e-01
6.870000000000000000e+02 1.433170123242230032e-01
6.880000000000000000e+02 1.430246690694271516e-01
6.890000000000000000e+02 1.427342427067628816e-01
6.900000000000000000e+02 1.424457154991290164e-01
6.910000000000000000e+02 1.421590699228942323e-01
6.920000000000000000e+02 1.418742886647256507e-01
6.930000000000000000e+02 1.415913546184777716e-01
6.940000000000000000e+02 1.413102508821314218e-01
6.950000000000000000e+02 1.410309607547904909e-01
6.960000000000000000e+02 1.407534677337269335e-01
6.970000000000000000e+02 1.404777555114792575e-01
6.980000000000000000e+02 1.402038079730074938e-01
6.990000000000000000e+02 1.399316091928840544e-01
7.000000000000000000e+02 1.396611434325464030e-01
7.010000000000000000e+02 1.393923951375929393e-01
7.020000000000000000e+02 1.391253489351197969e-01
7.030000000000000000e+02 1.388599896311129567e-01
7.040000000000000000e+02 1.385963022078772755e-01
7.050000000000000000e+02 1.383342718215153366e-01
7.060000000000000000e+02 1.380738837994411883e-01
7.070000000000000000e+02 1.378151236379476507e-01
7.080000000000000000e+02 1.375579769998042379e-01
7.090000000000000000e+02 1.373024297119013193e-01
7.100000000000000000e+02 1.370484677629346948e-01
7.110000000000000000e+02 1.367960773011219489e-01
7.120000000000000000e+02 1.365452446319690427e-01
7.130000000000000000e+02 1.362959562160615534e-01
7.140000000000000000e+02 1.360481986669017929e-01
7.150000000000000000e+02 1.358019587487767910e-01
7.160000000000000000e+02 1.355572233746649147e-01
7.170000000000000000e+02 1.353139796041763487e-01
7.180000000000000000e+02 1.350722146415223590e-01
7.190000000000000000e+02 1.348319158335284096e-01
7.200000000000000000e+02 1.345930706676689015e-01
7.210000000000000000e+02 1.343556667701437390e-01
7.220000000000000000e+02 1.341196919039760183e-01
7.230000000000000000e+02 1.338851339671501273e-01
7.240000000000000000e+02 1.336519809907758538e-01
7.250000000000000000e+02 1.334202211372801095e-01
7.260000000000000000e+02 1.331898426986330708e-01
7.270000000000000000e+02 1.329608340945988842e-01
7.280000000000000000e+02 1.327331838710129885e-01
7.290000000000000000e+02 1.325068806980934932e-01
7.300000000000000000e+02 1.322819133687746507e-01
7.310000000000000000e+02 1.320582707970656966e-01
7.320000000000000000e+02 1.318359420164408602e-01
7.330000000000000000e+02 1.316149161782498300e-01
7.340000000000000000e+02 1.313951825501568083e-01
7.350000000000000000e+02 1.311767305146015750e-01
7.360000000000000000e+02 1.309595495672881138e-01
7.370000000000000000e+02 1.307436293156920282e-01
7.380000000000000000e+02 1.305289594775963513e-01
7.390000000000000000e+02 1.303155298796469241e-01
7.400000000000000000e+02 1.301033304559337800e-01
7.410000000000000000e+02 1.298923512465875452e-01
7.420000000000000000e+02 1.296825823964058988e-01
7.430000000000000000e+02 1.294740141534961309e-01
7.440000000000000000e+02 1.292666368679408484e-01
7.450000000000000000e+02 1.290604409904832495e-01
7.460000000000000000e+02 1.288554170712293556e-01
7.470000000000000000e+02 1.286515557583814418e-01
7.480000000000000000e+02 1.284488477969719933e-01
7.490000000000000000e+02 1.282472840276382975e-01
7.500000000000000000e+02 1.280468553853977565e-01
7.510000000000000000e+02 1.278475528984504006e-01
7.520000000000000000e+02 1.276493676870031346e-01
7.530000000000000000e+02 1.274522909620988409e-01
7.540000000000000000e+02 1.272563140244766244e-01
7.550000000000000000e+02 1.270614282634428271e-01
7.560000000000000000e+02 1.268676251557571411e-01
7.570000000000000000e+02 1.266748962645403709e-01
7.580000000000000000e+02 1.264832332381947422e-01
7.590000000000000000e+02 1.262926278093404187e-01
7.600000000000000000e+02 1.261030717937726697e-01
7.610000000000000000e+02 1.259145570894250887e-01
7.620000000000000000e+02 1.257270756753579577e-01
7.630000000000000000e+02 1.255406196107561601e-01
7.640000000000000000e+02 1.253551810339402772e-01
7.650000000000000000e+02 1.251707521613982521e-01
7.660000000000000000e+02 1.249873252868249629e-01
7.670000000000000000e+02 1.248048927801794217e-01
7.680000000000000000e+02 1.246234470867560867e-01
7.690000000000000000e+02 1.244429807262655008e-01
7.700000000000000000e+02 1.242634862919330951e-01
7.710000000000000000e+02 1.240849564496079721e-01
7.720000000000000000e+02 1.239073839368848573e-01
7.730000000000000000e+02 1.237307615622426638e-01
7.740000000000000000e+02 1.235550822041861507e-01
7.750000000000000000e+02 1.233803388104123683e-01
7.760000000000000000e+02 1.232065243969757695e-01
7.770000000000000000e+02 1.230336320474778866e-01
7.780000000000000000e+02 1.228616549122588664e-01
7.790000000000000000e+02 1.226905862076028975e-01
7.800000000000000000e+02 1.225204192149613597e-01
7.810000000000000000e+02 1.223511472801756955e-01
7.820000000000000000e+02 1.221827638127192250e-01
7.830000000000000000e+02 1.220152622849496882e-01
7.840000000000000000e+02 1.218486362313675742e-01
7.850000000000000000e+02 1.216828792478871629e-01
7.860000000000000000e+02 1.215179849911195015e-01
7.870000000000000000e+02 1.213539471776616668e-01
7.880000000000000000e+02 1.211907595834011836e-01
7.890000000000000000e+02 1.210284160428230921e-01
7.900000000000000000e+02 1.208669104483324902e-01
7.910000000000000000e+02 1.207062367495855132e-01
7.920000000000000000e+02 1.205463889528254201e-01
7.930000000000000000e+02 1.203873611202309762e-01
7.940000000000000000e+02 1.202291473692762708e-01
7.950000000000000000e+02 1.200717418720945312e-01
7.960000000000000000e+02 1.199151388548524572e-01
7.970000000000000000e+02 1.197593325971329642e-01
7.980000000000000000e+02 1.196043174313280305e-01
7.990000000000000000e+02 1.194500877420371365e-01
8.000000000000000000e+02 1.192966379654748221e-01
8.010000000000000000e+02 1.191439625888867371e-01
8.020000000000000000e+02 1.189920561499727136e-01
8.030000000000000000e+02 1.188409132363200532e-01
8.040000000000000000e+02 1.186905284848396303e-01
8.050000000000000000e+02 1.185408965812142501e-01
8.060000000000000000e+02 1.183920122593514201e-01
8.070000000000000000e+02 1.182438703008451275e-01
8.080000000000000000e+02 1.180964655344443059e-01
8.090000000000000000e+02 1.179497928355271036e-01
8.100000000000000000e+02 1.178038471255836162e-01
8.110000000000000000e+02 1.176586233717062807e-01
8.120000000000000000e+02 1.175141165860831421e-01
8.130000000000000000e+02 1.173703218255024439e-01
8.140000000000000000e+02 1.172272341908599247e-01
8.150000000000000000e+02 1.170848488266762882e-01
8.160000000000000000e+02 1.169431609206177669e-01
8.170000000000000000e+02 1.168021657030236943e-01
8.180000000000000000e+02 1.166618584464397534e-01
8.190000000000000000e+02 1.165222344651619391e-01
8.200000000000000000e+02 1.163832891147775356e-01
8.210000000000000000e+02 1.162450177917229571e-01
8.220000000000000000e+02 1.161074159328347594e-01
8.230000000000000000e+02 1.159704790149192755e-01
8.240000000000000000e+02 1.158342025543170895e-01
8.250000000000000000e+02 1.156985821064803882e-01
8.260000000000000000e+02 1.155636132655523951e-01
8.270000000000000000e+02 1.154292916639526184e-01
8.280000000000000000e+02 1.152956129719673040e-01
8.290000000000000000e+02 1.151625728973443563e-01
8.300000000000000000e+02 1.150301671848964896e-01
8.310000000000000000e+02 1.148983916161063629e-01
8.320000000000000000e+02 1.147672420087372941e-01
8.330000000000000000e+02 1.146367142164489289e-01
8.340000000000000000e+02 1.145068041284184601e-01
8.350000000000000000e+02 1.143775076689678982e-01
8.360000000000000000e+02 1.142488207971897735e-01
8.370000000000000000e+02 1.141207395065878955e-01
8.380000000000000000e+02 1.139932598247112433e-01
8.390000000000000000e+02 1.138663778128013032e-01
8.400000000000000000e+02 1.137400895654404193e-01
8.410000000000000000e+02 1.136143912102010739e-01
8.420000000000000000e+02 1.134892789073073532e-01
8.430000000000000000e+02 1.133647488492936922e-01
8.440000000000000000e+02 1.132407972606710028e-01
8.450000000000000000e+02 1.131174203975956472e-01
8.460000000000000000e+02 1.129946145475434344e-01
8.470000000000000000e+02 1.128723760289872952e-01
8.480000000000000000e+02 1.127507011910781759e-01
8.490000000000000000e+02 1.126295864133319974e-01
8.500000000000000000e+02 1.125090281053176683e-01
8.510000000000000000e+02 1.123890227063491370e-01
8.520000000000000000e+02 1.122695666851858121e-01
8.530000000000000000e+02 1.121506565397278748e-01
8.540000000000000000e+02 1.120322887967258041e-01
8.550000000000000000e+02 1.119144600114834187e-01
8.560000000000000000e+02 1.117971667675718705e-01
8.570000000000000000e+02 1.116804056765431374e-01
8.580000000000000000e+02 1.115641733776486511e-01
8.590000000000000000e+02 1.114484665375603395e-01
8.600000000000000000e+02 1.113332818500942789e-01
8.610000000000000000e+02 1.112186160359419224e-01
8.620000000000000000e+02 1.111044658423985948e-01
8.630000000000000000e+02 1.109908280430981359e-01
8.640000000000000000e+02 1.108776994377525110e-01
8.650000000000000000e+02 1.107650768518904927e-01
8.660000000000000000e+02 1.106529571366018511e-01
8.670000000000000000e+02 1.105413371682854723e-01
8.680000000000000000e+02 1.104302138483977264e-01
8.690000000000000000e+02 1.103195841032066499e-01
8.700000000000000000e+02 1.102094448835452545e-01
8.710000000000000000e+02 1.100997931645726485e-01
8.720000000000000000e+02 1.099906259455329660e-01
8.730000000000000000e+02 1.098819402495228442e-01
8.740000000000000000e+02 1.097737331232541552e-01
8.750000000000000000e+02 1.096660016368270485e-01
8.760000000000000000e+02 1.095587428834989135e-01
8.770000000000000000e+02 1.094519539794629320e-01
8.780000000000000000e+02 1.093456320636234935e-01
8.790000000000000000e+02 1.092397742973746366e-01
8.800000000000000000e+02 1.091343778643863588e-01
8.810000000000000000e+02 1.090294399703874983e-01
8.820000000000000000e+02 1.089249578432375659e-01
8.830000000000000000e+02 1.088209287315776291e-01
8.840000000000000000e+02 1.087173499063341653e-01
8.850000000000000000e+02 1.086142186593721248e-01
8.860000000000000000e+02 1.085115323035761581e-01
8.870000000000000000e+02 1.084092881726523572e-01
8.880000000000000000e+02 1.083074836209276387e-01
8.890000000000000000e+02 1.082061160231549413e-01
8.900000000000000000e+02 1.081051827743192001e-01
8.910000000000000000e+02 1.080046812894456809e-01
8.920000000000000000e+02 1.079046090034091465e-01
8.930000000000000000e+02 1.078049633707496568e-01
8.940000000000000000e+02 1.077057418654830817e-01
8.950000000000000000e+02 1.076069419809209671e-01
8.960000000000000000e+02 1.075085612294887083e-01
8.970000000000000000e+02 1.074105971425451250e-01
8.980000000000000000e+02 1.073130472702068655e-01
8.990000000000000000e+02 1.072159091811721865e-01
9.000000000000000000e+02 1.071191804625478694e-01
9.010000000000000000e+02 1.070228587196792314e-01
9.020000000000000000e+02 1.069269415759781655e-01
9.030000000000000000e+02 1.068314266727576206e-01
9.040000000000000000e+02 1.067363116690653729e-01
9.050000000000000000e+02 1.066415942412631268e-01
9.060000000000000000e+02 1.065472720838922943e-01
9.070000000000000000e+02 1.064533429079696780e-01
9.080000000000000000e+02 1.063598044418610777e-01
9.090000000000000000e+02 1.062666544308643601e-01
9.100000000000000000e+02 1.061738906370554847e-01
9.110000000000000000e+02 1.060815108391354733e-01
9.120000000000000000e+02 1.059895128322759505e-01
9.130000000000000000e+02 1.058978944279736767e-01
9.140000000000000000e+02 1.058066534538970177e-01
9.150000000000000000e+02 1.057157877537720642e-01
9.160000000000000000e+02 1.056252951871196888e-01
9.170000000000000000e+02 1.055351736292845094e-01
9.180000000000000000e+02 1.054454209711796486e-01
9.190000000000000000e+02 1.053560351191724920e-01
9.200000000000000000e+02 1.052670139949458822e-01
9.210000000000000000e+02 1.051783555353630745e-01
9.220000000000000000e+02 1.050900576923273072e-01
9.230000000000000000e+02 1.050021184326503237e-01
9.240000000000000000e+02 1.049145357379177579e-01
9.250000000000000000e+02 1.048273076043576002e-01
9.260000000000000000e+02 1.047404320427089558e-01
9.270000000000000000e+02 1.046539070780948544e-01
9.280000000000000000e+02 1.045677307498916603e-01
9.290000000000000000e+02 1.044819011116046165e-01
9.300000000000000000e+02 1.043964162307423199e-01
9.310000000000000000e+02 1.043112741886936951e-01
9.320000000000000000e+02 1.042264730806031631e-01
9.330000000000000000e+02 1.041420110152528333e-01
9.340000000000000000e+02 1.040578861149396989e-01
9.350000000000000000e+02 1.039740965153587438e-01
9.360000000000000000e+02 1.038906403654842880e-01
9.370000000000000000e+02 1.038075158274544413e-01
9.380000000000000000e+02 1.037247210764563748e-01
9.390000000000000000e+02 1.036422543006128294e-01
9.400000000000000000e+02 1.035601137008684558e-01
9.410000000000000000e+02 1.034782974908774050e-01
9.420000000000000000e+02 1.033968038968962194e-01
9.430000000000000000e+02 1.033156311576721997e-01
9.440000000000000000e+02 1.032347775243368515e-01
9.450000000000000000e+02 1.031542412602959174e-01
9.460000000000000000e+02 1.030740206411278059e-01
9.470000000000000000e+02 1.029941139544764545e-01
9.480000000000000000e+02 1.029145194999470103e-01
9.490000000000000000e+02 1.028352355890054526e-01
9.500000000000000000e+02 1.027562605448749944e-01
9.510000000000000000e+02 1.026775927024359963e-01
9.520000000000000000e+02 1.025992304081275036e-01
9.530000000000000000e+02 1.025211720198473675e-01
9.540000000000000000e+02 1.024434159068554478e-01
9.550000000000000000e+02 1.023659604496773429e-01
9.560000000000000000e+02 1.022888040400074389e-01
9.570000000000000000e+02 1.022119450806165536e-01
9.580000000000000000e+02 1.021353819852564293e-01
9.590000000000000000e+02 1.020591131785672651e-01
9.600000000000000000e+02 1.019831370959872197e-01
9.610000000000000000e+02 1.019074521836598052e-01
9.620000000000000000e+02 1.018320568983454300e-01
9.630000000000000000e+02 1.017569497073313456e-01
9.640000000000000000e+02 1.016821290883440504e-01
9.650000000000000000e+02 1.016075935294612625e-01
9.660000000000000000e+02 1.015333415290277097e-01
9.670000000000000000e+02 1.014593715955653813e-01
9.680000000000000000e+02 1.013856822476930375e-01
9.690000000000000000e+02 1.013122720140201410e-01
9.700000000000000000e+02 1.012391394331452615e-01
9.710000000000000000e+02 1.011662830534516694e-01
9.720000000000000000e+02 1.010937014331071138e-01
9.730000000000000000e+02 1.010213931399633475e-01
9.740000000000000000e+02 1.009493567514772594e-01
9.750000000000000000e+02 1.008775908546286626e-01
9.760000000000000000e+02 1.008060940458452709e-01
9.770000000000000000e+02 1.007348649309243033e-01
9.780000000000000000e+02 1.006639021249550736e-01
9.790000000000000000e+02 1.005932042522420106e-01
9.800000000000000000e+02 1.005227699462338670e-01
9.810000000000000000e+02 1.004525978494415217e-01
9.820000000000000000e+02 1.003826866133728235e-01
9.830000000000000000e+02 1.003130348984518083e-01
9.840000000000000000e+02 1.002436413739527382e-01
9.850000000000000000e+02 1.001745047179232184e-01
9.860000000000000000e+02 1.001056236171166819e-01
9.870000000000000000e+02 1.000369967669191423e-01
9.880000000000000000e+02 9.996862287128351066e-02
9.890000000000000000e+02 9.990050064265547369e-02
9.900000000000000000e+02 9.983262880191028088e-02
9.910000000000000000e+02 9.976500607828095446e-02
9.920000000000000000e+02 9.969763120929471534e-02
9.930000000000000000e+02 9.963050294070267821e-02
9.940000000000000000e+02 9.956362002641817865e-02
9.950000000000000000e+02 9.949698122844877202e-02
9.960000000000000000e+02 9.943058531683274248e-02
9.970000000000000000e+02 9.936443106957509874e-02
9.980000000000000000e+02 9.929851727258422189e-02
9.990000000000000000e+02 9.923284271960974845e-02
1.000000000000000000e+03 9.916740621217899621e-02
1.001000000000000000e+03 9.910220655953728974e-02
1.002000000000000000e+03 9.903724257858496915e-02
1.003000000000000000e+03 9.897251309381864537e-02
1.004000000000000000e+03 9.890801693727123423e-02
1.005000000000000000e+03 9.884375294845113014e-02
1.006000000000000000e+03 9.877971997428584838e-02
1.007000000000000000e+03 9.871591686906150409e-02
1.008000000000000000e+03 9.865234249436775904e-02
1.009000000000000000e+03 9.858899571903689818e-02
1.010000000000000000e+03 9.852587541909232915e-02
1.011000000000000000e+03 9.846298047768844985e-02
1.012000000000000000e+03 9.840030978505587278e-02
1.013000000000000000e+03 9.833786223844970253e-02
1.014000000000000000e+03 9.827563674208952826e-02
1.015000000000000000e+03 9.821363220711037956e-02
1.016000000000000000e+03 9.815184755150596629e-02
1.017000000000000000e+03 9.809028170007774716e-02
1.018000000000000000e+03 9.802893358438080629e-02
1.019000000000000000e+03 9.796780214267399034e-02
1.020000000000000000e+03 9.790688631986518842e-02
1.021000000000000000e+03 9.784618506746343980e-02
1.022000000000000000e+03 9.778569734352539344e-02
1.023000000000000000e+03 9.772542211260881739e-02
1.024000000000000000e+03 9.766535834571860031e-02
1.025000000000000000e+03 9.760550502025987230e-02
1.026000000000000000e+03 9.754586111999025144e-02
1.027000000000000000e+03 9.748642563496903723e-02
1.028000000000000000e+03 9.742719756151034527e-02
1.029000000000000000e+03 9.736817590213657503e-02
1.030000000000000000e+03 9.730935966552922700e-02
1.031000000000000000e+03 9.725074786648370273e-02
1.032000000000000000e+03 9.719233952586391057e-02
1.033000000000000000e+03 9.713413367055327707e-02
1.034000000000000000e+03 9.707612933341415451e-02
1.035000000000000000e+03 9.701832555323749996e-02
1.036000000000000000e+03 9.696072137470201913e-02
1.037000000000000000e+03 9.690331584832893863e-02
1.038000000000000000e+03 9.684610803043765259e-02
1.039000000000000000e+03 9.678909698310296517e-02
1.040000000000000000e+03 9.673228177411240247e-02
1.041000000000000000e+03 9.667566147692130407e-02
1.042000000000000000e+03 9.661923517061399291e-02
1.043000000000000000e+03 9.656300193985919988e-02
1.044000000000000000e+03 9.650696087487044272e-02
1.045000000000000000e+03 9.645111107136196404e-02
1.046000000000000000e+03 9.639545163051180254e-02
1.047000000000000000e+03 9.633998165891942411e-02
1.048000000000000000e+03 9.628470026856368602e-02
1.049000000000000000e+03 9.622960657676665752e-02
1.050000000000000000e+03 9.617469970615269426e-02
1.051000000000000000e+03 9.611997878460853961e-02
1.052000000000000000e+03 9.606544294524586858e-02
1.053000000000000000e+03 9.601109132636267973e-02
1.054000000000000000e+03 9.595692307140524235e-02
1.055000000000000000e+03 9.590293732892923861e-02
1.056000000000000000e+03 9.584913325256404215e-02
1.057000000000000000e+03 9.579551000097519253e-02
1.058000000000000000e+03 9.574206673782753585e-02
1.059000000000000000e+03 9.568880263174839307e-02
1.060000000000000000e+03 9.563571685629211616e-02
1.061000000000000000e+03 9.558280858990413076e-02
1.062000000000000000e+03 9.553007701588553391e-02
1.063000000000000000e+03 9.547752132235758082e-02
1.064000000000000000e+03 9.542514070222694877e-02
1.065000000000000000e+03 9.537293435315112589e-02
1.066000000000000000e+03 9.532090147750514608e-02
1.067000000000000000e+03 9.526904128234559010e-02
1.068000000000000000e+03 9.521735297937947151e-02
1.069000000000000000e+03 9.516583578492819606e-02
1.070000000000000000e+03 9.511448891989587873e-02
1.071000000000000000e+03 9.506331160973686967e-02
1.072000000000000000e+03 9.501230308442230876e-02
1.073000000000000000e+03 9.496146257840799854e-02
1.074000000000000000e+03 9.491078933060349831e-02
1.075000000000000000e+03 9.486028258433819305e-02
1.076000000000000000e+03 9.480994158733208055e-02
1.077000000000000000e+03 9.475976559166374158e-02
1.078000000000000000e+03 9.470975385373819888e-02
1.079000000000000000e+03 9.465990563425860649e-02
1.080000000000000000e+03 9.461022019819355366e-02
1.081000000000000000e+03 9.456069681474867095e-02
1.082000000000000000e+03 9.451133475733547451e-02
1.083000000000000000e+03 9.446213330354294446e-02
1.084000000000000000e+03 9.441309173510642472e-02
1.085000000000000000e+03 9.436420933787949272e-02
1.086000000000000000e+03 9.431548540180619000e-02
1.087000000000000000e+03 9.426691922088922815e-02
1.088000000000000000e+03 9.421851009316513370e-02
1.089000000000000000e+03 9.417025732067331456e-02
1.090000000000000000e+03 9.412216020942978933e-02
1.091000000000000000e+03 9.407421806939772480e-02
1.092000000000000000e+03 9.402643021446233096e-02
1.093000000000000000e+03 9.397879596240130140e-02
1.094000000000000000e+03 9.393131463485832056e-02
1.095000000000000000e+03 9.388398555731815309e-02
1.096000000000000000e+03 9.383680805907713973e-02
1.097000000000000000e+03 9.378978147321842540e-02
1.098000000000000000e+03 9.374290513658573021e-02
1.099000000000000000e+03 9.369617838975655144e-02
