3.000000000000000000e+02 7.788978094581229528e-02 1.000000000000000021e-02
3.010000000000000000e+02 5.954510669147066587e-02 1.000000000000000021e-02
3.020000000000000000e+02 4.510233251156842149e-02 1.000000000000000021e-02
3.030000000000000000e+02 3.442319227538664927e-02 1.000000000000000021e-02
3.040000000000000000e+02 2.669014880735700104e-02 1.000000000000000021e-02
3.050000000000000000e+02 2.106276292522105478e-02 1.000000000000000021e-02
3.060000000000000000e+02 1.688639450208121590e-02 1.000000000000000021e-02
3.070000000000000000e+02 1.378816885982783562e-02 1.000000000000000021e-02
3.080000000000000000e+02 1.145043864712150077e-02 1.000000000000000021e-02
3.090000000000000000e+02 9.639481070696702056e-03 1.000000000000000021e-02
3.100000000000000000e+02 8.214765298608078109e-03 1.000000000000000021e-02
3.110000000000000000e+02 7.085574449088987217e-03 1.000000000000000021e-02
3.120000000000000000e+02 6.179168332031124457e-03 1.000000000000000021e-02
3.130000000000000000e+02 5.444793011011471104e-03 1.000000000000000021e-02
3.140000000000000000e+02 4.843098771988828440e-03 1.000000000000000021e-02
3.150000000000000000e+02 4.345070557016380425e-03 1.000000000000000021e-02
3.160000000000000000e+02 3.924622887068815111e-03 1.000000000000000021e-02
3.170000000000000000e+02 3.566917773510961624e-03 1.000000000000000021e-02
3.180000000000000000e+02 3.260247114960190644e-03 1.000000000000000021e-02
3.190000000000000000e+02 3.002620066616458992e-03 1.000000000000000021e-02
3.200000000000000000e+02 2.776891112936520026e-03 1.000000000000000021e-02
3.210000000000000000e+02 2.580633507495164528e-03 1.000000000000000021e-02
3.220000000000000000e+02 2.412498600874918731e-03 1.000000000000000021e-02
3.230000000000000000e+02 2.264819657402284032e-03 1.000000000000000021e-02
3.240000000000000000e+02 2.136720930956233916e-03 1.000000000000000021e-02
3.250000000000000000e+02 2.029069468121054605e-03 1.000000000000000021e-02
3.260000000000000000e+02 1.940086862315711829e-03 1.000000000000000021e-02
3.270000000000000000e+02 1.867924748269220647e-03 1.000000000000000021e-02
3.280000000000000000e+02 1.816691982840853243e-03 1.000000000000000021e-02
3.290000000000000000e+02 1.786665384157754650e-03 1.000000000000000021e-02
3.300000000000000000e+02 1.783379069990572016e-03 1.000000000000000021e-02
3.310000000000000000e+02 1.810974847782229101e-03 1.000000000000000021e-02
3.320000000000000000e+02 1.875024864483534979e-03 1.000000000000000021e-02
3.330000000000000000e+02 1.982206777314508579e-03 1.000000000000000021e-02
3.340000000000000000e+02 2.143807067366073835e-03 1.000000000000000021e-02
3.350000000000000000e+02 2.373157041059174594e-03 1.000000000000000021e-02
3.360000000000000000e+02 2.686727945916054551e-03 1.000000000000000021e-02
3.370000000000000000e+02 3.104867788024197849e-03 1.000000000000000021e-02
3.380000000000000000e+02 3.653870495091055427e-03 1.000000000000000021e-02
3.390000000000000000e+02 4.364736540367761958e-03 1.000000000000000021e-02
3.400000000000000000e+02 5.270131819300831119e-03 1.000000000000000021e-02
3.410000000000000000e+02 6.413568311839936385e-03 1.000000000000000021e-02
3.420000000000000000e+02 7.829396626164634651e-03 1.000000000000000021e-02
3.430000000000000000e+02 9.540666698889971667e-03 1.000000000000000021e-02
3.440000000000000000e+02 1.158993995911558085e-02 1.000000000000000021e-02
3.450000000000000000e+02 1.399342349898421121e-02 1.000000000000000021e-02
3.460000000000000000e+02 1.677035373541845703e-02 1.000000000000000021e-02
3.470000000000000000e+02 1.989734644186670620e-02 1.000000000000000021e-02
3.480000000000000000e+02 2.334749445736217927e-02 1.000000000000000021e-02
3.490000000000000000e+02 2.709292709373175081e-02 1.000000000000000021e-02
3.500000000000000000e+02 3.105804314864586690e-02 1.000000000000000021e-02
3.510000000000000000e+02 3.517562009446723731e-02 1.000000000000000021e-02
3.520000000000000000e+02 3.937816114731244183e-02 1.000000000000000021e-02
3.530000000000000000e+02 4.357099917395741012e-02 1.000000000000000021e-02
3.540000000000000000e+02 4.771717513418639867e-02 1.000000000000000021e-02
3.550000000000000000e+02 5.178892630871055613e-02 1.000000000000000021e-02
3.560000000000000000e+02 5.578063528433323259e-02 1.000000000000000021e-02
3.570000000000000000e+02 5.966522075763201760e-02 1.000000000000000021e-02
3.580000000000000000e+02 6.346826888502943298e-02 1.000000000000000021e-02
3.590000000000000000e+02 6.718646679869934302e-02 1.000000000000000021e-02
3.600000000000000000e+02 7.081803576594188077e-02 1.000000000000000021e-02
3.610000000000000000e+02 7.442344462870660593e-02 1.000000000000000021e-02
3.620000000000000000e+02 7.800176018960686131e-02 1.000000000000000021e-02
3.630000000000000000e+02 8.156063693053404451e-02 1.000000000000000021e-02
3.640000000000000000e+02 8.511807790789854833e-02 1.000000000000000021e-02
3.650000000000000000e+02 8.869348105641049196e-02 1.000000000000000021e-02
3.660000000000000000e+02 9.229811101430268616e-02 1.000000000000000021e-02
3.670000000000000000e+02 9.586184852270983325e-02 1.000000000000000021e-02
3.680000000000000000e+02 9.946916236817184009e-02 1.000000000000000021e-02
3.690000000000000000e+02 1.031333745192405671e-01 1.000000000000000021e-02
3.700000000000000000e+02 1.068369975017020024e-01 1.000000000000000021e-02
3.710000000000000000e+02 1.105539394205228704e-01 1.000000000000000021e-02
3.720000000000000000e+02 1.142679623517909165e-01 1.000000000000000021e-02
3.730000000000000000e+02 1.179909451275959059e-01 1.000000000000000021e-02
3.740000000000000000e+02 1.216869470018590860e-01 1.000000000000000021e-02
3.750000000000000000e+02 1.253546944403922669e-01 1.000000000000000021e-02
3.760000000000000000e+02 1.290906540882421627e-01 1.000000000000000021e-02
3.770000000000000000e+02 1.328513279039869044e-01 1.000000000000000021e-02
3.780000000000000000e+02 1.366204156460009422e-01 1.000000000000000021e-02
3.790000000000000000e+02 1.403088015287647650e-01 1.000000000000000021e-02
3.800000000000000000e+02 1.439653273443927961e-01 1.000000000000000021e-02
3.810000000000000000e+02 1.475684703641923501e-01 1.000000000000000021e-02
3.820000000000000000e+02 1.511355473279978878e-01 1.000000000000000021e-02
3.830000000000000000e+02 1.546600888588511302e-01 1.000000000000000021e-02
3.840000000000000000e+02 1.581393819597183004e-01 1.000000000000000021e-02
3.850000000000000000e+02 1.616056724041345094e-01 1.000000000000000021e-02
3.860000000000000000e+02 1.650706159911845550e-01 1.000000000000000021e-02
3.870000000000000000e+02 1.684064800896898362e-01 1.000000000000000021e-02
3.880000000000000000e+02 1.717098963415206458e-01 1.000000000000000021e-02
3.890000000000000000e+02 1.750234285183449867e-01 1.000000000000000021e-02
3.900000000000000000e+02 1.783118715793485520e-01 1.000000000000000021e-02
3.910000000000000000e+02 1.815197614511311064e-01 1.000000000000000021e-02
3.920000000000000000e+02 1.846380800253631382e-01 1.000000000000000021e-02
3.930000000000000000e+02 1.877871706351453840e-01 1.000000000000000021e-02
3.940000000000000000e+02 1.908736535003744406e-01 1.000000000000000021e-02
3.950000000000000000e+02 1.939553031601598254e-01 1.000000000000000021e-02
3.960000000000000000e+02 1.969008877838785976e-01 1.000000000000000021e-02
3.970000000000000000e+02 1.998370551269474660e-01 1.000000000000000021e-02
3.980000000000000000e+02 2.027328079522993931e-01 1.000000000000000021e-02
3.990000000000000000e+02 2.055417275669582100e-01 1.000000000000000021e-02
4.000000000000000000e+02 2.083625752518932228e-01 1.000000000000000021e-02
4.010000000000000000e+02 2.112091594645407744e-01 1.000000000000000021e-02
4.020000000000000000e+02 2.139575511124097718e-01 1.000000000000000021e-02
4.030000000000000000e+02 2.165618189381295633e-01 1.000000000000000021e-02
4.040000000000000000e+02 2.191288614520924827e-01 1.000000000000000021e-02
4.050000000000000000e+02 2.216766536208342186e-01 1.000000000000000021e-02
4.060000000000000000e+02 2.241510930223923614e-01 1.000000000000000021e-02
4.070000000000000000e+02 2.266326773234014491e-01 1.000000000000000021e-02
4.080000000000000000e+02 2.290169818769418608e-01 1.000000000000000021e-02
4.090000000000000000e+02 2.313377457792264169e-01 1.000000000000000021e-02
4.100000000000000000e+02 2.335841426453202363e-01 1.000000000000000021e-02
4.110000000000000000e+02 2.357797674507583208e-01 1.000000000000000021e-02
4.120000000000000000e+02 2.379644578653006826e-01 1.000000000000000021e-02
4.130000000000000000e+02 2.400857619796111231e-01 1.000000000000000021e-02
4.140000000000000000e+02 2.421188350861452621e-01 1.000000000000000021e-02
4.150000000000000000e+02 2.440978826104727994e-01 1.000000000000000021e-02
4.160000000000000000e+02 2.460387334888348987e-01 1.000000000000000021e-02
4.170000000000000000e+02 2.479446781061251381e-01 1.000000000000000021e-02
4.180000000000000000e+02 2.497794821937073806e-01 1.000000000000000021e-02
4.190000000000000000e+02 2.515361995522586436e-01 1.000000000000000021e-02
4.200000000000000000e+02 2.533033810991687229e-01 1.000000000000000021e-02
4.210000000000000000e+02 2.550645694698281951e-01 1.000000000000000021e-02
4.220000000000000000e+02 2.566564117903250564e-01 1.000000000000000021e-02
4.230000000000000000e+02 2.582314536521752579e-01 1.000000000000000021e-02
4.240000000000000000e+02 2.598346247533161457e-01 1.000000000000000021e-02
4.250000000000000000e+02 2.613971172394267684e-01 1.000000000000000021e-02
4.260000000000000000e+02 2.628686862222139320e-01 1.000000000000000021e-02
4.270000000000000000e+02 2.642884279345825149e-01 1.000000000000000021e-02
4.280000000000000000e+02 2.657903572508089063e-01 1.000000000000000021e-02
4.290000000000000000e+02 2.672109785597170384e-01 1.000000000000000021e-02
4.300000000000000000e+02 2.685816933584564969e-01 1.000000000000000021e-02
4.310000000000000000e+02 2.701692186997957656e-01 1.000000000000000021e-02
4.320000000000000000e+02 2.717567440411350344e-01 1.000000000000000021e-02
4.330000000000000000e+02 2.733442693824743586e-01 1.000000000000000021e-02
4.340000000000000000e+02 2.749317947238136273e-01 1.000000000000000021e-02
4.350000000000000000e+02 2.765193200651528960e-01 1.000000000000000021e-02
4.360000000000000000e+02 2.781068454064921647e-01 1.000000000000000021e-02
4.370000000000000000e+02 2.796943707478314334e-01 1.000000000000000021e-02
4.380000000000000000e+02 2.812818960891707021e-01 1.000000000000000021e-02
4.390000000000000000e+02 2.828694214305099708e-01 1.000000000000000021e-02
4.400000000000000000e+02 2.844569467718492395e-01 1.000000000000000021e-02
4.410000000000000000e+02 2.854496245096689311e-01 1.000000000000000021e-02
4.420000000000000000e+02 2.864282986703330369e-01 1.000000000000000021e-02
4.430000000000000000e+02 2.874069728309971983e-01 1.000000000000000021e-02
4.440000000000000000e+02 2.883856469916613041e-01 1.000000000000000021e-02
4.450000000000000000e+02 2.893643211523254655e-01 1.000000000000000021e-02
4.460000000000000000e+02 2.903429953129895713e-01 1.000000000000000021e-02
4.470000000000000000e+02 2.913216694736537327e-01 1.000000000000000021e-02
4.480000000000000000e+02 2.923003436343178385e-01 1.000000000000000021e-02
4.490000000000000000e+02 2.932790177949819999e-01 1.000000000000000021e-02
4.500000000000000000e+02 2.942576919556461057e-01 1.000000000000000021e-02
4.510000000000000000e+02 2.954602175942090958e-01 1.000000000000000021e-02
4.520000000000000000e+02 2.966706220632571722e-01 1.000000000000000021e-02
4.530000000000000000e+02 2.978810265323051931e-01 1.000000000000000021e-02
4.540000000000000000e+02 2.990914310013532140e-01 1.000000000000000021e-02
4.550000000000000000e+02 3.003018354704012349e-01 1.000000000000000021e-02
4.560000000000000000e+02 3.015122399394493113e-01 1.000000000000000021e-02
4.570000000000000000e+02 3.027226444084973322e-01 1.000000000000000021e-02
4.580000000000000000e+02 3.039330488775453532e-01 1.000000000000000021e-02
4.590000000000000000e+02 3.051434533465934296e-01 1.000000000000000021e-02
4.600000000000000000e+02 3.063238072603448603e-01 1.000000000000000021e-02
4.610000000000000000e+02 3.066503718677277557e-01 1.000000000000000021e-02
4.620000000000000000e+02 3.069769364751107066e-01 1.000000000000000021e-02
4.630000000000000000e+02 3.073035010824936575e-01 1.000000000000000021e-02
4.640000000000000000e+02 3.076300656898765529e-01 1.000000000000000021e-02
4.650000000000000000e+02 3.079566302972595038e-01 1.000000000000000021e-02
4.660000000000000000e+02 3.082831949046424547e-01 1.000000000000000021e-02
4.670000000000000000e+02 3.086097595120253501e-01 1.000000000000000021e-02
4.680000000000000000e+02 3.089363241194083010e-01 1.000000000000000021e-02
4.690000000000000000e+02 3.092628887267912519e-01 1.000000000000000021e-02
4.700000000000000000e+02 3.095787107314049713e-01 1.000000000000000021e-02
4.710000000000000000e+02 3.095797419215406965e-01 1.000000000000000021e-02
4.720000000000000000e+02 3.095807731116764216e-01 1.000000000000000021e-02
4.730000000000000000e+02 3.095818043018121468e-01 1.000000000000000021e-02
4.740000000000000000e+02 3.095828354919478720e-01 1.000000000000000021e-02
4.750000000000000000e+02 3.095838666820835972e-01 1.000000000000000021e-02
4.760000000000000000e+02 3.095848978722193223e-01 1.000000000000000021e-02
4.770000000000000000e+02 3.095859290623550475e-01 1.000000000000000021e-02
4.780000000000000000e+02 3.095869602524907727e-01 1.000000000000000021e-02
4.790000000000000000e+02 3.095879914426264978e-01 1.000000000000000021e-02
4.800000000000000000e+02 3.095908961914086710e-01 1.000000000000000021e-02
4.810000000000000000e+02 3.096454576285864180e-01 1.000000000000000021e-02
4.820000000000000000e+02 3.097000190657641649e-01 1.000000000000000021e-02
4.830000000000000000e+02 3.097545805029419119e-01 1.000000000000000021e-02
4.840000000000000000e+02 3.098091419401196589e-01 1.000000000000000021e-02
4.850000000000000000e+02 3.098637033772974614e-01 1.000000000000000021e-02
4.860000000000000000e+02 3.099182648144752084e-01 1.000000000000000021e-02
4.870000000000000000e+02 3.099728262516529553e-01 1.000000000000000021e-02
4.880000000000000000e+02 3.100273876888307023e-01 1.000000000000000021e-02
4.890000000000000000e+02 3.100819491260084493e-01 1.000000000000000021e-02
4.900000000000000000e+02 3.101365105631861963e-01 1.000000000000000021e-02
4.910000000000000000e+02 3.103341274907096548e-01 1.000000000000000021e-02
4.920000000000000000e+02 3.105366263532707838e-01 1.000000000000000021e-02
4.930000000000000000e+02 3.107391252158319128e-01 1.000000000000000021e-02
4.940000000000000000e+02 3.109416240783930419e-01 1.000000000000000021e-02
4.950000000000000000e+02 3.111441229409541154e-01 1.000000000000000021e-02
4.960000000000000000e+02 3.113466218035152444e-01 1.000000000000000021e-02
4.970000000000000000e+02 3.115491206660763734e-01 1.000000000000000021e-02
4.980000000000000000e+02 3.117516195286375025e-01 1.000000000000000021e-02
4.990000000000000000e+02 3.119541183911985760e-01 1.000000000000000021e-02
5.000000000000000000e+02 3.121566172537597050e-01 1.000000000000000021e-02
5.010000000000000000e+02 3.121355498708713871e-01 1.000000000000000021e-02
5.020000000000000000e+02 3.121096868892553333e-01 1.000000000000000021e-02
5.030000000000000000e+02 3.120838239076392795e-01 1.000000000000000021e-02
5.040000000000000000e+02 3.120579609260231702e-01 1.000000000000000021e-02
5.050000000000000000e+02 3.120320979444071163e-01 1.000000000000000021e-02
5.060000000000000000e+02 3.120062349627910625e-01 1.000000000000000021e-02
5.070000000000000000e+02 3.119803719811750087e-01 1.000000000000000021e-02
5.080000000000000000e+02 3.119545089995589549e-01 1.000000000000000021e-02
5.090000000000000000e+02 3.119286460179429010e-01 1.000000000000000021e-02
5.100000000000000000e+02 3.119027830363267917e-01 1.000000000000000021e-02
5.110000000000000000e+02 3.119725673232888741e-01 1.000000000000000021e-02
5.120000000000000000e+02 3.120428322497915685e-01 1.000000000000000021e-02
5.130000000000000000e+02 3.121130971762942075e-01 1.000000000000000021e-02
5.140000000000000000e+02 3.121833621027969019e-01 1.000000000000000021e-02
5.150000000000000000e+02 3.122536270292995408e-01 1.000000000000000021e-02
5.160000000000000000e+02 3.123238919558022353e-01 1.000000000000000021e-02
5.170000000000000000e+02 3.123941568823048742e-01 1.000000000000000021e-02
5.180000000000000000e+02 3.124644218088075687e-01 1.000000000000000021e-02
5.190000000000000000e+02 3.125346867353102631e-01 1.000000000000000021e-02
5.200000000000000000e+02 3.125997441413501110e-01 1.000000000000000021e-02
5.210000000000000000e+02 3.123445390389276710e-01 1.000000000000000021e-02
5.220000000000000000e+02 3.120893339365052310e-01 1.000000000000000021e-02
5.230000000000000000e+02 3.118341288340827910e-01 1.000000000000000021e-02
5.240000000000000000e+02 3.115789237316603510e-01 1.000000000000000021e-02
5.250000000000000000e+02 3.113237186292379111e-01 1.000000000000000021e-02
5.260000000000000000e+02 3.110685135268154156e-01 1.000000000000000021e-02
5.270000000000000000e+02 3.108133084243929756e-01 1.000000000000000021e-02
5.280000000000000000e+02 3.105581033219705356e-01 1.000000000000000021e-02
5.290000000000000000e+02 3.103028982195480956e-01 1.000000000000000021e-02
5.300000000000000000e+02 3.100476931171256556e-01 1.000000000000000021e-02
5.310000000000000000e+02 3.096943489911401781e-01 1.000000000000000021e-02
5.320000000000000000e+02 3.093376557568014440e-01 1.000000000000000021e-02
5.330000000000000000e+02 3.089809625224627654e-01 1.000000000000000021e-02
5.340000000000000000e+02 3.086242692881240313e-01 1.000000000000000021e-02
5.350000000000000000e+02 3.082675760537852971e-01 1.000000000000000021e-02
5.360000000000000000e+02 3.079108828194466185e-01 1.000000000000000021e-02
5.370000000000000000e+02 3.075541895851078844e-01 1.000000000000000021e-02
5.380000000000000000e+02 3.071974963507691503e-01 1.000000000000000021e-02
5.390000000000000000e+02 3.068408031164304717e-01 1.000000000000000021e-02
5.400000000000000000e+02 3.064841098820917376e-01 1.000000000000000021e-02
5.410000000000000000e+02 3.059614290942818671e-01 1.000000000000000021e-02
5.420000000000000000e+02 3.054385821527648148e-01 1.000000000000000021e-02
5.430000000000000000e+02 3.049157352112477626e-01 1.000000000000000021e-02
5.440000000000000000e+02 3.043928882697307103e-01 1.000000000000000021e-02
5.450000000000000000e+02 3.038700413282136581e-01 1.000000000000000021e-02
5.460000000000000000e+02 3.033471943866966614e-01 1.000000000000000021e-02
5.470000000000000000e+02 3.028243474451796091e-01 1.000000000000000021e-02
5.480000000000000000e+02 3.023015005036625569e-01 1.000000000000000021e-02
5.490000000000000000e+02 3.017786535621455046e-01 1.000000000000000021e-02
5.500000000000000000e+02 3.012561611871096279e-01 1.000000000000000021e-02
5.510000000000000000e+02 3.007431633145143390e-01 1.000000000000000021e-02
5.520000000000000000e+02 3.002301654419190502e-01 1.000000000000000021e-02
5.530000000000000000e+02 2.997171675693237614e-01 1.000000000000000021e-02
5.540000000000000000e+02 2.992041696967284725e-01 1.000000000000000021e-02
5.550000000000000000e+02 2.986911718241331282e-01 1.000000000000000021e-02
5.560000000000000000e+02 2.981781739515378393e-01 1.000000000000000021e-02
5.570000000000000000e+02 2.976651760789425505e-01 1.000000000000000021e-02
5.580000000000000000e+02 2.971521782063472616e-01 1.000000000000000021e-02
5.590000000000000000e+02 2.966391803337519173e-01 1.000000000000000021e-02
5.600000000000000000e+02 2.961256093239442166e-01 1.000000000000000021e-02
5.610000000000000000e+02 2.954215657138749562e-01 1.000000000000000021e-02
5.620000000000000000e+02 2.947175221038056403e-01 1.000000000000000021e-02
5.630000000000000000e+02 2.940134784937363799e-01 1.000000000000000021e-02
5.640000000000000000e+02 2.933094348836670640e-01 1.000000000000000021e-02
5.650000000000000000e+02 2.926053912735978035e-01 1.000000000000000021e-02
5.660000000000000000e+02 2.919013476635284876e-01 1.000000000000000021e-02
5.670000000000000000e+02 2.911973040534592272e-01 1.000000000000000021e-02
5.680000000000000000e+02 2.904932604433899668e-01 1.000000000000000021e-02
5.690000000000000000e+02 2.897892168333206508e-01 1.000000000000000021e-02
5.700000000000000000e+02 2.890851732232513904e-01 1.000000000000000021e-02
5.710000000000000000e+02 2.882523348832685683e-01 1.000000000000000021e-02
5.720000000000000000e+02 2.874161941143136834e-01 1.000000000000000021e-02
5.730000000000000000e+02 2.865800533453587429e-01 1.000000000000000021e-02
5.740000000000000000e+02 2.857439125764038024e-01 1.000000000000000021e-02
5.750000000000000000e+02 2.849077718074488619e-01 1.000000000000000021e-02
5.760000000000000000e+02 2.840716310384939214e-01 1.000000000000000021e-02
5.770000000000000000e+02 2.832354902695390364e-01 1.000000000000000021e-02
5.780000000000000000e+02 2.823993495005840959e-01 1.000000000000000021e-02
5.790000000000000000e+02 2.815632087316291554e-01 1.000000000000000021e-02
5.800000000000000000e+02 2.807391985138539270e-01 1.000000000000000021e-02
5.810000000000000000e+02 2.803362917156017597e-01 1.000000000000000021e-02
5.820000000000000000e+02 2.799333849173495925e-01 1.000000000000000021e-02
5.830000000000000000e+02 2.795304781190973697e-01 1.000000000000000021e-02
5.840000000000000000e+02 2.791275713208452025e-01 1.000000000000000021e-02
5.850000000000000000e+02 2.787246645225930353e-01 1.000000000000000021e-02
5.860000000000000000e+02 2.783217577243408680e-01 1.000000000000000021e-02
5.870000000000000000e+02 2.779188509260887008e-01 1.000000000000000021e-02
5.880000000000000000e+02 2.775159441278365335e-01 1.000000000000000021e-02
5.890000000000000000e+02 2.771130373295843663e-01 1.000000000000000021e-02
5.900000000000000000e+02 2.767091658367954454e-01 1.000000000000000021e-02
5.910000000000000000e+02 2.762185595352031342e-01 1.000000000000000021e-02
5.920000000000000000e+02 2.757279532336108230e-01 1.000000000000000021e-02
5.930000000000000000e+02 2.752373469320184562e-01 1.000000000000000021e-02
5.940000000000000000e+02 2.747467406304261450e-01 1.000000000000000021e-02
5.950000000000000000e+02 2.742561343288338338e-01 1.000000000000000021e-02
5.960000000000000000e+02 2.737655280272415226e-01 1.000000000000000021e-02
5.970000000000000000e+02 2.732749217256492114e-01 1.000000000000000021e-02
5.980000000000000000e+02 2.727843154240569001e-01 1.000000000000000021e-02
5.990000000000000000e+02 2.722937091224645889e-01 1.000000000000000021e-02
6.000000000000000000e+02 2.718031174681340145e-01 1.000000000000000021e-02
6.010000000000000000e+02 2.713271584282830884e-01 1.000000000000000021e-02
6.020000000000000000e+02 2.708511993884321623e-01 1.000000000000000021e-02
6.030000000000000000e+02 2.703752403485812916e-01 1.000000000000000021e-02
6.040000000000000000e+02 2.698992813087303655e-01 1.000000000000000021e-02
6.050000000000000000e+02 2.694233222688794394e-01 1.000000000000000021e-02
6.060000000000000000e+02 2.689473632290285132e-01 1.000000000000000021e-02
6.070000000000000000e+02 2.684714041891775871e-01 1.000000000000000021e-02
6.080000000000000000e+02 2.679954451493266609e-01 1.000000000000000021e-02
6.090000000000000000e+02 2.675194861094757348e-01 1.000000000000000021e-02
6.100000000000000000e+02 2.670435270696248087e-01 1.000000000000000021e-02
6.110000000000000000e+02 2.666463797878940167e-01 1.000000000000000021e-02
6.120000000000000000e+02 2.662495490192480219e-01 1.000000000000000021e-02
6.130000000000000000e+02 2.658527182506019715e-01 1.000000000000000021e-02
6.140000000000000000e+02 2.654558874819559766e-01 1.000000000000000021e-02
6.150000000000000000e+02 2.650590567133099817e-01 1.000000000000000021e-02
6.160000000000000000e+02 2.646622259446639869e-01 1.000000000000000021e-02
6.170000000000000000e+02 2.642653951760179920e-01 1.000000000000000021e-02
6.180000000000000000e+02 2.638685644073719416e-01 1.000000000000000021e-02
6.190000000000000000e+02 2.634717336387259468e-01 1.000000000000000021e-02
6.200000000000000000e+02 2.630749028700799519e-01 1.000000000000000021e-02
6.210000000000000000e+02 2.627645800809421117e-01 1.000000000000000021e-02
6.220000000000000000e+02 2.624545175966573884e-01 1.000000000000000021e-02
6.230000000000000000e+02 2.621444551123726097e-01 1.000000000000000021e-02
6.240000000000000000e+02 2.618343926280878864e-01 1.000000000000000021e-02
6.250000000000000000e+02 2.615243301438031631e-01 1.000000000000000021e-02
6.260000000000000000e+02 2.612142676595183843e-01 1.000000000000000021e-02
6.270000000000000000e+02 2.609042051752336611e-01 1.000000000000000021e-02
6.280000000000000000e+02 2.605941426909489378e-01 1.000000000000000021e-02
6.290000000000000000e+02 2.602840802066641590e-01 1.000000000000000021e-02
6.300000000000000000e+02 2.599736497766750309e-01 1.000000000000000021e-02
6.310000000000000000e+02 2.595716008662897756e-01 1.000000000000000021e-02
6.320000000000000000e+02 2.591695519559045202e-01 1.000000000000000021e-02
6.330000000000000000e+02 2.587675030455192648e-01 1.000000000000000021e-02
6.340000000000000000e+02 2.583654541351340095e-01 1.000000000000000021e-02
6.350000000000000000e+02 2.579634052247487541e-01 1.000000000000000021e-02
6.360000000000000000e+02 2.575613563143634988e-01 1.000000000000000021e-02
6.370000000000000000e+02 2.571593074039782434e-01 1.000000000000000021e-02
6.380000000000000000e+02 2.567572584935929880e-01 1.000000000000000021e-02
6.390000000000000000e+02 2.563552095832077327e-01 1.000000000000000021e-02
6.400000000000000000e+02 2.559525058681948462e-01 1.000000000000000021e-02
6.410000000000000000e+02 2.555119390385368061e-01 1.000000000000000021e-02
6.420000000000000000e+02 2.550713722088788216e-01 1.000000000000000021e-02
6.430000000000000000e+02 2.546308053792207815e-01 1.000000000000000021e-02
6.440000000000000000e+02 2.541902385495627970e-01 1.000000000000000021e-02
6.450000000000000000e+02 2.537496717199047569e-01 1.000000000000000021e-02
6.460000000000000000e+02 2.533091048902467723e-01 1.000000000000000021e-02
6.470000000000000000e+02 2.528685380605887323e-01 1.000000000000000021e-02
6.480000000000000000e+02 2.524279712309307477e-01 1.000000000000000021e-02
6.490000000000000000e+02 2.519874044012727077e-01 1.000000000000000021e-02
6.500000000000000000e+02 2.515405952993531313e-01 1.000000000000000021e-02
6.510000000000000000e+02 2.509313184085723014e-01 1.000000000000000021e-02
6.520000000000000000e+02 2.503220415177914160e-01 1.000000000000000021e-02
6.530000000000000000e+02 2.497127646270105861e-01 1.000000000000000021e-02
6.540000000000000000e+02 2.491034877362297284e-01 1.000000000000000021e-02
6.550000000000000000e+02 2.484942108454488707e-01 1.000000000000000021e-02
6.560000000000000000e+02 2.478849339546680408e-01 1.000000000000000021e-02
6.570000000000000000e+02 2.472756570638871831e-01 1.000000000000000021e-02
6.580000000000000000e+02 2.466663801731063255e-01 1.000000000000000021e-02
6.590000000000000000e+02 2.460571032823254678e-01 1.000000000000000021e-02
6.600000000000000000e+02 2.454478263915446101e-01 1.000000000000000021e-02
6.610000000000000000e+02 2.450912528180111960e-01 1.000000000000000021e-02
6.620000000000000000e+02 2.447377485155374233e-01 1.000000000000000021e-02
6.630000000000000000e+02 2.443842442130636783e-01 1.000000000000000021e-02
6.640000000000000000e+02 2.440307399105899056e-01 1.000000000000000021e-02
6.650000000000000000e+02 2.436772356081161606e-01 1.000000000000000021e-02
6.660000000000000000e+02 2.433237313056423878e-01 1.000000000000000021e-02
6.670000000000000000e+02 2.429702270031686429e-01 1.000000000000000021e-02
6.680000000000000000e+02 2.426167227006948701e-01 1.000000000000000021e-02
6.690000000000000000e+02 2.422632183982211251e-01 1.000000000000000021e-02
6.700000000000000000e+02 2.419039058050548585e-01 1.000000000000000021e-02
6.710000000000000000e+02 2.412738162315090640e-01 1.000000000000000021e-02
6.720000000000000000e+02 2.406437266579632694e-01 1.000000000000000021e-02
6.730000000000000000e+02 2.400136370844175027e-01 1.000000000000000021e-02
6.740000000000000000e+02 2.393835475108717081e-01 1.000000000000000021e-02
6.750000000000000000e+02 2.387534579373259136e-01 1.000000000000000021e-02
6.760000000000000000e+02 2.381233683637801191e-01 1.000000000000000021e-02
6.770000000000000000e+02 2.374932787902343523e-01 1.000000000000000021e-02
6.780000000000000000e+02 2.368631892166885577e-01 1.000000000000000021e-02
6.790000000000000000e+02 2.362330996431427632e-01 1.000000000000000021e-02
6.800000000000000000e+02 2.356030100695969687e-01 1.000000000000000021e-02
6.810000000000000000e+02 2.351710018727314333e-01 1.000000000000000021e-02
6.820000000000000000e+02 2.347420101435310769e-01 1.000000000000000021e-02
6.830000000000000000e+02 2.343130184143307204e-01 1.000000000000000021e-02
6.840000000000000000e+02 2.338840266851303640e-01 1.000000000000000021e-02
6.850000000000000000e+02 2.334550349559300075e-01 1.000000000000000021e-02
6.860000000000000000e+02 2.330260432267296511e-01 1.000000000000000021e-02
6.870000000000000000e+02 2.325970514975292947e-01 1.000000000000000021e-02
6.880000000000000000e+02 2.321680597683289382e-01 1.000000000000000021e-02
6.890000000000000000e+02 2.317390680391285818e-01 1.000000000000000021e-02
6.900000000000000000e+02 2.313071413112874064e-01 1.000000000000000021e-02
6.910000000000000000e+02 2.307803162940598452e-01 1.000000000000000021e-02
6.920000000000000000e+02 2.302534912768322561e-01 1.000000000000000021e-02
6.930000000000000000e+02 2.297266662596046671e-01 1.000000000000000021e-02
6.940000000000000000e+02 2.291998412423770781e-01 1.000000000000000021e-02
6.950000000000000000e+02 2.286730162251495169e-01 1.000000000000000021e-02
6.960000000000000000e+02 2.281461912079219279e-01 1.000000000000000021e-02
6.970000000000000000e+02 2.276193661906943388e-01 1.000000000000000021e-02
6.980000000000000000e+02 2.270925411734667498e-01 1.000000000000000021e-02
6.990000000000000000e+02 2.265657161562391608e-01 1.000000000000000021e-02
7.000000000000000000e+02 2.260391839948894532e-01 1.000000000000000021e-02
7.010000000000000000e+02 2.255489659623948207e-01 1.000000000000000021e-02
7.020000000000000000e+02 2.250587479299001881e-01 1.000000000000000021e-02
7.030000000000000000e+02 2.245685298974055555e-01 1.000000000000000021e-02
7.040000000000000000e+02 2.240783118649108951e-01 1.000000000000000021e-02
7.050000000000000000e+02 2.235880938324162626e-01 1.000000000000000021e-02
7.060000000000000000e+02 2.230978757999216300e-01 1.000000000000000021e-02
7.070000000000000000e+02 2.226076577674269974e-01 1.000000000000000021e-02
7.080000000000000000e+02 2.221174397349323648e-01 1.000000000000000021e-02
7.090000000000000000e+02 2.216272217024377322e-01 1.000000000000000021e-02
7.100000000000000000e+02 2.211370036699430996e-01 1.000000000000000021e-02
7.110000000000000000e+02 2.206061230795172412e-01 1.000000000000000021e-02
7.120000000000000000e+02 2.200749558446749576e-01 1.000000000000000021e-02
7.130000000000000000e+02 2.195437886098326741e-01 1.000000000000000021e-02
7.140000000000000000e+02 2.190126213749903905e-01 1.000000000000000021e-02
7.150000000000000000e+02 2.184814541401481069e-01 1.000000000000000021e-02
7.160000000000000000e+02 2.179502869053058234e-01 1.000000000000000021e-02
7.170000000000000000e+02 2.174191196704635398e-01 1.000000000000000021e-02
7.180000000000000000e+02 2.168879524356212563e-01 1.000000000000000021e-02
7.190000000000000000e+02 2.163567852007789727e-01 1.000000000000000021e-02
7.200000000000000000e+02 2.158256179659366891e-01 1.000000000000000021e-02
7.210000000000000000e+02 2.154213389257261246e-01 1.000000000000000021e-02
7.220000000000000000e+02 2.150189921930480141e-01 1.000000000000000021e-02
7.230000000000000000e+02 2.146166454603699314e-01 1.000000000000000021e-02
7.240000000000000000e+02 2.142142987276918487e-01 1.000000000000000021e-02
7.250000000000000000e+02 2.138119519950137382e-01 1.000000000000000021e-02
7.260000000000000000e+02 2.134096052623356554e-01 1.000000000000000021e-02
7.270000000000000000e+02 2.130072585296575449e-01 1.000000000000000021e-02
7.280000000000000000e+02 2.126049117969794622e-01 1.000000000000000021e-02
7.290000000000000000e+02 2.122025650643013517e-01 1.000000000000000021e-02
7.300000000000000000e+02 2.118002183316232689e-01 1.000000000000000021e-02
7.310000000000000000e+02 2.114356868195979844e-01 1.000000000000000021e-02
7.320000000000000000e+02 2.110717701892093068e-01 1.000000000000000021e-02
7.330000000000000000e+02 2.107078535588206569e-01 1.000000000000000021e-02
7.340000000000000000e+02 2.103439369284319793e-01 1.000000000000000021e-02
7.350000000000000000e+02 2.099800202980433295e-01 1.000000000000000021e-02
7.360000000000000000e+02 2.096161036676546796e-01 1.000000000000000021e-02
7.370000000000000000e+02 2.092521870372660020e-01 1.000000000000000021e-02
7.380000000000000000e+02 2.088882704068773521e-01 1.000000000000000021e-02
7.390000000000000000e+02 2.085243537764886745e-01 1.000000000000000021e-02
7.400000000000000000e+02 2.081604371461000247e-01 1.000000000000000021e-02
7.410000000000000000e+02 2.076560175269102915e-01 1.000000000000000021e-02
7.420000000000000000e+02 2.071501786856114469e-01 1.000000000000000021e-02
7.430000000000000000e+02 2.066443398443126023e-01 1.000000000000000021e-02
7.440000000000000000e+02 2.061385010030137854e-01 1.000000000000000021e-02
7.450000000000000000e+02 2.056326621617149408e-01 1.000000000000000021e-02
7.460000000000000000e+02 2.051268233204160962e-01 1.000000000000000021e-02
7.470000000000000000e+02 2.046209844791172794e-01 1.000000000000000021e-02
7.480000000000000000e+02 2.041151456378184348e-01 1.000000000000000021e-02
7.490000000000000000e+02 2.036093067965196179e-01 1.000000000000000021e-02
7.500000000000000000e+02 2.031038653974758523e-01 1.000000000000000021e-02
7.510000000000000000e+02 2.027305073078684017e-01 1.000000000000000021e-02
7.520000000000000000e+02 2.023571492182609510e-01 1.000000000000000021e-02
7.530000000000000000e+02 2.019837911286534726e-01 1.000000000000000021e-02
7.540000000000000000e+02 2.016104330390460220e-01 1.000000000000000021e-02
7.550000000000000000e+02 2.012370749494385713e-01 1.000000000000000021e-02
7.560000000000000000e+02 2.008637168598311207e-01 1.000000000000000021e-02
7.570000000000000000e+02 2.004903587702236700e-01 1.000000000000000021e-02
7.580000000000000000e+02 2.001170006806162194e-01 1.000000000000000021e-02
7.590000000000000000e+02 1.997436425910087687e-01 1.000000000000000021e-02
7.600000000000000000e+02 1.993686296095927846e-01 1.000000000000000021e-02
7.610000000000000000e+02 1.989263176946298450e-01 1.000000000000000021e-02
7.620000000000000000e+02 1.984840057796669333e-01 1.000000000000000021e-02
7.630000000000000000e+02 1.980416938647040215e-01 1.000000000000000021e-02
7.640000000000000000e+02 1.975993819497411097e-01 1.000000000000000021e-02
7.650000000000000000e+02 1.971570700347781979e-01 1.000000000000000021e-02
7.660000000000000000e+02 1.967147581198152861e-01 1.000000000000000021e-02
7.670000000000000000e+02 1.962724462048523466e-01 1.000000000000000021e-02
7.680000000000000000e+02 1.958301342898894348e-01 1.000000000000000021e-02
7.690000000000000000e+02 1.953878223749265231e-01 1.000000000000000021e-02
7.700000000000000000e+02 1.949455104599636113e-01 1.000000000000000021e-02
7.710000000000000000e+02 1.945572850875079141e-01 1.000000000000000021e-02
7.720000000000000000e+02 1.941702198962500514e-01 1.000000000000000021e-02
7.730000000000000000e+02 1.937831547049921610e-01 1.000000000000000021e-02
7.740000000000000000e+02 1.933960895137342706e-01 1.000000000000000021e-02
7.750000000000000000e+02 1.930090243224764079e-01 1.000000000000000021e-02
7.760000000000000000e+02 1.926219591312185175e-01 1.000000000000000021e-02
7.770000000000000000e+02 1.922348939399606271e-01 1.000000000000000021e-02
7.780000000000000000e+02 1.918478287487027645e-01 1.000000000000000021e-02
7.790000000000000000e+02 1.914607635574448741e-01 1.000000000000000021e-02
7.800000000000000000e+02 1.910743888105091715e-01 1.000000000000000021e-02
7.810000000000000000e+02 1.907333532407311794e-01 1.000000000000000021e-02
7.820000000000000000e+02 1.903923176709531873e-01 1.000000000000000021e-02
7.830000000000000000e+02 1.900512821011751952e-01 1.000000000000000021e-02
7.840000000000000000e+02 1.897102465313972031e-01 1.000000000000000021e-02
7.850000000000000000e+02 1.893692109616191832e-01 1.000000000000000021e-02
7.860000000000000000e+02 1.890281753918411911e-01 1.000000000000000021e-02
7.870000000000000000e+02 1.886871398220631990e-01 1.000000000000000021e-02
7.880000000000000000e+02 1.883461042522852069e-01 1.000000000000000021e-02
7.890000000000000000e+02 1.880050686825072148e-01 1.000000000000000021e-02
7.900000000000000000e+02 1.876640331127292227e-01 1.000000000000000021e-02
7.910000000000000000e+02 1.873188153663960520e-01 1.000000000000000021e-02
7.920000000000000000e+02 1.869735339320950651e-01 1.000000000000000021e-02
7.930000000000000000e+02 1.866282524977940782e-01 1.000000000000000021e-02
7.940000000000000000e+02 1.862829710634930913e-01 1.000000000000000021e-02
7.950000000000000000e+02 1.859376896291921044e-01 1.000000000000000021e-02
7.960000000000000000e+02 1.855924081948911175e-01 1.000000000000000021e-02
7.970000000000000000e+02 1.852471267605901306e-01 1.000000000000000021e-02
7.980000000000000000e+02 1.849018453262891160e-01 1.000000000000000021e-02
7.990000000000000000e+02 1.845565638919881291e-01 1.000000000000000021e-02
8.000000000000000000e+02 1.842076812496415972e-01 1.000000000000000021e-02
8.010000000000000000e+02 1.837650698681639883e-01 1.000000000000000021e-02
8.020000000000000000e+02 1.833224584866863516e-01 1.000000000000000021e-02
8.030000000000000000e+02 1.828798471052087149e-01 1.000000000000000021e-02
8.040000000000000000e+02 1.824372357237311060e-01 1.000000000000000021e-02
8.050000000000000000e+02 1.819946243422534693e-01 1.000000000000000021e-02
8.060000000000000000e+02 1.815520129607758326e-01 1.000000000000000021e-02
8.070000000000000000e+02 1.811094015792981959e-01 1.000000000000000021e-02
8.080000000000000000e+02 1.806667901978205870e-01 1.000000000000000021e-02
8.090000000000000000e+02 1.802241788163429503e-01 1.000000000000000021e-02
8.100000000000000000e+02 1.797837654998112045e-01 1.000000000000000021e-02
8.110000000000000000e+02 1.794410661613273505e-01 1.000000000000000021e-02
8.120000000000000000e+02 1.790983668228435244e-01 1.000000000000000021e-02
8.130000000000000000e+02 1.787556674843596982e-01 1.000000000000000021e-02
8.140000000000000000e+02 1.784129681458758721e-01 1.000000000000000021e-02
8.150000000000000000e+02 1.780702688073920181e-01 1.000000000000000021e-02
8.160000000000000000e+02 1.777275694689081920e-01 1.000000000000000021e-02
8.170000000000000000e+02 1.773848701304243658e-01 1.000000000000000021e-02
8.180000000000000000e+02 1.770421707919405396e-01 1.000000000000000021e-02
8.190000000000000000e+02 1.766994714534566857e-01 1.000000000000000021e-02
8.200000000000000000e+02 1.763545334692225297e-01 1.000000000000000021e-02
8.210000000000000000e+02 1.758719187713416732e-01 1.000000000000000021e-02
8.220000000000000000e+02 1.753893040734608166e-01 1.000000000000000021e-02
8.230000000000000000e+02 1.749066893755799601e-01 1.000000000000000021e-02
8.240000000000000000e+02 1.744240746776991036e-01 1.000000000000000021e-02
8.250000000000000000e+02 1.739414599798182470e-01 1.000000000000000021e-02
8.260000000000000000e+02 1.734588452819373905e-01 1.000000000000000021e-02
8.270000000000000000e+02 1.729762305840565340e-01 1.000000000000000021e-02
8.280000000000000000e+02 1.724936158861756774e-01 1.000000000000000021e-02
8.290000000000000000e+02 1.720110011882948209e-01 1.000000000000000021e-02
8.300000000000000000e+02 1.715305525656129759e-01 1.000000000000000021e-02
8.310000000000000000e+02 1.711619418255754255e-01 1.000000000000000021e-02
8.320000000000000000e+02 1.707933310855379028e-01 1.000000000000000021e-02
8.330000000000000000e+02 1.704247203455003523e-01 1.000000000000000021e-02
8.340000000000000000e+02 1.700561096054628019e-01 1.000000000000000021e-02
8.350000000000000000e+02 1.696874988654252514e-01 1.000000000000000021e-02
8.360000000000000000e+02 1.693188881253877009e-01 1.000000000000000021e-02
8.370000000000000000e+02 1.689502773853501782e-01 1.000000000000000021e-02
8.380000000000000000e+02 1.685816666453126278e-01 1.000000000000000021e-02
8.390000000000000000e+02 1.682130559052750773e-01 1.000000000000000021e-02
8.400000000000000000e+02 1.678460234687394748e-01 1.000000000000000021e-02
8.410000000000000000e+02 1.675318369873893543e-01 1.000000000000000021e-02
8.420000000000000000e+02 1.672176505060392615e-01 1.000000000000000021e-02
8.430000000000000000e+02 1.669034640246891688e-01 1.000000000000000021e-02
8.440000000000000000e+02 1.665892775433390760e-01 1.000000000000000021e-02
8.450000000000000000e+02 1.662750910619889555e-01 1.000000000000000021e-02
8.460000000000000000e+02 1.659609045806388627e-01 1.000000000000000021e-02
8.470000000000000000e+02 1.656467180992887700e-01 1.000000000000000021e-02
8.480000000000000000e+02 1.653325316179386495e-01 1.000000000000000021e-02
8.490000000000000000e+02 1.650183451365885567e-01 1.000000000000000021e-02
8.500000000000000000e+02 1.647041586552384640e-01 1.000000000000000021e-02
8.510000000000000000e+02 1.644524808132378502e-01 1.000000000000000021e-02
8.520000000000000000e+02 1.642024715796798207e-01 1.000000000000000021e-02
8.530000000000000000e+02 1.639524623461217911e-01 1.000000000000000021e-02
8.540000000000000000e+02 1.637024531125637616e-01 1.000000000000000021e-02
8.550000000000000000e+02 1.634524438790057321e-01 1.000000000000000021e-02
8.560000000000000000e+02 1.632024346454477026e-01 1.000000000000000021e-02
8.570000000000000000e+02 1.629524254118897009e-01 1.000000000000000021e-02
8.580000000000000000e+02 1.627024161783316714e-01 1.000000000000000021e-02
8.590000000000000000e+02 1.624524069447736419e-01 1.000000000000000021e-02
8.600000000000000000e+02 1.622021443861584589e-01 1.000000000000000021e-02
8.610000000000000000e+02 1.618254726240276886e-01 1.000000000000000021e-02
8.620000000000000000e+02 1.614488008618969184e-01 1.000000000000000021e-02
8.630000000000000000e+02 1.610721290997661204e-01 1.000000000000000021e-02
8.640000000000000000e+02 1.606954573376353501e-01 1.000000000000000021e-02
8.650000000000000000e+02 1.603187855755045799e-01 1.000000000000000021e-02
8.660000000000000000e+02 1.599421138133737819e-01 1.000000000000000021e-02
8.670000000000000000e+02 1.595654420512430116e-01 1.000000000000000021e-02
8.680000000000000000e+02 1.591887702891122414e-01 1.000000000000000021e-02
8.690000000000000000e+02 1.588120985269814434e-01 1.000000000000000021e-02
8.700000000000000000e+02 1.584354267648506731e-01 1.000000000000000021e-02
8.710000000000000000e+02 1.581178688280124311e-01 1.000000000000000021e-02
8.720000000000000000e+02 1.578024549159257328e-01 1.000000000000000021e-02
8.730000000000000000e+02 1.574870410038390067e-01 1.000000000000000021e-02
8.740000000000000000e+02 1.571716270917523084e-01 1.000000000000000021e-02
8.750000000000000000e+02 1.568562131796656101e-01 1.000000000000000021e-02
8.760000000000000000e+02 1.565407992675789117e-01 1.000000000000000021e-02
8.770000000000000000e+02 1.562253853554922134e-01 1.000000000000000021e-02
8.780000000000000000e+02 1.559099714434054873e-01 1.000000000000000021e-02
8.790000000000000000e+02 1.555945575313187890e-01 1.000000000000000021e-02
8.800000000000000000e+02 1.552782753390876957e-01 1.000000000000000021e-02
8.810000000000000000e+02 1.548760334125609262e-01 1.000000000000000021e-02
8.820000000000000000e+02 1.544737914860341566e-01 1.000000000000000021e-02
8.830000000000000000e+02 1.540715495595073870e-01 1.000000000000000021e-02
8.840000000000000000e+02 1.536693076329806174e-01 1.000000000000000021e-02
8.850000000000000000e+02 1.532670657064538478e-01 1.000000000000000021e-02
8.860000000000000000e+02 1.528648237799270782e-01 1.000000000000000021e-02
8.870000000000000000e+02 1.524625818534003086e-01 1.000000000000000021e-02
8.880000000000000000e+02 1.520603399268735390e-01 1.000000000000000021e-02
8.890000000000000000e+02 1.516580980003467694e-01 1.000000000000000021e-02
8.900000000000000000e+02 1.512558560738199998e-01 1.000000000000000021e-02
8.910000000000000000e+02 1.509609650203698750e-01 1.000000000000000021e-02
8.920000000000000000e+02 1.506671583191730446e-01 1.000000000000000021e-02
8.930000000000000000e+02 1.503733516179762142e-01 1.000000000000000021e-02
8.940000000000000000e+02 1.500795449167793838e-01 1.000000000000000021e-02
8.950000000000000000e+02 1.497857382155825257e-01 1.000000000000000021e-02
8.960000000000000000e+02 1.494919315143856953e-01 1.000000000000000021e-02
8.970000000000000000e+02 1.491981248131888649e-01 1.000000000000000021e-02
8.980000000000000000e+02 1.489043181119920345e-01 1.000000000000000021e-02
8.990000000000000000e+02 1.486105114107952041e-01 1.000000000000000021e-02
9.000000000000000000e+02 1.483167047095983460e-01 1.000000000000000021e-02
9.010000000000000000e+02 1.479359173123730165e-01 1.000000000000000021e-02
9.020000000000000000e+02 1.475533547989022198e-01 1.000000000000000021e-02
9.030000000000000000e+02 1.471707922854314232e-01 1.000000000000000021e-02
9.040000000000000000e+02 1.467882297719605988e-01 1.000000000000000021e-02
9.050000000000000000e+02 1.464056672584898022e-01 1.000000000000000021e-02
9.060000000000000000e+02 1.460231047450190056e-01 1.000000000000000021e-02
9.070000000000000000e+02 1.456405422315481812e-01 1.000000000000000021e-02
9.080000000000000000e+02 1.452579797180773846e-01 1.000000000000000021e-02
9.090000000000000000e+02 1.448754172046065880e-01 1.000000000000000021e-02
9.100000000000000000e+02 1.444928546911357636e-01 1.000000000000000021e-02
9.110000000000000000e+02 1.443039397853865258e-01 1.000000000000000021e-02
9.120000000000000000e+02 1.441191787098335397e-01 1.000000000000000021e-02
9.130000000000000000e+02 1.439344176342805537e-01 1.000000000000000021e-02
9.140000000000000000e+02 1.437496565587275676e-01 1.000000000000000021e-02
9.150000000000000000e+02 1.435648954831745816e-01 1.000000000000000021e-02
9.160000000000000000e+02 1.433801344076215956e-01 1.000000000000000021e-02
9.170000000000000000e+02 1.431953733320686095e-01 1.000000000000000021e-02
9.180000000000000000e+02 1.430106122565156235e-01 1.000000000000000021e-02
9.190000000000000000e+02 1.428258511809626374e-01 1.000000000000000021e-02
9.200000000000000000e+02 1.426410901054096514e-01 1.000000000000000021e-02
9.210000000000000000e+02 1.424660728943009935e-01 1.000000000000000021e-02
9.220000000000000000e+02 1.422911840218324397e-01 1.000000000000000021e-02
9.230000000000000000e+02 1.421162951493638860e-01 1.000000000000000021e-02
9.240000000000000000e+02 1.419414062768953322e-01 1.000000000000000021e-02
9.250000000000000000e+02 1.417665174044267784e-01 1.000000000000000021e-02
9.260000000000000000e+02 1.415916285319582246e-01 1.000000000000000021e-02
9.270000000000000000e+02 1.414167396594896708e-01 1.000000000000000021e-02
9.280000000000000000e+02 1.412418507870211448e-01 1.000000000000000021e-02
9.290000000000000000e+02 1.410669619145525910e-01 1.000000000000000021e-02
9.300000000000000000e+02 1.408912401587964491e-01 1.000000000000000021e-02
9.310000000000000000e+02 1.405081304644341389e-01 1.000000000000000021e-02
9.320000000000000000e+02 1.401250207700718564e-01 1.000000000000000021e-02
9.330000000000000000e+02 1.397419110757095462e-01 1.000000000000000021e-02
9.340000000000000000e+02 1.393588013813472359e-01 1.000000000000000021e-02
9.350000000000000000e+02 1.389756916869849535e-01 1.000000000000000021e-02
9.360000000000000000e+02 1.385925819926226432e-01 1.000000000000000021e-02
9.370000000000000000e+02 1.382094722982603330e-01 1.000000000000000021e-02
9.380000000000000000e+02 1.378263626038980505e-01 1.000000000000000021e-02
9.390000000000000000e+02 1.374432529095357403e-01 1.000000000000000021e-02
9.400000000000000000e+02 1.370650318566074000e-01 1.000000000000000021e-02
9.410000000000000000e+02 1.368396202730179090e-01 1.000000000000000021e-02
9.420000000000000000e+02 1.366142086894284458e-01 1.000000000000000021e-02
9.430000000000000000e+02 1.363887971058389825e-01 1.000000000000000021e-02
9.440000000000000000e+02 1.361633855222495193e-01 1.000000000000000021e-02
9.450000000000000000e+02 1.359379739386600561e-01 1.000000000000000021e-02
9.460000000000000000e+02 1.357125623550705928e-01 1.000000000000000021e-02
9.470000000000000000e+02 1.354871507714811296e-01 1.000000000000000021e-02
9.480000000000000000e+02 1.352617391878916664e-01 1.000000000000000021e-02
9.490000000000000000e+02 1.350363276043022032e-01 1.000000000000000021e-02
9.500000000000000000e+02 1.348109160207127399e-01 1.000000000000000021e-02
9.510000000000000000e+02 1.346081045710865176e-01 1.000000000000000021e-02
9.520000000000000000e+02 1.344054066899726396e-01 1.000000000000000021e-02
9.530000000000000000e+02 1.342027088088587894e-01 1.000000000000000021e-02
9.540000000000000000e+02 1.340000109277449392e-01 1.000000000000000021e-02
9.550000000000000000e+02 1.337973130466310612e-01 1.000000000000000021e-02
9.560000000000000000e+02 1.335946151655172109e-01 1.000000000000000021e-02
9.570000000000000000e+02 1.333919172844033607e-01 1.000000000000000021e-02
9.580000000000000000e+02 1.331892194032894827e-01 1.000000000000000021e-02
9.590000000000000000e+02 1.329865215221756325e-01 1.000000000000000021e-02
9.600000000000000000e+02 1.327838236410617823e-01 1.000000000000000021e-02
9.610000000000000000e+02 1.323757741183280712e-01 1.000000000000000021e-02
9.620000000000000000e+02 1.319609361115738622e-01 1.000000000000000021e-02
9.630000000000000000e+02 1.315460981048196532e-01 1.000000000000000021e-02
9.640000000000000000e+02 1.311312600980654441e-01 1.000000000000000021e-02
9.650000000000000000e+02 1.307164220913112351e-01 1.000000000000000021e-02
9.660000000000000000e+02 1.303015840845570261e-01 1.000000000000000021e-02
9.670000000000000000e+02 1.298867460778028171e-01 1.000000000000000021e-02
9.680000000000000000e+02 1.294719080710486081e-01 1.000000000000000021e-02
9.690000000000000000e+02 1.290570700642944268e-01 1.000000000000000021e-02
9.700000000000000000e+02 1.286437686442247763e-01 1.000000000000000021e-02
9.710000000000000000e+02 1.282929550826605314e-01 1.000000000000000021e-02
9.720000000000000000e+02 1.279421415210962865e-01 1.000000000000000021e-02
9.730000000000000000e+02 1.275913279595320415e-01 1.000000000000000021e-02
9.740000000000000000e+02 1.272405143979678244e-01 1.000000000000000021e-02
9.750000000000000000e+02 1.268897008364035794e-01 1.000000000000000021e-02
9.760000000000000000e+02 1.265388872748393345e-01 1.000000000000000021e-02
9.770000000000000000e+02 1.261880737132750896e-01 1.000000000000000021e-02
9.780000000000000000e+02 1.258372601517108447e-01 1.000000000000000021e-02
9.790000000000000000e+02 1.254864465901466275e-01 1.000000000000000021e-02
9.800000000000000000e+02 1.251400783578304476e-01 1.000000000000000021e-02
9.810000000000000000e+02 1.250362275322690342e-01 1.000000000000000021e-02
9.820000000000000000e+02 1.249323767067076207e-01 1.000000000000000021e-02
9.830000000000000000e+02 1.248285258811462073e-01 1.000000000000000021e-02
9.840000000000000000e+02 1.247246750555848077e-01 1.000000000000000021e-02
9.850000000000000000e+02 1.246208242300233943e-01 1.000000000000000021e-02
9.860000000000000000e+02 1.245169734044619947e-01 1.000000000000000021e-02
9.870000000000000000e+02 1.244131225789005812e-01 1.000000000000000021e-02
9.880000000000000000e+02 1.243092717533391817e-01 1.000000000000000021e-02
9.890000000000000000e+02 1.242054209277777682e-01 1.000000000000000021e-02
9.900000000000000000e+02 1.240967426579358546e-01 1.000000000000000021e-02
9.910000000000000000e+02 1.237630135333020603e-01 1.000000000000000021e-02
9.920000000000000000e+02 1.234292844086682661e-01 1.000000000000000021e-02
9.930000000000000000e+02 1.230955552840344719e-01 1.000000000000000021e-02
9.940000000000000000e+02 1.227618261594006777e-01 1.000000000000000021e-02
9.950000000000000000e+02 1.224280970347668973e-01 1.000000000000000021e-02
9.960000000000000000e+02 1.220943679101331031e-01 1.000000000000000021e-02
9.970000000000000000e+02 1.217606387854993089e-01 1.000000000000000021e-02
9.980000000000000000e+02 1.214269096608655146e-01 1.000000000000000021e-02
9.990000000000000000e+02 1.210931805362317204e-01 1.000000000000000021e-02
1.000000000000000000e+03 1.207594514115979401e-01 1.000000000000000021e-02
1.001000000000000000e+03 1.205160402609608966e-01 1.000000000000000021e-02
1.002000000000000000e+03 1.202748090402201986e-01 1.000000000000000021e-02
1.003000000000000000e+03 1.200611009498784715e-01 1.000000000000000021e-02
1.004000000000000000e+03 1.198362013596475789e-01 1.000000000000000021e-02
1.005000000000000000e+03 1.196010600065295360e-01 1.000000000000000021e-02
1.006000000000000000e+03 1.193793462400777050e-01 1.000000000000000021e-02
1.007000000000000000e+03 1.191399000487697035e-01 1.000000000000000021e-02
1.008000000000000000e+03 1.188839112694426992e-01 1.000000000000000021e-02
1.009000000000000000e+03 1.186567733156548149e-01 1.000000000000000021e-02
1.010000000000000000e+03 1.184512803581492246e-01 1.000000000000000021e-02
1.011000000000000000e+03 1.182328252568109195e-01 1.000000000000000021e-02
1.012000000000000000e+03 1.180024230400833207e-01 1.000000000000000021e-02
1.013000000000000000e+03 1.177735641179493004e-01 1.000000000000000021e-02
1.014000000000000000e+03 1.175471170717014430e-01 1.000000000000000021e-02
1.015000000000000000e+03 1.173379526887939478e-01 1.000000000000000021e-02
1.016000000000000000e+03 1.171189526200766967e-01 1.000000000000000021e-02
1.017000000000000000e+03 1.168860307767640577e-01 1.000000000000000021e-02
1.018000000000000000e+03 1.166746171806553045e-01 1.000000000000000021e-02
1.019000000000000000e+03 1.164588241572785121e-01 1.000000000000000021e-02
1.020000000000000000e+03 1.162252646893708607e-01 1.000000000000000021e-02
1.021000000000000000e+03 1.160041789194043715e-01 1.000000000000000021e-02
1.022000000000000000e+03 1.157909595268186154e-01 1.000000000000000021e-02
1.023000000000000000e+03 1.155640820592699208e-01 1.000000000000000021e-02
1.024000000000000000e+03 1.153389870577009313e-01 1.000000000000000021e-02
1.025000000000000000e+03 1.151025373657403733e-01 1.000000000000000021e-02
1.026000000000000000e+03 1.148795760131288285e-01 1.000000000000000021e-02
1.027000000000000000e+03 1.146595957454178832e-01 1.000000000000000021e-02
1.028000000000000000e+03 1.144322668490724143e-01 1.000000000000000021e-02
1.029000000000000000e+03 1.142116059490449059e-01 1.000000000000000021e-02
1.030000000000000000e+03 1.140069173656041157e-01 1.000000000000000021e-02
1.031000000000000000e+03 1.137788572629169354e-01 1.000000000000000021e-02
1.032000000000000000e+03 1.135604729256972645e-01 1.000000000000000021e-02
1.033000000000000000e+03 1.133510576745598575e-01 1.000000000000000021e-02
1.034000000000000000e+03 1.131328623136444306e-01 1.000000000000000021e-02
1.035000000000000000e+03 1.129154859013230677e-01 1.000000000000000021e-02
1.036000000000000000e+03 1.126993427299116252e-01 1.000000000000000021e-02
1.037000000000000000e+03 1.124840081875462805e-01 1.000000000000000021e-02
1.038000000000000000e+03 1.122745826523415119e-01 1.000000000000000021e-02
1.039000000000000000e+03 1.120523320410969359e-01 1.000000000000000021e-02
1.040000000000000000e+03 1.118314468704729447e-01 1.000000000000000021e-02
1.041000000000000000e+03 1.116104599537942055e-01 1.000000000000000021e-02
1.042000000000000000e+03 1.113836021989433461e-01 1.000000000000000021e-02
1.043000000000000000e+03 1.111680173864633830e-01 1.000000000000000021e-02
1.044000000000000000e+03 1.109499811584005874e-01 1.000000000000000021e-02
1.045000000000000000e+03 1.107339286331152362e-01 1.000000000000000021e-02
1.046000000000000000e+03 1.105175415031397074e-01 1.000000000000000021e-02
1.047000000000000000e+03 1.103031963910313246e-01 1.000000000000000021e-02
1.048000000000000000e+03 1.100967156256481977e-01 1.000000000000000021e-02
1.049000000000000000e+03 1.098780065055711408e-01 1.000000000000000021e-02
1.050000000000000000e+03 1.096552571259646336e-01 1.000000000000000021e-02
1.051000000000000000e+03 1.094365966329418349e-01 1.000000000000000021e-02
1.052000000000000000e+03 1.092108675739249940e-01 1.000000000000000021e-02
1.053000000000000000e+03 1.089956487630499016e-01 1.000000000000000021e-02
1.054000000000000000e+03 1.087867456011663986e-01 1.000000000000000021e-02
1.055000000000000000e+03 1.085830545572758071e-01 1.000000000000000021e-02
1.056000000000000000e+03 1.083689674284448456e-01 1.000000000000000021e-02
1.057000000000000000e+03 1.081457092157226962e-01 1.000000000000000021e-02
1.058000000000000000e+03 1.079231828542343424e-01 1.000000000000000021e-02
1.059000000000000000e+03 1.077003146346193069e-01 1.000000000000000021e-02
1.060000000000000000e+03 1.074928435668890125e-01 1.000000000000000021e-02
1.061000000000000000e+03 1.072831846993392430e-01 1.000000000000000021e-02
1.062000000000000000e+03 1.070750076468989787e-01 1.000000000000000021e-02
1.063000000000000000e+03 1.068615766548769580e-01 1.000000000000000021e-02
1.064000000000000000e+03 1.066392716459439727e-01 1.000000000000000021e-02
1.065000000000000000e+03 1.064168578463598053e-01 1.000000000000000021e-02
1.066000000000000000e+03 1.062075547078043386e-01 1.000000000000000021e-02
1.067000000000000000e+03 1.059978285487742644e-01 1.000000000000000021e-02
1.068000000000000000e+03 1.057798301495642829e-01 1.000000000000000021e-02
1.069000000000000000e+03 1.055633328400483462e-01 1.000000000000000021e-02
1.070000000000000000e+03 1.053390577123673594e-01 1.000000000000000021e-02
1.071000000000000000e+03 1.051245774881971184e-01 1.000000000000000021e-02
1.072000000000000000e+03 1.049152607726841491e-01 1.000000000000000021e-02
1.073000000000000000e+03 1.046956209741692762e-01 1.000000000000000021e-02
1.074000000000000000e+03 1.044767186283627747e-01 1.000000000000000021e-02
1.075000000000000000e+03 1.042647285742117902e-01 1.000000000000000021e-02
1.076000000000000000e+03 1.040596219677480255e-01 1.000000000000000021e-02
1.077000000000000000e+03 1.038455180428809049e-01 1.000000000000000021e-02
1.078000000000000000e+03 1.036212896652046189e-01 1.000000000000000021e-02
1.079000000000000000e+03 1.034035330641441819e-01 1.000000000000000021e-02
1.080000000000000000e+03 1.031920774114133826e-01 1.000000000000000021e-02
1.081000000000000000e+03 1.029784948770345182e-01 1.000000000000000021e-02
1.082000000000000000e+03 1.027700012093314824e-01 1.000000000000000021e-02
1.083000000000000000e+03 1.025620816795760476e-01 1.000000000000000021e-02
1.084000000000000000e+03 1.023435578389347289e-01 1.000000000000000021e-02
1.085000000000000000e+03 1.021194176941849635e-01 1.000000000000000021e-02
1.086000000000000000e+03 1.018990383046990966e-01 1.000000000000000021e-02
1.087000000000000000e+03 1.016894478062996543e-01 1.000000000000000021e-02
1.088000000000000000e+03 1.014609683244215160e-01 1.000000000000000021e-02
1.089000000000000000e+03 1.012416930218460465e-01 1.000000000000000021e-02
1.090000000000000000e+03 1.010405070964937591e-01 1.000000000000000021e-02
1.091000000000000000e+03 1.008172516979462807e-01 1.000000000000000021e-02
1.092000000000000000e+03 1.006017408939573476e-01 1.000000000000000021e-02
1.093000000000000000e+03 1.003901739702240947e-01 1.000000000000000021e-02
1.094000000000000000e+03 1.001864528806706844e-01 1.000000000000000021e-02
1.095000000000000000e+03 9.999125707183426082e-02 1.000000000000000021e-02
1.096000000000000000e+03 9.977238974803397109e-02 1.000000000000000021e-02
1.097000000000000000e+03 9.954322888082876852e-02 1.000000000000000021e-02
1.098000000000000000e+03 9.932788582639212605e-02 1.000000000000000021e-02
1.099000000000000000e+03 9.910761146523802689e-02 1.000000000000000021e-02
