3.000000000000000000e+02 3.270747949758815998e-01
3.010000000000000000e+02 3.379368952983943242e-01
3.020000000000000000e+02 3.492359584308411535e-01
3.030000000000000000e+02 3.594437244646251362e-01
3.040000000000000000e+02 3.686262022559255724e-01
3.050000000000000000e+02 3.781292220143011029e-01
3.060000000000000000e+02 3.871757548935463311e-01
3.070000000000000000e+02 3.958752212939690707e-01
3.080000000000000000e+02 4.045742866376728641e-01
3.090000000000000000e+02 4.131789936530733121e-01
3.100000000000000000e+02 4.211655668868873326e-01
3.110000000000000000e+02 4.293254365517699123e-01
3.120000000000000000e+02 4.363808724692332941e-01
3.130000000000000000e+02 4.444690674363090399e-01
3.140000000000000000e+02 4.512136481288236411e-01
3.150000000000000000e+02 4.592843645503998928e-01
3.160000000000000000e+02 4.664541267559401128e-01
3.170000000000000000e+02 4.733693071177250689e-01
3.180000000000000000e+02 4.803135463551468920e-01
3.190000000000000000e+02 4.876777040080632619e-01
3.200000000000000000e+02 4.945044804022641349e-01
3.210000000000000000e+02 5.004514318039822163e-01
3.220000000000000000e+02 5.073762473024220343e-01
3.230000000000000000e+02 5.135548913190712828e-01
3.240000000000000000e+02 5.196853745744844932e-01
3.250000000000000000e+02 5.253145192131025709e-01
3.260000000000000000e+02 5.309521000604726648e-01
3.270000000000000000e+02 5.364177463493147169e-01
3.280000000000000000e+02 5.417019848181047204e-01
3.290000000000000000e+02 5.473211038373835269e-01
3.300000000000000000e+02 5.522586498733500493e-01
3.310000000000000000e+02 5.570743840001658453e-01
3.320000000000000000e+02 5.617217428339527086e-01
3.330000000000000000e+02 5.659949571831104365e-01
3.340000000000000000e+02 5.702998176271910635e-01
3.350000000000000000e+02 5.744663235609256402e-01
3.360000000000000000e+02 5.785543309999635619e-01
3.370000000000000000e+02 5.820723286945682640e-01
3.380000000000000000e+02 5.856800381491406027e-01
3.390000000000000000e+02 5.887178654115972076e-01
3.400000000000000000e+02 5.917475847907366360e-01
3.410000000000000000e+02 5.952344946002875448e-01
3.420000000000000000e+02 5.987467971709381498e-01
3.430000000000000000e+02 6.015179660706806430e-01
3.440000000000000000e+02 6.042733408624264557e-01
3.450000000000000000e+02 6.076102098167384113e-01
3.460000000000000000e+02 6.096042318179377695e-01
3.470000000000000000e+02 6.126460532645207069e-01
3.480000000000000000e+02 6.151785727874868881e-01
3.490000000000000000e+02 6.179896416512944413e-01
3.500000000000000000e+02 6.199444678350489735e-01
3.510000000000000000e+02 6.227570373942559190e-01
3.520000000000000000e+02 6.243801818415322114e-01
3.530000000000000000e+02 6.266458543986573870e-01
3.540000000000000000e+02 6.293065189552847771e-01
3.550000000000000000e+02 6.320299047841551054e-01
3.560000000000000000e+02 6.340401160194341079e-01
3.570000000000000000e+02 6.363217800384527445e-01
3.580000000000000000e+02 6.386995726125169748e-01
3.590000000000000000e+02 6.410912682305812682e-01
3.600000000000000000e+02 6.434975467317702869e-01
3.610000000000000000e+02 6.455205815180254936e-01
3.620000000000000000e+02 6.474687673372320207e-01
3.630000000000000000e+02 6.499885023926932348e-01
3.640000000000000000e+02 6.525163319865621148e-01
3.650000000000000000e+02 6.544803417750220120e-01
3.660000000000000000e+02 6.566753945845509310e-01
3.670000000000000000e+02 6.592731946625838280e-01
3.680000000000000000e+02 6.617322968634808955e-01
3.690000000000000000e+02 6.637910868038983114e-01
3.700000000000000000e+02 6.660751335857919564e-01
3.710000000000000000e+02 6.680152510151342593e-01
3.720000000000000000e+02 6.706424660594771936e-01
3.730000000000000000e+02 6.724833245785535318e-01
3.740000000000000000e+02 6.751111768469558738e-01
3.750000000000000000e+02 6.770969435487199650e-01
3.760000000000000000e+02 6.790788020364514344e-01
3.770000000000000000e+02 6.818304949937198378e-01
3.780000000000000000e+02 6.834047299027293798e-01
3.790000000000000000e+02 6.859413568450527521e-01
3.800000000000000000e+02 6.875857202689011904e-01
3.810000000000000000e+02 6.896358373540333320e-01
3.820000000000000000e+02 6.912286803051774786e-01
3.830000000000000000e+02 6.934409788099752392e-01
3.840000000000000000e+02 6.951495894673551668e-01
3.850000000000000000e+02 6.971317426130333450e-01
3.860000000000000000e+02 6.995148554494144966e-01
3.870000000000000000e+02 7.011815721078871189e-01
3.880000000000000000e+02 7.019375371660065976e-01
3.890000000000000000e+02 7.036573712181420914e-01
3.900000000000000000e+02 7.062017942607180521e-01
3.910000000000000000e+02 7.072875779063695356e-01
3.920000000000000000e+02 7.087666314977769666e-01
3.930000000000000000e+02 7.108103920489114991e-01
3.940000000000000000e+02 7.115641294832432129e-01
3.950000000000000000e+02 7.130505319598191560e-01
3.960000000000000000e+02 7.141429880541168007e-01
3.970000000000000000e+02 7.155934391052506394e-01
3.980000000000000000e+02 7.161959193502658305e-01
3.990000000000000000e+02 7.174213458690511525e-01
4.000000000000000000e+02 7.181560523686056907e-01
4.010000000000000000e+02 7.197459782625414970e-01
4.020000000000000000e+02 7.210362356143563689e-01
4.030000000000000000e+02 7.215901135424634960e-01
4.040000000000000000e+02 7.223184313411072921e-01
4.050000000000000000e+02 7.226344671607710657e-01
4.060000000000000000e+02 7.239517735057133807e-01
4.070000000000000000e+02 7.244787916056971699e-01
4.080000000000000000e+02 7.249791077892225877e-01
4.090000000000000000e+02 7.257793439011596126e-01
4.100000000000000000e+02 7.259256708085694010e-01
4.110000000000000000e+02 7.263966352720202524e-01
4.120000000000000000e+02 7.267139797031659798e-01
4.130000000000000000e+02 7.268418718087075181e-01
4.140000000000000000e+02 7.281239379228947595e-01
4.150000000000000000e+02 7.284940612098612656e-01
4.160000000000000000e+02 7.285844169517978752e-01
4.170000000000000000e+02 7.283995118414939851e-01
4.180000000000000000e+02 7.291839769592207698e-01
4.190000000000000000e+02 7.291613458967292072e-01
4.200000000000000000e+02 7.296911917840166462e-01
4.210000000000000000e+02 7.301828391510297722e-01
4.220000000000000000e+02 7.301204385358267546e-01
4.230000000000000000e+02 7.306371887622277184e-01
4.240000000000000000e+02 7.305669920577401166e-01
4.250000000000000000e+02 7.307897961005682674e-01
4.260000000000000000e+02 7.312523516596922679e-01
4.270000000000000000e+02 7.320513712504401749e-01
4.280000000000000000e+02 7.322304438265594406e-01
4.290000000000000000e+02 7.324816982154960243e-01
4.300000000000000000e+02 7.326338942774580643e-01
4.310000000000000000e+02 7.327262504806247856e-01
4.320000000000000000e+02 7.336594150386865909e-01
4.330000000000000000e+02 7.333677084509035993e-01
4.340000000000000000e+02 7.338613600362919875e-01
4.350000000000000000e+02 7.341475705305030575e-01
4.360000000000000000e+02 7.343602526960570920e-01
4.370000000000000000e+02 7.346559693654394207e-01
4.380000000000000000e+02 7.350148310784724304e-01
4.390000000000000000e+02 7.353586545752699433e-01
4.400000000000000000e+02 7.356692109525286849e-01
4.410000000000000000e+02 7.360057325594712152e-01
4.420000000000000000e+02 7.364615157265462786e-01
4.430000000000000000e+02 7.378454861651272401e-01
4.440000000000000000e+02 7.378541616164197015e-01
4.450000000000000000e+02 7.381369321941829709e-01
4.460000000000000000e+02 7.384853180065887868e-01
4.470000000000000000e+02 7.395124891261497524e-01
4.480000000000000000e+02 7.398905535543903733e-01
4.490000000000000000e+02 7.401804694679680052e-01
4.500000000000000000e+02 7.411492544161220053e-01
4.510000000000000000e+02 7.415049688465991107e-01
4.520000000000000000e+02 7.416933025091658749e-01
4.530000000000000000e+02 7.426386929191698405e-01
4.540000000000000000e+02 7.432009504883768658e-01
4.550000000000000000e+02 7.437084450736867192e-01
4.560000000000000000e+02 7.448000281140817469e-01
4.570000000000000000e+02 7.454482485078830489e-01
4.580000000000000000e+02 7.464490318459562346e-01
4.590000000000000000e+02 7.469418686160995691e-01
4.600000000000000000e+02 7.478455875541698550e-01
4.610000000000000000e+02 7.488845704012458970e-01
4.620000000000000000e+02 7.495113819958736379e-01
4.630000000000000000e+02 7.497029888838464551e-01
4.640000000000000000e+02 7.509108568119411409e-01
4.650000000000000000e+02 7.513474677095489662e-01
4.660000000000000000e+02 7.522889416662686957e-01
4.670000000000000000e+02 7.538585541576896532e-01
4.680000000000000000e+02 7.541345653513937819e-01
4.690000000000000000e+02 7.545781737276706647e-01
4.700000000000000000e+02 7.557646446423565978e-01
4.710000000000000000e+02 7.564648069132651198e-01
4.720000000000000000e+02 7.575500469318757757e-01
4.730000000000000000e+02 7.586223292820030162e-01
4.740000000000000000e+02 7.590432313542869736e-01
4.750000000000000000e+02 7.605882112020806440e-01
4.760000000000000000e+02 7.611761256071873927e-01
4.770000000000000000e+02 7.624707293611464598e-01
4.780000000000000000e+02 7.629015781106169847e-01
4.790000000000000000e+02 7.632520096813621979e-01
4.800000000000000000e+02 7.644898158011281808e-01
4.810000000000000000e+02 7.656478067336871529e-01
4.820000000000000000e+02 7.660942675614021979e-01
4.830000000000000000e+02 7.666998469698607099e-01
4.840000000000000000e+02 7.677705524684000915e-01
4.850000000000000000e+02 7.686330517711795762e-01
4.860000000000000000e+02 7.689186566548839030e-01
4.870000000000000000e+02 7.699541621447484330e-01
4.880000000000000000e+02 7.710448929515130168e-01
4.890000000000000000e+02 7.712449653838190367e-01
4.900000000000000000e+02 7.723197924817211124e-01
4.910000000000000000e+02 7.731796673450606061e-01
4.920000000000000000e+02 7.743823370359188552e-01
4.930000000000000000e+02 7.743582773770969485e-01
4.940000000000000000e+02 7.752731943414904459e-01
4.950000000000000000e+02 7.758667799450357228e-01
4.960000000000000000e+02 7.771530349796246240e-01
4.970000000000000000e+02 7.773077423545383668e-01
4.980000000000000000e+02 7.786362952989256403e-01
4.990000000000000000e+02 7.788064327884411941e-01
5.000000000000000000e+02 7.799849532925555717e-01
5.010000000000000000e+02 7.798773188236036713e-01
5.020000000000000000e+02 7.806532769026959251e-01
5.030000000000000000e+02 7.809775814439752217e-01
5.040000000000000000e+02 7.818092307701717258e-01
5.050000000000000000e+02 7.829224667469668608e-01
5.060000000000000000e+02 7.825942776958082492e-01
5.070000000000000000e+02 7.832581376206414481e-01
5.080000000000000000e+02 7.847921681843887942e-01
5.090000000000000000e+02 7.849008882165556811e-01
5.100000000000000000e+02 7.848246188034156967e-01
5.110000000000000000e+02 7.853247984136024762e-01
5.120000000000000000e+02 7.853248007404652897e-01
5.130000000000000000e+02 7.859622731776666482e-01
5.140000000000000000e+02 7.865253998915073819e-01
5.150000000000000000e+02 7.868832251146373746e-01
5.160000000000000000e+02 7.869094967683927244e-01
5.170000000000000000e+02 7.876191681300316327e-01
5.180000000000000000e+02 7.883602818317805294e-01
5.190000000000000000e+02 7.879422487925169527e-01
5.200000000000000000e+02 7.882104221840530167e-01
5.210000000000000000e+02 7.891019466763690149e-01
5.220000000000000000e+02 7.889633100122127596e-01
5.230000000000000000e+02 7.885374730528105225e-01
5.240000000000000000e+02 7.893708384275625045e-01
5.250000000000000000e+02 7.898323944266015806e-01
5.260000000000000000e+02 7.896677343686365758e-01
5.270000000000000000e+02 7.905962475836615377e-01
5.280000000000000000e+02 7.901336580763368422e-01
5.290000000000000000e+02 7.910418407437279642e-01
5.300000000000000000e+02 7.906867087097142477e-01
5.310000000000000000e+02 7.907051682225754163e-01
5.320000000000000000e+02 7.916497503003420144e-01
5.330000000000000000e+02 7.911188942951559167e-01
5.340000000000000000e+02 7.916437548645508526e-01
5.350000000000000000e+02 7.913105903096295801e-01
5.360000000000000000e+02 7.916494286764700350e-01
5.370000000000000000e+02 7.918335266322554800e-01
5.380000000000000000e+02 7.911417603161511325e-01
5.390000000000000000e+02 7.915260401193362494e-01
5.400000000000000000e+02 7.918203924381455039e-01
5.410000000000000000e+02 7.917921295493132172e-01
5.420000000000000000e+02 7.918649834138630217e-01
5.430000000000000000e+02 7.913396451220580108e-01
5.440000000000000000e+02 7.914044062119878209e-01
5.450000000000000000e+02 7.921468864437282154e-01
5.460000000000000000e+02 7.919102897725436296e-01
5.470000000000000000e+02 7.914174550929274909e-01
5.480000000000000000e+02 7.912831236113503364e-01
5.490000000000000000e+02 7.919528140096510072e-01
5.500000000000000000e+02 7.915850381611118092e-01
5.510000000000000000e+02 7.915552522789590650e-01
5.520000000000000000e+02 7.917159117943530777e-01
5.530000000000000000e+02 7.913895649667672672e-01
5.540000000000000000e+02 7.917846870436141549e-01
5.550000000000000000e+02 7.912718354571725010e-01
5.560000000000000000e+02 7.918387156883280875e-01
5.570000000000000000e+02 7.913922112215724392e-01
5.580000000000000000e+02 7.921540383280348818e-01
5.590000000000000000e+02 7.919246190649272821e-01
5.600000000000000000e+02 7.920153533315942296e-01
5.610000000000000000e+02 7.920455096612499801e-01
5.620000000000000000e+02 7.921862190453440311e-01
5.630000000000000000e+02 7.920972733704825242e-01
5.640000000000000000e+02 7.925627721114590907e-01
5.650000000000000000e+02 7.918074593420501017e-01
5.660000000000000000e+02 7.921546530945299258e-01
5.670000000000000000e+02 7.925067874621979369e-01
5.680000000000000000e+02 7.924221459935099077e-01
5.690000000000000000e+02 7.921323219573793706e-01
5.700000000000000000e+02 7.923973758570439507e-01
5.710000000000000000e+02 7.927739661283395023e-01
5.720000000000000000e+02 7.922686540693183455e-01
5.730000000000000000e+02 7.928489486664244135e-01
5.740000000000000000e+02 7.926952527246884372e-01
5.750000000000000000e+02 7.924440707065124601e-01
5.760000000000000000e+02 7.923054424566797760e-01
5.770000000000000000e+02 7.931856570997635192e-01
5.780000000000000000e+02 7.932316251799899076e-01
5.790000000000000000e+02 7.929880113980426470e-01
5.800000000000000000e+02 7.933213366583833359e-01
5.810000000000000000e+02 7.930926775646589544e-01
5.820000000000000000e+02 7.935263982524244364e-01
5.830000000000000000e+02 7.937359484348636141e-01
5.840000000000000000e+02 7.937624189438758915e-01
5.850000000000000000e+02 7.938813742962449460e-01
5.860000000000000000e+02 7.944309881643567550e-01
5.870000000000000000e+02 7.944190700570672448e-01
5.880000000000000000e+02 7.941958855463209233e-01
5.890000000000000000e+02 7.943893662740986183e-01
5.900000000000000000e+02 7.946823725735059352e-01
5.910000000000000000e+02 7.950650729994841459e-01
5.920000000000000000e+02 7.953300584172555698e-01
5.930000000000000000e+02 7.950943077594609942e-01
5.940000000000000000e+02 7.955235581693044233e-01
5.950000000000000000e+02 7.958552538824706923e-01
5.960000000000000000e+02 7.966817317278213073e-01
5.970000000000000000e+02 7.963929793174000515e-01
5.980000000000000000e+02 7.967483661396520533e-01
5.990000000000000000e+02 7.969210840018372544e-01
6.000000000000000000e+02 7.972292898627099111e-01
6.010000000000000000e+02 7.971837984256795462e-01
6.020000000000000000e+02 7.976125223943364428e-01
6.030000000000000000e+02 7.982622824221836666e-01
6.040000000000000000e+02 7.983676514913617961e-01
6.050000000000000000e+02 7.988398793034978684e-01
6.060000000000000000e+02 7.991725411431700454e-01
6.070000000000000000e+02 7.993197281588385605e-01
6.080000000000000000e+02 7.996445970405207104e-01
6.090000000000000000e+02 7.999757739386190725e-01
6.100000000000000000e+02 8.000581902970416159e-01
6.110000000000000000e+02 8.005523518771728853e-01
6.120000000000000000e+02 8.010541113161088189e-01
6.130000000000000000e+02 8.017326323186254600e-01
6.140000000000000000e+02 8.015830636852674385e-01
6.150000000000000000e+02 8.019104652313110426e-01
6.160000000000000000e+02 8.029077477383703698e-01
6.170000000000000000e+02 8.027109272846857380e-01
6.180000000000000000e+02 8.033774192286529114e-01
6.190000000000000000e+02 8.038789568310459321e-01
6.200000000000000000e+02 8.046432723574852286e-01
6.210000000000000000e+02 8.044868701737386552e-01
6.220000000000000000e+02 8.048305877692109034e-01
6.230000000000000000e+02 8.053295092413167433e-01
6.240000000000000000e+02 8.060066848854940957e-01
6.250000000000000000e+02 8.063638158570348713e-01
6.260000000000000000e+02 8.068992737177754782e-01
6.270000000000000000e+02 8.067668681861090985e-01
6.280000000000000000e+02 8.076346863309494806e-01
6.290000000000000000e+02 8.081374620536182496e-01
6.300000000000000000e+02 8.090561392893441672e-01
6.310000000000000000e+02 8.088075360923903112e-01
6.320000000000000000e+02 8.096032983520116133e-01
6.330000000000000000e+02 8.094650301067658482e-01
6.340000000000000000e+02 8.102121155796363494e-01
6.350000000000000000e+02 8.113121646552138300e-01
6.360000000000000000e+02 8.111299133424832997e-01
6.370000000000000000e+02 8.113868326459675595e-01
6.380000000000000000e+02 8.121263763597886820e-01
6.390000000000000000e+02 8.125410105194703636e-01
6.400000000000000000e+02 8.130018376780655531e-01
6.410000000000000000e+02 8.136393916369044632e-01
6.420000000000000000e+02 8.137326794802490770e-01
6.430000000000000000e+02 8.144840472666089459e-01
6.440000000000000000e+02 8.150648851802221317e-01
6.450000000000000000e+02 8.147555612986998597e-01
6.460000000000000000e+02 8.157872363069141874e-01
6.470000000000000000e+02 8.159364189288206282e-01
6.480000000000000000e+02 8.165714388823729353e-01
6.490000000000000000e+02 8.172513917458118504e-01
6.500000000000000000e+02 8.174651313093583838e-01
6.510000000000000000e+02 8.178325644148044526e-01
6.520000000000000000e+02 8.185753481187221237e-01
6.530000000000000000e+02 8.180550025074745379e-01
6.540000000000000000e+02 8.192149689822147973e-01
6.550000000000000000e+02 8.193111743607596198e-01
6.560000000000000000e+02 8.200265714082122237e-01
6.570000000000000000e+02 8.205831180164273597e-01
6.580000000000000000e+02 8.215610164381622615e-01
6.590000000000000000e+02 8.209125755804302926e-01
6.600000000000000000e+02 8.215761630280471461e-01
6.610000000000000000e+02 8.221482152117227660e-01
6.620000000000000000e+02 8.227198412846248310e-01
6.630000000000000000e+02 8.233772332685662665e-01
6.640000000000000000e+02 8.242123485402639282e-01
6.650000000000000000e+02 8.244641197622741835e-01
6.660000000000000000e+02 8.248024272740366314e-01
6.670000000000000000e+02 8.248238508124173807e-01
6.680000000000000000e+02 8.249989534946969849e-01
6.690000000000000000e+02 8.255973094516527722e-01
6.700000000000000000e+02 8.261920708554920667e-01
6.710000000000000000e+02 8.263569411867146552e-01
6.720000000000000000e+02 8.277580536223887453e-01
6.730000000000000000e+02 8.269472153741593834e-01
6.740000000000000000e+02 8.279794399294733154e-01
6.750000000000000000e+02 8.283555099639706709e-01
6.760000000000000000e+02 8.285028103750505801e-01
6.770000000000000000e+02 8.290525075972776659e-01
6.780000000000000000e+02 8.300284343270950549e-01
6.790000000000000000e+02 8.295069321352462888e-01
6.800000000000000000e+02 8.294778067292141177e-01
6.810000000000000000e+02 8.301245802082402037e-01
6.820000000000000000e+02 8.309492411643402132e-01
6.830000000000000000e+02 8.312928881974299689e-01
6.840000000000000000e+02 8.307472425229874835e-01
6.850000000000000000e+02 8.311037348802100544e-01
6.860000000000000000e+02 8.314345171135737456e-01
6.870000000000000000e+02 8.325548918534431131e-01
6.880000000000000000e+02 8.327174874584918340e-01
6.890000000000000000e+02 8.328747054900674796e-01
6.900000000000000000e+02 8.340305607494343798e-01
6.910000000000000000e+02 8.329234940510283902e-01
6.920000000000000000e+02 8.336820789791312691e-01
6.930000000000000000e+02 8.341383787147224060e-01
6.940000000000000000e+02 8.346592276785865794e-01
6.950000000000000000e+02 8.347180353023365695e-01
6.960000000000000000e+02 8.349781667665473472e-01
6.970000000000000000e+02 8.352318895623441763e-01
6.980000000000000000e+02 8.356873064384666705e-01
6.990000000000000000e+02 8.361605331312018663e-01
7.000000000000000000e+02 8.360559243374550142e-01
7.010000000000000000e+02 8.368176482148355078e-01
7.020000000000000000e+02 8.368406781075498069e-01
7.030000000000000000e+02 8.365612746515057596e-01
7.040000000000000000e+02 8.372144170029567345e-01
7.050000000000000000e+02 8.377741915130586525e-01
7.060000000000000000e+02 8.376386832400706250e-01
7.070000000000000000e+02 8.373829300994346525e-01
7.080000000000000000e+02 8.383390254204632352e-01
7.090000000000000000e+02 8.375907513926725834e-01
7.100000000000000000e+02 8.384223581016299054e-01
7.110000000000000000e+02 8.386972714313221111e-01
7.120000000000000000e+02 8.393131648959898383e-01
7.130000000000000000e+02 8.398561055923376983e-01
7.140000000000000000e+02 8.394261577940215213e-01
7.150000000000000000e+02 8.391981252965795557e-01
7.160000000000000000e+02 8.385057034846372659e-01
7.170000000000000000e+02 8.394195590702472343e-01
7.180000000000000000e+02 8.396618950839337403e-01
7.190000000000000000e+02 8.399207490102842399e-01
7.200000000000000000e+02 8.401313881445359177e-01
7.210000000000000000e+02 8.407506098427288688e-01
7.220000000000000000e+02 8.401443476308881886e-01
7.230000000000000000e+02 8.410096310401968811e-01
7.240000000000000000e+02 8.408083745917246388e-01
7.250000000000000000e+02 8.408114724057562661e-01
7.260000000000000000e+02 8.421032086798656557e-01
7.270000000000000000e+02 8.402499269146194161e-01
7.280000000000000000e+02 8.400335180223973408e-01
7.290000000000000000e+02 8.420955834860607281e-01
7.300000000000000000e+02 8.413836284806308630e-01
7.310000000000000000e+02 8.410382004879238815e-01
7.320000000000000000e+02 8.417280038257175523e-01
7.330000000000000000e+02 8.415593159055325678e-01
7.340000000000000000e+02 8.413412130258153265e-01
7.350000000000000000e+02 8.417649349857624363e-01
7.360000000000000000e+02 8.417005838052857847e-01
7.370000000000000000e+02 8.422343625198807082e-01
7.380000000000000000e+02 8.418619754890882545e-01
7.390000000000000000e+02 8.414414869499388105e-01
7.400000000000000000e+02 8.422178038293797186e-01
7.410000000000000000e+02 8.403611990256169006e-01
7.420000000000000000e+02 8.419599484043600590e-01
7.430000000000000000e+02 8.422877059926920928e-01
7.440000000000000000e+02 8.421976781824133118e-01
7.450000000000000000e+02 8.410666051993492820e-01
7.460000000000000000e+02 8.426320172882473258e-01
7.470000000000000000e+02 8.420252430203404304e-01
7.480000000000000000e+02 8.426625959992426473e-01
7.490000000000000000e+02 8.416824759570963321e-01
7.500000000000000000e+02 8.407927223315813103e-01
7.510000000000000000e+02 8.418808323259339144e-01
7.520000000000000000e+02 8.431320369060578690e-01
7.530000000000000000e+02 8.417496634692591684e-01
7.540000000000000000e+02 8.427408310987928308e-01
7.550000000000000000e+02 8.417938802599981285e-01
7.560000000000000000e+02 8.416979731776694784e-01
7.570000000000000000e+02 8.420133698822231949e-01
7.580000000000000000e+02 8.414074293685531725e-01
7.590000000000000000e+02 8.424125922127096988e-01
7.600000000000000000e+02 8.423547257673035249e-01
7.610000000000000000e+02 8.416279177261218880e-01
7.620000000000000000e+02 8.418901744159044132e-01
7.630000000000000000e+02 8.410928440977153420e-01
7.640000000000000000e+02 8.420889177449660812e-01
7.650000000000000000e+02 8.423696315670603507e-01
7.660000000000000000e+02 8.417295548358132429e-01
7.670000000000000000e+02 8.410672381091826022e-01
7.680000000000000000e+02 8.409775503533561958e-01
7.690000000000000000e+02 8.394414537522097985e-01
7.700000000000000000e+02 8.404745793713195301e-01
7.710000000000000000e+02 8.408876478595267434e-01
7.720000000000000000e+02 8.412318946924698393e-01
7.730000000000000000e+02 8.419197756399728894e-01
7.740000000000000000e+02 8.406782567590217470e-01
7.750000000000000000e+02 8.415020324210786828e-01
7.760000000000000000e+02 8.402157659444874360e-01
7.770000000000000000e+02 8.412233955764915061e-01
7.780000000000000000e+02 8.418864394265985762e-01
7.790000000000000000e+02 8.405528604100335199e-01
7.800000000000000000e+02 8.403221104443646672e-01
7.810000000000000000e+02 8.408693368787879541e-01
7.820000000000000000e+02 8.395383447505503360e-01
7.830000000000000000e+02 8.414389523900345225e-01
7.840000000000000000e+02 8.401092745778130366e-01
7.850000000000000000e+02 8.400617160381019799e-01
7.860000000000000000e+02 8.414363260228681085e-01
7.870000000000000000e+02 8.405659334145730854e-01
7.880000000000000000e+02 8.385775647814358580e-01
7.890000000000000000e+02 8.407287875753478579e-01
7.900000000000000000e+02 8.386741477148588197e-01
7.910000000000000000e+02 8.414901953275019109e-01
7.920000000000000000e+02 8.405101791435320990e-01
7.930000000000000000e+02 8.395089667351828266e-01
7.940000000000000000e+02 8.405669954510961439e-01
7.950000000000000000e+02 8.397747572587346276e-01
7.960000000000000000e+02 8.399206600070935336e-01
7.970000000000000000e+02 8.389491301752890484e-01
7.980000000000000000e+02 8.399654896700450291e-01
7.990000000000000000e+02 8.381758741556563086e-01
8.000000000000000000e+02 8.383497242194938304e-01
8.010000000000000000e+02 8.377743836137490074e-01
8.020000000000000000e+02 8.373133215217029024e-01
8.030000000000000000e+02 8.394954417548825543e-01
8.040000000000000000e+02 8.400181327359431682e-01
8.050000000000000000e+02 8.391744223957310345e-01
8.060000000000000000e+02 8.377642702677958741e-01
8.070000000000000000e+02 8.377906378365002071e-01
8.080000000000000000e+02 8.388192690603775148e-01
8.090000000000000000e+02 8.398970127474127967e-01
8.100000000000000000e+02 8.383343208337326047e-01
8.110000000000000000e+02 8.392560208812095413e-01
8.120000000000000000e+02 8.392682069507367837e-01
8.130000000000000000e+02 8.404233369521287855e-01
8.140000000000000000e+02 8.387778300897608119e-01
8.150000000000000000e+02 8.396856774571580528e-01
8.160000000000000000e+02 8.419667548971726534e-01
8.170000000000000000e+02 8.393903701887895918e-01
8.180000000000000000e+02 8.393713059855820724e-01
8.190000000000000000e+02 8.387628957208203007e-01
8.200000000000000000e+02 8.399784719077275641e-01
8.210000000000000000e+02 8.386461102461749695e-01
8.220000000000000000e+02 8.388189380414209362e-01
8.230000000000000000e+02 8.385393067308744008e-01
8.240000000000000000e+02 8.400361260184007195e-01
8.250000000000000000e+02 8.407193157503481951e-01
8.260000000000000000e+02 8.403554353274830246e-01
8.270000000000000000e+02 8.409053279911904433e-01
8.280000000000000000e+02 8.393643161178232504e-01
8.290000000000000000e+02 8.402832284328627388e-01
8.300000000000000000e+02 8.386347325215329773e-01
8.310000000000000000e+02 8.386943227782167609e-01
8.320000000000000000e+02 8.374862291191749186e-01
8.330000000000000000e+02 8.396656933572197445e-01
8.340000000000000000e+02 8.390975429361456905e-01
8.350000000000000000e+02 8.408521229862933044e-01
8.360000000000000000e+02 8.387434970602849482e-01
8.370000000000000000e+02 8.398436735878177517e-01
8.380000000000000000e+02 8.381057934833346934e-01
8.390000000000000000e+02 8.359234033725331248e-01
8.400000000000000000e+02 8.389104067472519244e-01
8.410000000000000000e+02 8.383415237336800940e-01
8.420000000000000000e+02 8.419144541329655063e-01
8.430000000000000000e+02 8.384374689814626525e-01
8.440000000000000000e+02 8.401503369875857885e-01
8.450000000000000000e+02 8.406608019817226607e-01
8.460000000000000000e+02 8.370862245171207805e-01
8.470000000000000000e+02 8.378504620365420097e-01
8.480000000000000000e+02 8.392103506370959254e-01
8.490000000000000000e+02 8.422387943572320346e-01
8.500000000000000000e+02 8.399862320524238424e-01
8.510000000000000000e+02 8.374272534085065445e-01
8.520000000000000000e+02 8.412079605056453913e-01
8.530000000000000000e+02 8.408107080983783232e-01
8.540000000000000000e+02 8.402805282895233763e-01
8.550000000000000000e+02 8.405718813034708248e-01
8.560000000000000000e+02 8.387534789875040753e-01
8.570000000000000000e+02 8.394359252465906085e-01
8.580000000000000000e+02 8.386250831273126538e-01
8.590000000000000000e+02 8.385420939395905604e-01
8.600000000000000000e+02 8.413058136645749086e-01
8.610000000000000000e+02 8.391352752640447443e-01
8.620000000000000000e+02 8.389487016479124648e-01
8.630000000000000000e+02 8.404020036679237249e-01
8.640000000000000000e+02 8.383360871292704353e-01
8.650000000000000000e+02 8.399983696863786431e-01
8.660000000000000000e+02 8.399375307129177681e-01
8.670000000000000000e+02 8.410169390601681672e-01
8.680000000000000000e+02 8.421471221923244599e-01
8.690000000000000000e+02 8.401811774706910985e-01
8.700000000000000000e+02 8.401553442788146642e-01
8.710000000000000000e+02 8.402910296784819044e-01
8.720000000000000000e+02 8.401342320877090986e-01
8.730000000000000000e+02 8.384128511730550848e-01
8.740000000000000000e+02 8.407867421029232569e-01
8.750000000000000000e+02 8.396601592678456516e-01
8.760000000000000000e+02 8.406296527136577490e-01
8.770000000000000000e+02 8.421516290574787567e-01
8.780000000000000000e+02 8.413279557778038376e-01
8.790000000000000000e+02 8.390967967812241746e-01
8.800000000000000000e+02 8.409434495586619596e-01
8.810000000000000000e+02 8.420677531109205249e-01
8.820000000000000000e+02 8.418939573087840245e-01
8.830000000000000000e+02 8.399673567473937563e-01
8.840000000000000000e+02 8.410284887730706815e-01
8.850000000000000000e+02 8.416392922115961683e-01
8.860000000000000000e+02 8.404049998337649319e-01
8.870000000000000000e+02 8.409285168181581671e-01
8.880000000000000000e+02 8.427568683783300818e-01
8.890000000000000000e+02 8.428533706192463670e-01
8.900000000000000000e+02 8.412157159265019057e-01
8.910000000000000000e+02 8.427797417956012227e-01
8.920000000000000000e+02 8.426770781406391908e-01
8.930000000000000000e+02 8.427836210103166747e-01
8.940000000000000000e+02 8.426647493436186798e-01
8.950000000000000000e+02 8.422507944169318472e-01
8.960000000000000000e+02 8.415878872763785656e-01
8.970000000000000000e+02 8.422528128937282199e-01
8.980000000000000000e+02 8.420284664354455995e-01
8.990000000000000000e+02 8.452438697236043241e-01
9.000000000000000000e+02 8.434642307871187406e-01
9.010000000000000000e+02 8.438662383566645220e-01
9.020000000000000000e+02 8.441790021149563339e-01
9.030000000000000000e+02 8.442405643496888601e-01
9.040000000000000000e+02 8.436389551140738297e-01
9.050000000000000000e+02 8.455435651463214519e-01
9.060000000000000000e+02 8.453832089084097889e-01
9.070000000000000000e+02 8.471341422550245914e-01
9.080000000000000000e+02 8.461254111552809487e-01
9.090000000000000000e+02 8.465463819332942341e-01
9.100000000000000000e+02 8.449433449311444244e-01
9.110000000000000000e+02 8.455279541324116632e-01
9.120000000000000000e+02 8.470157608337864907e-01
9.130000000000000000e+02 8.475366165166247079e-01
9.140000000000000000e+02 8.477609628302749112e-01
9.150000000000000000e+02 8.446892200418113505e-01
9.160000000000000000e+02 8.469668611578231587e-01
9.170000000000000000e+02 8.459033990875662878e-01
9.180000000000000000e+02 8.475187707179483443e-01
9.190000000000000000e+02 8.468972172201403303e-01
9.200000000000000000e+02 8.485871810627249046e-01
9.210000000000000000e+02 8.499835058178083491e-01
9.220000000000000000e+02 8.481353928475273696e-01
9.230000000000000000e+02 8.473103578704971328e-01
9.240000000000000000e+02 8.469029593968914194e-01
9.250000000000000000e+02 8.496917008578097619e-01
9.260000000000000000e+02 8.493792061232560142e-01
9.270000000000000000e+02 8.483955957437526729e-01
9.280000000000000000e+02 8.466509822564417531e-01
9.290000000000000000e+02 8.491905650879046918e-01
9.300000000000000000e+02 8.509499727156573101e-01
9.310000000000000000e+02 8.502713291551223795e-01
9.320000000000000000e+02 8.506624246497821451e-01
9.330000000000000000e+02 8.502184467053510719e-01
9.340000000000000000e+02 8.500767667782027637e-01
9.350000000000000000e+02 8.539716740006277895e-01
9.360000000000000000e+02 8.505886906286816984e-01
9.370000000000000000e+02 8.492640582838638652e-01
9.380000000000000000e+02 8.521061219532795050e-01
9.390000000000000000e+02 8.514564210423267721e-01
9.400000000000000000e+02 8.512732254436751189e-01
9.410000000000000000e+02 8.513009497648135193e-01
9.420000000000000000e+02 8.510254437798541183e-01
9.430000000000000000e+02 8.519186896390833486e-01
9.440000000000000000e+02 8.531876053943321381e-01
9.450000000000000000e+02 8.530539697755751272e-01
9.460000000000000000e+02 8.546080284782207048e-01
9.470000000000000000e+02 8.543111649989406642e-01
9.480000000000000000e+02 8.527261501059685278e-01
9.490000000000000000e+02 8.537899078316716350e-01
9.500000000000000000e+02 8.547828997208652968e-01
9.510000000000000000e+02 8.546051620060558518e-01
9.520000000000000000e+02 8.543815378152095352e-01
9.530000000000000000e+02 8.558954943026083617e-01
9.540000000000000000e+02 8.542838292392500588e-01
9.550000000000000000e+02 8.539895130766436138e-01
9.560000000000000000e+02 8.547742027680987897e-01
9.570000000000000000e+02 8.556788112930489021e-01
9.580000000000000000e+02 8.567734581787209702e-01
9.590000000000000000e+02 8.572787812764662840e-01
9.600000000000000000e+02 8.554277025706409354e-01
9.610000000000000000e+02 8.569940615420652552e-01
9.620000000000000000e+02 8.578067599487466666e-01
9.630000000000000000e+02 8.574633249145492409e-01
9.640000000000000000e+02 8.579693687036192840e-01
9.650000000000000000e+02 8.576953829601902113e-01
9.660000000000000000e+02 8.582715082640591797e-01
9.670000000000000000e+02 8.574758164885466494e-01
9.680000000000000000e+02 8.578861607258075894e-01
9.690000000000000000e+02 8.568777641159163183e-01
9.700000000000000000e+02 8.590858575116731011e-01
9.710000000000000000e+02 8.591168030932582189e-01
9.720000000000000000e+02 8.586486657345638873e-01
9.730000000000000000e+02 8.593660256922973639e-01
9.740000000000000000e+02 8.598931270059932963e-01
9.750000000000000000e+02 8.604207452516255961e-01
9.760000000000000000e+02 8.595915770429588543e-01
9.770000000000000000e+02 8.587867896318240879e-01
9.780000000000000000e+02 8.592399017407666983e-01
9.790000000000000000e+02 8.603579573155316629e-01
9.800000000000000000e+02 8.597158602133373462e-01
9.810000000000000000e+02 8.590740869012410963e-01
9.820000000000000000e+02 8.591901839651956418e-01
9.830000000000000000e+02 8.589962384168324805e-01
9.840000000000000000e+02 8.615868992168727036e-01
9.850000000000000000e+02 8.605084375043707823e-01
9.860000000000000000e+02 8.642508933393717729e-01
9.870000000000000000e+02 8.619723341046039433e-01
9.880000000000000000e+02 8.623927317579356266e-01
9.890000000000000000e+02 8.625732411072672967e-01
9.900000000000000000e+02 8.607708004117777811e-01
9.910000000000000000e+02 8.615221349192176969e-01
9.920000000000000000e+02 8.636587510883503294e-01
9.930000000000000000e+02 8.632602219874796479e-01
9.940000000000000000e+02 8.624049082514634312e-01
9.950000000000000000e+02 8.625053918072943526e-01
9.960000000000000000e+02 8.635374005124097918e-01
9.970000000000000000e+02 8.618644822885251910e-01
9.980000000000000000e+02 8.642344239876529333e-01
9.990000000000000000e+02 8.650018012670684930e-01
1.000000000000000000e+03 8.690709696188970712e-01
1.001000000000000000e+03 8.690889622293521688e-01
1.002000000000000000e+03 8.690343907092156206e-01
1.003000000000000000e+03 8.694852730846646116e-01
1.004000000000000000e+03 8.677356129650800609e-01
1.005000000000000000e+03 8.700927529773013758e-01
1.006000000000000000e+03 8.676119202764791538e-01
1.007000000000000000e+03 8.669915531166655365e-01
1.008000000000000000e+03 8.694136136050369945e-01
1.009000000000000000e+03 8.683287060932882717e-01
1.010000000000000000e+03 8.716010661181383679e-01
1.011000000000000000e+03 8.704121196597889298e-01
1.012000000000000000e+03 8.708951429024891500e-01
1.013000000000000000e+03 8.702840559087753336e-01
1.014000000000000000e+03 8.717083625126065272e-01
1.015000000000000000e+03 8.720152006162410485e-01
1.016000000000000000e+03 8.713229891657701121e-01
1.017000000000000000e+03 8.721587507026516972e-01
1.018000000000000000e+03 8.728483510987107286e-01
1.019000000000000000e+03 8.725131046085569109e-01
1.020000000000000000e+03 8.739544363112083936e-01
1.021000000000000000e+03 8.712509469610150159e-01
1.022000000000000000e+03 8.715167662463277898e-01
1.023000000000000000e+03 8.706851882935087161e-01
1.024000000000000000e+03 8.730624928809428420e-01
1.025000000000000000e+03 8.713968625967402071e-01
1.026000000000000000e+03 8.707038493679977176e-01
1.027000000000000000e+03 8.745125992617476252e-01
1.028000000000000000e+03 8.718859015091684483e-01
1.029000000000000000e+03 8.718641699852965887e-01
1.030000000000000000e+03 8.750369947724583319e-01
1.031000000000000000e+03 8.742539475399803139e-01
1.032000000000000000e+03 8.720039264346207686e-01
1.033000000000000000e+03 8.744605417280333359e-01
1.034000000000000000e+03 8.736184027611144653e-01
1.035000000000000000e+03 8.727991848556975185e-01
1.036000000000000000e+03 8.743934780672006912e-01
1.037000000000000000e+03 8.744715319202183146e-01
1.038000000000000000e+03 8.754270645495675351e-01
1.039000000000000000e+03 8.763337932595038904e-01
1.040000000000000000e+03 8.763291038209973793e-01
1.041000000000000000e+03 8.748020104215639137e-01
1.042000000000000000e+03 8.746689641088279954e-01
1.043000000000000000e+03 8.736033850863907935e-01
1.044000000000000000e+03 8.761555866568871975e-01
1.045000000000000000e+03 8.758178915888283900e-01
1.046000000000000000e+03 8.773634727775465603e-01
1.047000000000000000e+03 8.778288796954949458e-01
1.048000000000000000e+03 8.749031326200908953e-01
1.049000000000000000e+03 8.747463359118388126e-01
1.050000000000000000e+03 8.765477364333232879e-01
1.051000000000000000e+03 8.749886919510172500e-01
1.052000000000000000e+03 8.777910291621360273e-01
1.053000000000000000e+03 8.753382542965116864e-01
1.054000000000000000e+03 8.770534403865936079e-01
1.055000000000000000e+03 8.770970251539160767e-01
1.056000000000000000e+03 8.758374912323566575e-01
1.057000000000000000e+03 8.764638050009767589e-01
1.058000000000000000e+03 8.765702912490714871e-01
1.059000000000000000e+03 8.759383249630279256e-01
1.060000000000000000e+03 8.746165018918260481e-01
1.061000000000000000e+03 8.787396463376705436e-01
1.062000000000000000e+03 8.758821660542795984e-01
1.063000000000000000e+03 8.770776204890566863e-01
1.064000000000000000e+03 8.767932174966803771e-01
1.065000000000000000e+03 8.773708458113971265e-01
1.066000000000000000e+03 8.761151778390713352e-01
1.067000000000000000e+03 8.772349074817592518e-01
1.068000000000000000e+03 8.754271572754844799e-01
1.069000000000000000e+03 8.787696691859913090e-01
1.070000000000000000e+03 8.774595753591533098e-01
1.071000000000000000e+03 8.755331648191909677e-01
1.072000000000000000e+03 8.758581621635526115e-01
1.073000000000000000e+03 8.765196238118692085e-01
1.074000000000000000e+03 8.767080217433704803e-01
1.075000000000000000e+03 8.761065519803397095e-01
1.076000000000000000e+03 8.753736961316440635e-01
1.077000000000000000e+03 8.763015179724678028e-01
1.078000000000000000e+03 8.774689196969955862e-01
1.079000000000000000e+03 8.759554224255291510e-01
1.080000000000000000e+03 8.754183835004998304e-01
1.081000000000000000e+03 8.756312643936156048e-01
1.082000000000000000e+03 8.748112026836916133e-01
1.083000000000000000e+03 8.776104547656429222e-01
1.084000000000000000e+03 8.767891728408278018e-01
1.085000000000000000e+03 8.754989634958152411e-01
1.086000000000000000e+03 8.759470626142428218e-01
1.087000000000000000e+03 8.755578557871472878e-01
1.088000000000000000e+03 8.742876928243629164e-01
1.089000000000000000e+03 8.760956091884959385e-01
1.090000000000000000e+03 8.747453690745622401e-01
1.091000000000000000e+03 8.744929275054881268e-01
1.092000000000000000e+03 8.751166500739858689e-01
1.093000000000000000e+03 8.751269609541603156e-01
1.094000000000000000e+03 8.758440949090394723e-01
1.095000000000000000e+03 8.736742715408484239e-01
1.096000000000000000e+03 8.752877238485755607e-01
1.097000000000000000e+03 8.730156258017274240e-01
1.098000000000000000e+03 8.758429748870262266e-01
1.099000000000000000e+03 8.741499609588258002e-01
1.100000000000000000e+03 8.697393816166474334e-01
1.101000000000000000e+03 8.728826563120973825e-01
1.102000000000000000e+03 8.731103140286877728e-01
1.103000000000000000e+03 8.778039388132881093e-01
1.104000000000000000e+03 8.739678724364861040e-01
1.105000000000000000e+03 8.732847465781612417e-01
1.106000000000000000e+03 8.762069271696443229e-01
1.107000000000000000e+03 8.740752998317069533e-01
1.108000000000000000e+03 8.747956224169386452e-01
1.109000000000000000e+03 8.734657342413035819e-01
1.110000000000000000e+03 8.774750728695943636e-01
1.111000000000000000e+03 8.743535692912575152e-01
1.112000000000000000e+03 8.755237227315036952e-01
1.113000000000000000e+03 8.734754634642742932e-01
1.114000000000000000e+03 8.735183679338263119e-01
1.115000000000000000e+03 8.707683848769907087e-01
1.116000000000000000e+03 8.717019957515174111e-01
1.117000000000000000e+03 8.708390714722211712e-01
1.118000000000000000e+03 8.712091369803138807e-01
1.119000000000000000e+03 8.739770690287974597e-01
1.120000000000000000e+03 8.720113010253986996e-01
1.121000000000000000e+03 8.719598244541606480e-01
1.122000000000000000e+03 8.724378853958364433e-01
1.123000000000000000e+03 8.710243093257832303e-01
1.124000000000000000e+03 8.711073507648107173e-01
1.125000000000000000e+03 8.711153629001151533e-01
1.126000000000000000e+03 8.727427410168128175e-01
1.127000000000000000e+03 8.719209993617569321e-01
1.128000000000000000e+03 8.680825862706629259e-01
1.129000000000000000e+03 8.711799231377003183e-01
1.130000000000000000e+03 8.714819685793967485e-01
1.131000000000000000e+03 8.701866466229591923e-01
1.132000000000000000e+03 8.691795704932760991e-01
1.133000000000000000e+03 8.688429640097614648e-01
1.134000000000000000e+03 8.693931544475952400e-01
1.135000000000000000e+03 8.690720778921561251e-01
1.136000000000000000e+03 8.661072575960382380e-01
1.137000000000000000e+03 8.685375708857089316e-01
1.138000000000000000e+03 8.662393427094685627e-01
1.139000000000000000e+03 8.676762618773168345e-01
1.140000000000000000e+03 8.668569650203462595e-01
1.141000000000000000e+03 8.670620410102279907e-01
1.142000000000000000e+03 8.669293405720841506e-01
1.143000000000000000e+03 8.651203028489704572e-01
1.144000000000000000e+03 8.653618290959773640e-01
1.145000000000000000e+03 8.678230826232607997e-01
1.146000000000000000e+03 8.645910622551925551e-01
1.147000000000000000e+03 8.647485750797871962e-01
1.148000000000000000e+03 8.653051066961944260e-01
1.149000000000000000e+03 8.626242831165111813e-01
1.150000000000000000e+03 8.635045705832701257e-01
1.151000000000000000e+03 8.637873412560288511e-01
1.152000000000000000e+03 8.638037639758171515e-01
1.153000000000000000e+03 8.681776391689493000e-01
1.154000000000000000e+03 8.642291005591805630e-01
1.155000000000000000e+03 8.633559656491642809e-01
1.156000000000000000e+03 8.659933272789586134e-01
1.157000000000000000e+03 8.637074350996160055e-01
1.158000000000000000e+03 8.641981963454156146e-01
1.159000000000000000e+03 8.626921482164118249e-01
1.160000000000000000e+03 8.663767372792918753e-01
1.161000000000000000e+03 8.631290552659439674e-01
1.162000000000000000e+03 8.640513422185799319e-01
1.163000000000000000e+03 8.618477868745215709e-01
1.164000000000000000e+03 8.616734757015362955e-01
1.165000000000000000e+03 8.587910245435412815e-01
1.166000000000000000e+03 8.594776374519909057e-01
1.167000000000000000e+03 8.584264937249174166e-01
1.168000000000000000e+03 8.585664292487347193e-01
1.169000000000000000e+03 8.610273379590790421e-01
1.170000000000000000e+03 8.589038129064568983e-01
1.171000000000000000e+03 8.586337560957081338e-01
1.172000000000000000e+03 8.588741353110063148e-01
1.173000000000000000e+03 8.572860980196792546e-01
1.174000000000000000e+03 8.571450548018364479e-01
1.175000000000000000e+03 8.569291664793247110e-01
1.176000000000000000e+03 8.582745583312413329e-01
1.177000000000000000e+03 8.572581023821026491e-01
1.178000000000000000e+03 8.533342000402123206e-01
1.179000000000000000e+03 8.561017374165511562e-01
1.180000000000000000e+03 8.561921740205022946e-01
1.181000000000000000e+03 8.547470164132853210e-01
1.182000000000000000e+03 8.535788175790213206e-01
1.183000000000000000e+03 8.530579979660654066e-01
1.184000000000000000e+03 8.533891946126143102e-01
1.185000000000000000e+03 8.528832493327471731e-01
1.186000000000000000e+03 8.498412509945597604e-01
1.187000000000000000e+03 8.519773789795656027e-01
1.188000000000000000e+03 8.495783002799558448e-01
1.189000000000000000e+03 8.507610387646490357e-01
1.190000000000000000e+03 8.497797561802430399e-01
1.191000000000000000e+03 8.497833774827844300e-01
1.192000000000000000e+03 8.494634179882514236e-01
1.193000000000000000e+03 8.475384405519715836e-01
1.194000000000000000e+03 8.475770466717791329e-01
1.195000000000000000e+03 8.497370491557864058e-01
1.196000000000000000e+03 8.464574438317786775e-01
1.197000000000000000e+03 8.464164563267678743e-01
1.198000000000000000e+03 8.467595010525242882e-01
1.199000000000000000e+03 8.440103725940992785e-01
1.200000000000000000e+03 8.446613184438762634e-01
