3.500000000000000000e+02 1.734409022157321414e-02 1.204132043962248891e-03
3.510000000000000000e+02 1.808788416998602031e-02 1.235071393321714520e-03
3.520000000000000000e+02 1.886357540621433695e-02 1.266451559886968420e-03
3.530000000000000000e+02 1.967253183190907292e-02 1.298253494681296874e-03
3.540000000000000000e+02 2.754602073056905409e-02 1.565356887757010651e-03
3.550000000000000000e+02 2.878248662771649632e-02 1.601081992376688495e-03
3.560000000000000000e+02 3.007445411363286053e-02 1.636862716840034593e-03
3.570000000000000000e+02 3.142441450357641441e-02 1.672632126701704969e-03
3.580000000000000000e+02 3.283497094116663573e-02 1.708317166422657768e-03
3.590000000000000000e+02 3.430884341805490179e-02 1.743838244606065596e-03
3.600000000000000000e+02 3.584887401891474756e-02 1.779108794321474646e-03
3.610000000000000000e+02 3.745803240186521693e-02 1.814034807115734449e-03
3.620000000000000000e+02 3.913942152489566922e-02 1.848514339233400805e-03
3.630000000000000000e+02 4.089628362933407646e-02 1.882436988490266555e-03
3.640000000000000000e+02 4.273200649189708850e-02 1.915683340159232001e-03
3.650000000000000000e+02 4.452514258254310769e-02 1.945095359083076625e-03
3.660000000000000000e+02 4.639352290587421546e-02 1.973605212850434998e-03
3.670000000000000000e+02 4.834030488791173780e-02 2.001085436488001662e-03
3.680000000000000000e+02 5.036877844774289431e-02 2.027399454724011091e-03
3.690000000000000000e+02 5.248237155724334857e-02 2.052401041668119180e-03
3.700000000000000000e+02 5.468465603409866649e-02 2.075933751173906355e-03
3.710000000000000000e+02 5.697935357791517053e-02 2.097830316373595905e-03
3.720000000000000000e+02 5.937034205961948252e-02 2.117912016800751335e-03
3.730000000000000000e+02 6.186166207477696716e-02 2.135988011436627809e-03
3.740000000000000000e+02 6.445752377190239191e-02 2.151854635934129928e-03
3.750000000000000000e+02 6.643754040237423442e-02 2.159756525307601760e-03
3.760000000000000000e+02 6.847837950363815096e-02 2.166115082340484832e-03
3.770000000000000000e+02 7.058190943017980667e-02 2.170828039126271314e-03
3.780000000000000000e+02 7.275005592889985384e-02 2.173788299790944956e-03
3.790000000000000000e+02 7.498480390210340851e-02 2.174883740296312817e-03
3.800000000000000000e+02 7.728819922464538750e-02 2.173997000495801746e-03
3.810000000000000000e+02 7.966235061689493080e-02 2.171005268155438983e-03
3.820000000000000000e+02 8.210943157523432900e-02 2.165780054641956720e-03
3.830000000000000000e+02 8.463168236185893145e-02 2.158186961970835760e-03
3.840000000000000000e+02 8.723141205570017487e-02 2.148085440893676701e-03
3.850000000000000000e+02 8.887131930528172075e-02 2.138181163529213891e-03
3.860000000000000000e+02 9.054205599719207520e-02 2.127146012994393653e-03
3.870000000000000000e+02 9.224420170964482690e-02 2.114940966366052333e-03
3.880000000000000000e+02 9.397834691663646545e-02 2.101525932791219187e-03
3.890000000000000000e+02 9.574509319278151631e-02 2.086859727112325147e-03
3.900000000000000000e+02 9.754505342199855378e-02 2.070900042878194569e-03
3.910000000000000000e+02 9.937885201011967262e-02 2.053603424726338500e-03
3.920000000000000000e+02 1.012471251014966656e-01 2.034925240122734125e-03
3.930000000000000000e+02 1.031505207996794848e-01 2.014819650444997501e-03
3.940000000000000000e+02 1.050896993922430661e-01 1.993239581393843607e-03
3.950000000000000000e+02 1.062385603727159789e-01 1.979252111540333314e-03
3.960000000000000000e+02 1.073999809242990183e-01 1.964720823293651664e-03
3.970000000000000000e+02 1.085740983506599810e-01 1.949635496414608982e-03
3.980000000000000000e+02 1.097610514564970330e-01 1.933985752134471936e-03
3.990000000000000000e+02 1.109609805639482222e-01 1.917761050909190523e-03
4.000000000000000000e+02 1.121740275291805561e-01 1.900950690143288213e-03
4.010000000000000000e+02 1.134003357591600175e-01 1.883543801883089119e-03
4.020000000000000000e+02 1.146400502286053641e-01 1.865529350479441795e-03
4.030000000000000000e+02 1.158933174971272517e-01 1.846896130218357579e-03
4.040000000000000000e+02 1.171602857265543335e-01 1.827632762920645970e-03
4.050000000000000000e+02 1.179895524039056426e-01 1.815493956387623231e-03
4.060000000000000000e+02 1.188246886745060321e-01 1.803091831921711796e-03
4.070000000000000000e+02 1.196657360836459183e-01 1.790423269542540385e-03
4.080000000000000000e+02 1.205127364706754661e-01 1.777485118282781662e-03
4.090000000000000000e+02 1.213657319710859106e-01 1.764274195905628229e-03
4.100000000000000000e+02 1.222247650186056439e-01 1.750787288619923276e-03
4.110000000000000000e+02 1.230898783473114294e-01 1.737021150792689150e-03
4.120000000000000000e+02 1.239611149937539791e-01 1.722972504659234239e-03
4.130000000000000000e+02 1.248385182990989078e-01 1.708638040030720229e-03
4.140000000000000000e+02 1.257221319112828972e-01 1.694014413999397894e-03
4.150000000000000000e+02 1.263576345515780019e-01 1.684466097635506365e-03
4.160000000000000000e+02 1.269963495427907652e-01 1.674778001926377491e-03
4.170000000000000000e+02 1.276382931227742490e-01 1.664948957524267636e-03
4.180000000000000000e+02 1.282834816114607479e-01 1.654977786828437658e-03
4.190000000000000000e+02 1.289319314112769010e-01 1.644863303931431986e-03
4.200000000000000000e+02 1.295836590075606920e-01 1.634604314565302197e-03
4.210000000000000000e+02 1.302386809689804748e-01 1.624199616047192207e-03
4.220000000000000000e+02 1.308970139479562478e-01 1.613647997224992858e-03
4.230000000000000000e+02 1.315586746810828989e-01 1.602948238422205463e-03
4.240000000000000000e+02 1.322236799895559756e-01 1.592099111382805354e-03
4.250000000000000000e+02 1.327820023702854790e-01 1.585099975996609456e-03
4.260000000000000000e+02 1.333426823005918749e-01 1.578013361929989089e-03
4.270000000000000000e+02 1.339057297353690723e-01 1.570838655133743877e-03
4.280000000000000000e+02 1.344711546715459394e-01 1.563575237931713602e-03
4.290000000000000000e+02 1.350389671482641329e-01 1.556222489001155007e-03
4.300000000000000000e+02 1.356091772470559842e-01 1.548779783352841055e-03
4.310000000000000000e+02 1.361817950920238274e-01 1.541246492311437732e-03
4.320000000000000000e+02 1.367568308500196894e-01 1.533621983495173091e-03
4.330000000000000000e+02 1.373342947308255069e-01 1.525905620795936501e-03
4.340000000000000000e+02 1.379141969873349249e-01 1.518096764359086470e-03
4.350000000000000000e+02 1.384494527649671181e-01 1.512915228207539764e-03
4.360000000000000000e+02 1.389867859121069749e-01 1.507670615138137493e-03
4.370000000000000000e+02 1.395262044911878274e-01 1.502362513552596424e-03
4.380000000000000000e+02 1.400677165959340886e-01 1.496990509607387665e-03
4.390000000000000000e+02 1.406113303514824331e-01 1.491554187202565052e-03
4.400000000000000000e+02 1.411570539145040049e-01 1.486053127970676790e-03
4.410000000000000000e+02 1.417048954733264032e-01 1.480486911265010974e-03
4.420000000000000000e+02 1.422548632480568898e-01 1.474855114148507229e-03
4.430000000000000000e+02 1.428069654907055397e-01 1.469157311382210396e-03
4.440000000000000000e+02 1.433612104853093094e-01 1.463393075413862987e-03
4.450000000000000000e+02 1.438617245977928671e-01 1.459161137760872640e-03
4.460000000000000000e+02 1.443639861451366524e-01 1.454881819172915147e-03
4.470000000000000000e+02 1.448680012281247376e-01 1.450554840374887466e-03
4.480000000000000000e+02 1.453737759688409625e-01 1.446179920719062317e-03
4.490000000000000000e+02 1.458813165107428755e-01 1.441756778178648890e-03
4.500000000000000000e+02 1.463906290187367287e-01 1.437285129341867029e-03
4.510000000000000000e+02 1.469017196792521962e-01 1.432764689405507941e-03
4.520000000000000000e+02 1.474145947003172863e-01 1.428195172168703064e-03
4.530000000000000000e+02 1.479292603116342808e-01 1.423576290026831725e-03
4.540000000000000000e+02 1.484457227646547306e-01 1.418907753964929186e-03
4.550000000000000000e+02 1.488682016201546554e-01 1.415450074865723384e-03
4.560000000000000000e+02 1.492918828571042911e-01 1.411961225270694231e-03
4.570000000000000000e+02 1.497167698975001571e-01 1.408441055754050542e-03
4.580000000000000000e+02 1.501428661730776770e-01 1.404889416291868476e-03
4.590000000000000000e+02 1.505701751253392950e-01 1.401306156259871094e-03
4.600000000000000000e+02 1.509987002055817595e-01 1.397691124431374443e-03
4.610000000000000000e+02 1.514284448749244061e-01 1.394044168974706288e-03
4.620000000000000000e+02 1.518594126043369685e-01 1.390365137451374244e-03
4.630000000000000000e+02 1.522916068746675566e-01 1.386653876813678798e-03
4.640000000000000000e+02 1.527250311766709112e-01 1.382910233402590006e-03
4.650000000000000000e+02 1.530435241384619505e-01 1.380250210264444277e-03
4.660000000000000000e+02 1.533626812858546740e-01 1.377573080374547287e-03
4.670000000000000000e+02 1.536825040039423995e-01 1.374878783948721428e-03
4.680000000000000000e+02 1.540029936807070232e-01 1.372167261027706919e-03
4.690000000000000000e+02 1.543241517070251256e-01 1.369438451476856500e-03
4.700000000000000000e+02 1.546459794766734952e-01 1.366692294985594192e-03
4.710000000000000000e+02 1.549684783863357063e-01 1.363928731067068356e-03
4.720000000000000000e+02 1.552916498356079755e-01 1.361147699057332905e-03
4.730000000000000000e+02 1.556154952270052683e-01 1.358349138115277910e-03
4.740000000000000000e+02 1.559400159659672103e-01 1.355532987221949592e-03
4.750000000000000000e+02 1.561741274774273991e-01 1.353518834273689797e-03
4.760000000000000000e+02 1.564085904586462739e-01 1.351495579367048561e-03
4.770000000000000000e+02 1.566434054372828344e-01 1.349463199710798644e-03
4.780000000000000000e+02 1.568785729417877806e-01 1.347421672466056486e-03
4.790000000000000000e+02 1.571140935014056217e-01 1.345370974745616066e-03
4.800000000000000000e+02 1.573499676461750652e-01 1.343311083614420753e-03
4.810000000000000000e+02 1.575861959069307094e-01 1.341241976089146970e-03
4.820000000000000000e+02 1.578227788153041544e-01 1.339163629138065414e-03
4.830000000000000000e+02 1.580597169037249727e-01 1.337076019681221473e-03
4.840000000000000000e+02 1.582970107054222086e-01 1.334979124590005006e-03
4.850000000000000000e+02 1.584998127538603807e-01 1.333365956582011069e-03
4.860000000000000000e+02 1.587028746219291409e-01 1.331746464585864542e-03
4.870000000000000000e+02 1.589061966424961392e-01 1.330120635044604316e-03
4.880000000000000000e+02 1.591097791488555457e-01 1.328488454377121930e-03
4.890000000000000000e+02 1.593136224747283836e-01 1.326849908977606463e-03
4.900000000000000000e+02 1.595177269542634169e-01 1.325204985216030251e-03
4.910000000000000000e+02 1.597220929220372621e-01 1.323553669437815827e-03
4.920000000000000000e+02 1.599267207130553314e-01 1.321895947963863671e-03
4.930000000000000000e+02 1.601316106627521940e-01 1.320231807090552212e-03
4.940000000000000000e+02 1.603367631069921861e-01 1.318561233089571294e-03
4.950000000000000000e+02 1.605582091910624232e-01 1.317213930637176067e-03
4.960000000000000000e+02 1.607799611211981339e-01 1.315860391909950966e-03
4.970000000000000000e+02 1.610020193198128391e-01 1.314500602251203465e-03
4.980000000000000000e+02 1.612243842099034263e-01 1.313134546975541772e-03
4.990000000000000000e+02 1.614470562150510657e-01 1.311762211369041364e-03
5.000000000000000000e+02 1.616700357594218762e-01 1.310383580688981309e-03
5.010000000000000000e+02 1.618933232677678413e-01 1.308998640163955285e-03
5.020000000000000000e+02 1.621169191654275588e-01 1.307607374993760563e-03
5.030000000000000000e+02 1.623408238783271007e-01 1.306209770349314736e-03
5.040000000000000000e+02 1.625650378329807910e-01 1.304805811372669599e-03
5.050000000000000000e+02 1.628543741898485775e-01 1.303810718376235966e-03
5.060000000000000000e+02 1.631442255130862717e-01 1.302807950444295759e-03
5.070000000000000000e+02 1.634345927192408232e-01 1.301797483408709266e-03
5.080000000000000000e+02 1.637254767264905153e-01 1.300779293039538986e-03
5.090000000000000000e+02 1.640168784546478242e-01 1.299753355045035752e-03
5.100000000000000000e+02 1.643087988251623055e-01 1.298719645071333417e-03
5.110000000000000000e+02 1.646012387611234251e-01 1.297678138702504369e-03
5.120000000000000000e+02 1.648941991872637236e-01 1.296628811460379116e-03
5.130000000000000000e+02 1.651876810299616194e-01 1.295571638804254855e-03
5.140000000000000000e+02 1.654816852172441843e-01 1.294506596130784448e-03
5.150000000000000000e+02 1.658351236072400925e-01 1.293960826476703296e-03
5.160000000000000000e+02 1.661893168765167794e-01 1.293406820850190320e-03
5.170000000000000000e+02 1.665442666373573577e-01 1.292844546559701602e-03
5.180000000000000000e+02 1.668999745054883799e-01 1.292273970811483319e-03
5.190000000000000000e+02 1.672564421000873880e-01 1.291695060709502352e-03
5.200000000000000000e+02 1.676136710437900468e-01 1.291107783255002195e-03
5.210000000000000000e+02 1.679716629626978319e-01 1.290512105346336424e-03
5.220000000000000000e+02 1.683304194863852188e-01 1.289907993778677264e-03
5.230000000000000000e+02 1.686899422479071209e-01 1.289295415243502108e-03
5.240000000000000000e+02 1.690502328838063839e-01 1.288674336328662906e-03
5.250000000000000000e+02 1.694237851948225682e-01 1.288492490809325930e-03
5.260000000000000000e+02 1.697981629488250765e-01 1.288303549677044524e-03
5.270000000000000000e+02 1.701733679698050339e-01 1.288107482461081643e-03
5.280000000000000000e+02 1.705494020857842019e-01 1.287904258590807927e-03
5.290000000000000000e+02 1.709262671288235835e-01 1.287693847395202096e-03
5.300000000000000000e+02 1.713039649350326099e-01 1.287476218102684422e-03
5.310000000000000000e+02 1.716824973445779945e-01 1.287251339840755904e-03
5.320000000000000000e+02 1.720618662016926703e-01 1.287019181635706833e-03
5.330000000000000000e+02 1.724420733546847828e-01 1.286779712412380872e-03
5.340000000000000000e+02 1.728231206559466548e-01 1.286532900993758721e-03
5.350000000000000000e+02 1.731842943306472205e-01 1.286504057167695003e-03
5.360000000000000000e+02 1.735462228026388443e-01 1.286469474225518383e-03
5.370000000000000000e+02 1.739089076493313402e-01 1.286429128305496827e-03
5.380000000000000000e+02 1.742723504514313848e-01 1.286382995471138657e-03
5.390000000000000000e+02 1.746365527929488737e-01 1.286331051711150919e-03
5.400000000000000000e+02 1.750015162612039987e-01 1.286273272939120194e-03
5.410000000000000000e+02 1.753672424468342705e-01 1.286209634993346063e-03
5.420000000000000000e+02 1.757337329438015128e-01 1.286140113636632942e-03
5.430000000000000000e+02 1.761009893493985512e-01 1.286064684556040283e-03
5.440000000000000000e+02 1.764690132642562637e-01 1.285983323362716035e-03
5.450000000000000000e+02 1.767983708043912583e-01 1.285982473427482731e-03
5.460000000000000000e+02 1.771283430495513844e-01 1.285977141014957303e-03
5.470000000000000000e+02 1.774589311470074759e-01 1.285967309396077174e-03
5.480000000000000000e+02 1.777901362461714874e-01 1.285952961795053251e-03
5.490000000000000000e+02 1.781219594986005739e-01 1.285934081389022987e-03
5.500000000000000000e+02 1.784544020580012547e-01 1.285910651308175279e-03
5.510000000000000000e+02 1.787874650802331877e-01 1.285882654635459033e-03
5.520000000000000000e+02 1.791211497233133887e-01 1.285850074406486021e-03
5.530000000000000000e+02 1.794554571474200055e-01 1.285812893609558638e-03
5.540000000000000000e+02 1.797903885148967873e-01 1.285771095185336832e-03
5.550000000000000000e+02 1.800766813434273028e-01 1.285740762408019155e-03
5.560000000000000000e+02 1.803634300560812143e-01 1.285707072944508589e-03
5.570000000000000000e+02 1.806506353787948049e-01 1.285670016181517106e-03
5.580000000000000000e+02 1.809382980386602113e-01 1.285629581480471351e-03
5.590000000000000000e+02 1.812264187639274216e-01 1.285585758177484883e-03
5.600000000000000000e+02 1.815149982840060516e-01 1.285538535583302666e-03
5.610000000000000000e+02 1.818040373294672052e-01 1.285487902983092900e-03
5.620000000000000000e+02 1.820935366320453885e-01 1.285433849636710701e-03
5.630000000000000000e+02 1.823834969246401760e-01 1.285376364778226255e-03
5.640000000000000000e+02 1.826739189413183195e-01 1.285315437616368905e-03
5.650000000000000000e+02 1.829186279294848505e-01 1.285251242160334595e-03
5.660000000000000000e+02 1.831636647284808905e-01 1.285184568319247544e-03
5.670000000000000000e+02 1.834090297774400302e-01 1.285115409568188261e-03
5.680000000000000000e+02 1.836547235160840286e-01 1.285043759369247640e-03
5.690000000000000000e+02 1.839007463847239232e-01 1.284969611171485337e-03
5.700000000000000000e+02 1.841470988242603635e-01 1.284892958410846497e-03
5.710000000000000000e+02 1.843937812761847761e-01 1.284813794510189511e-03
5.720000000000000000e+02 1.846407941825800314e-01 1.284732112879244381e-03
5.730000000000000000e+02 1.848881379861210261e-01 1.284647906914584969e-03
5.740000000000000000e+02 1.851358131300758769e-01 1.284561169999615116e-03
5.750000000000000000e+02 1.853423431599685034e-01 1.284482714139598136e-03
5.760000000000000000e+02 1.855491035864144378e-01 1.284402484718866200e-03
5.770000000000000000e+02 1.857560946664348622e-01 1.284320477877895494e-03
5.780000000000000000e+02 1.859633166573374519e-01 1.284236689751028226e-03
5.790000000000000000e+02 1.861707698167171521e-01 1.284151116465917508e-03
5.800000000000000000e+02 1.863784544024561785e-01 1.284063754143999203e-03
5.810000000000000000e+02 1.865863706727243498e-01 1.283974598900200492e-03
5.820000000000000000e+02 1.867945188859796712e-01 1.283883646843037019e-03
5.830000000000000000e+02 1.870028993009682228e-01 1.283790894074515743e-03
5.840000000000000000e+02 1.872115121767250201e-01 1.283696336690190454e-03
5.850000000000000000e+02 1.873842432579615191e-01 1.283654181296237096e-03
5.860000000000000000e+02 1.875571337098802527e-01 1.283610855374095472e-03
5.870000000000000000e+02 1.877301836795249868e-01 1.283566356799659136e-03
5.880000000000000000e+02 1.879033933140750456e-01 1.283520683445976696e-03
5.890000000000000000e+02 1.880767627608455617e-01 1.283473833183071400e-03
5.900000000000000000e+02 1.882502921672875862e-01 1.283425803877996652e-03
5.910000000000000000e+02 1.884239816809882007e-01 1.283376593395058052e-03
5.920000000000000000e+02 1.885978314496708219e-01 1.283326199595438699e-03
5.930000000000000000e+02 1.887718416211949524e-01 1.283274620337448990e-03
5.940000000000000000e+02 1.889460123435565964e-01 1.283221853476484986e-03
5.950000000000000000e+02 1.890960506984509237e-01 1.283268758479644278e-03
5.960000000000000000e+02 1.892462081958858899e-01 1.283314928855985859e-03
5.970000000000000000e+02 1.893964849304701770e-01 1.283360363409313809e-03
5.980000000000000000e+02 1.895468809968877122e-01 1.283405060941864018e-03
5.990000000000000000e+02 1.896973964898975018e-01 1.283449020254442963e-03
6.000000000000000000e+02 1.898480315043340194e-01 1.283492240146483221e-03
6.010000000000000000e+02 1.899987861351068452e-01 1.283534719416001835e-03
6.020000000000000000e+02 1.901496604772009158e-01 1.283576456859433779e-03
6.030000000000000000e+02 1.903006546256768294e-01 1.283617451271923393e-03
6.040000000000000000e+02 1.918560187225840097e-01 1.285334006204022494e-03
6.050000000000000000e+02 1.920027587563884475e-01 1.285693035968260567e-03
6.060000000000000000e+02 1.921496110235107191e-01 1.286051863046061561e-03
6.070000000000000000e+02 1.922965756097917978e-01 1.286410486917397011e-03
6.080000000000000000e+02 1.924436526011384652e-01 1.286768907061391909e-03
6.090000000000000000e+02 1.925908420835230062e-01 1.287127122956727154e-03
6.100000000000000000e+02 1.927381441429837361e-01 1.287485134081292615e-03
6.110000000000000000e+02 1.928855588656244735e-01 1.287842939912325901e-03
6.120000000000000000e+02 1.930330863376150952e-01 1.288200539926259713e-03
6.130000000000000000e+02 1.931807266451913696e-01 1.288557933599041028e-03
6.140000000000000000e+02 1.933284798746549293e-01 1.288915120405825787e-03
6.150000000000000000e+02 1.934942056360287321e-01 1.289483083150341769e-03
6.160000000000000000e+02 1.936600734614584707e-01 1.290051072510275953e-03
6.170000000000000000e+02 1.938260834727248694e-01 1.290619088113981183e-03
6.180000000000000000e+02 1.939922357917129581e-01 1.291187129589047022e-03
6.190000000000000000e+02 1.941585305404122663e-01 1.291755196562424657e-03
6.200000000000000000e+02 1.943249678409170178e-01 1.292323288660454650e-03
6.210000000000000000e+02 1.944915478154259914e-01 1.292891405508769798e-03
6.220000000000000000e+02 1.946582705862426599e-01 1.293459546732336762e-03
6.230000000000000000e+02 1.948251362757754401e-01 1.294027711955483828e-03
6.240000000000000000e+02 1.949921450065376094e-01 1.294595900801914778e-03
6.250000000000000000e+02 1.951643987681954129e-01 1.295295777552107896e-03
6.260000000000000000e+02 1.953368046967952076e-01 1.295995880564809744e-03
6.270000000000000000e+02 1.955093629267593280e-01 1.296696209693692925e-03
6.280000000000000000e+02 1.956820735926290689e-01 1.297396764791805546e-03
6.290000000000000000e+02 1.958549368290645465e-01 1.298097545711848766e-03
6.300000000000000000e+02 1.960279527708448655e-01 1.298798552306218435e-03
6.310000000000000000e+02 1.962011215528679797e-01 1.299499784426741411e-03
6.320000000000000000e+02 1.963744433101511644e-01 1.300201241924786588e-03
6.330000000000000000e+02 1.965479181778311268e-01 1.300902924651264891e-03
6.340000000000000000e+02 1.967215462911636181e-01 1.301604832456809691e-03
6.350000000000000000e+02 1.968625428969842939e-01 1.302337436582964858e-03
6.360000000000000000e+02 1.970036405595689821e-01 1.303070422231503156e-03
6.370000000000000000e+02 1.971448393513480224e-01 1.303803789573038108e-03
6.380000000000000000e+02 1.972861393448041289e-01 1.304537538778197114e-03
6.390000000000000000e+02 1.974275406124716969e-01 1.305271670017565944e-03
6.400000000000000000e+02 1.975690432269371910e-01 1.306006183461924652e-03
6.410000000000000000e+02 1.977106472608390897e-01 1.306741079281970030e-03
6.420000000000000000e+02 1.978523527868679133e-01 1.307476357648565402e-03
6.430000000000000000e+02 1.979941598777664180e-01 1.308212018732463067e-03
6.440000000000000000e+02 1.981360686063292076e-01 1.308948062704637372e-03
6.450000000000000000e+02 1.982083267258175074e-01 1.309600372850452943e-03
6.460000000000000000e+02 1.982806111970744634e-01 1.310252984690521427e-03
6.470000000000000000e+02 1.983529220297102491e-01 1.310905898358097343e-03
6.480000000000000000e+02 1.984252592333384801e-01 1.311559113986643377e-03
6.490000000000000000e+02 1.984976228175764912e-01 1.312212631709483435e-03
6.500000000000000000e+02 1.985700127920449753e-01 1.312866451660094080e-03
6.510000000000000000e+02 1.986424291663681785e-01 1.313520573972035144e-03
6.520000000000000000e+02 1.987148719501738714e-01 1.314174998778810943e-03
6.530000000000000000e+02 1.987873411530932943e-01 1.314829726214106209e-03
6.540000000000000000e+02 1.988598367847611570e-01 1.315484756411647305e-03
6.550000000000000000e+02 1.988461814840289943e-01 1.315972766833498064e-03
6.560000000000000000e+02 1.988325271209785694e-01 1.316460704042177188e-03
6.570000000000000000e+02 1.988188736955454894e-01 1.316948568045553380e-03
6.580000000000000000e+02 1.988052212076654446e-01 1.317436358851287181e-03
6.590000000000000000e+02 1.987915696572739310e-01 1.317924076467136274e-03
6.600000000000000000e+02 1.987779190443066113e-01 1.318411720900913853e-03
6.610000000000000000e+02 1.987642693686991757e-01 1.318899292160308212e-03
6.620000000000000000e+02 1.987506206303871759e-01 1.319386790253160302e-03
6.630000000000000000e+02 1.987369728293063575e-01 1.319874215187158417e-03
6.640000000000000000e+02 1.987233259653922446e-01 1.320361566970032485e-03
6.650000000000000000e+02 1.986211187379028076e-01 1.320721284175277455e-03
6.660000000000000000e+02 1.985189640775556486e-01 1.321080282129988293e-03
6.670000000000000000e+02 1.984168619573144776e-01 1.321438561478899265e-03
6.680000000000000000e+02 1.983148123501569104e-01 1.321796122866203405e-03
6.690000000000000000e+02 1.982128152290745238e-01 1.322152966935677409e-03
6.700000000000000000e+02 1.981108705670726056e-01 1.322509094330598378e-03
6.710000000000000000e+02 1.980089783371704881e-01 1.322864505693813197e-03
6.720000000000000000e+02 1.979071385124013260e-01 1.323219201667683032e-03
6.730000000000000000e+02 1.978053510658121794e-01 1.323573182894027811e-03
6.740000000000000000e+02 1.977036159704639029e-01 1.323926450014265011e-03
6.750000000000000000e+02 1.975183699598550557e-01 1.324266177232497066e-03
6.760000000000000000e+02 1.973332975226241293e-01 1.324604105556612121e-03
6.770000000000000000e+02 1.971483984961348856e-01 1.324940238059513220e-03
6.780000000000000000e+02 1.969636727179033542e-01 1.325274577809787413e-03
6.790000000000000000e+02 1.967791200255979700e-01 1.325607127871983315e-03
6.800000000000000000e+02 1.965947402570392410e-01 1.325937891306389060e-03
6.810000000000000000e+02 1.964105332501996093e-01 1.326266871169184958e-03
6.820000000000000000e+02 1.962264988432032842e-01 1.326594070512387979e-03
6.830000000000000000e+02 1.960426368743262149e-01 1.326919492383810129e-03
6.840000000000000000e+02 1.958589471819959515e-01 1.327243139827155582e-03
6.850000000000000000e+02 1.956017794225817785e-01 1.327633456908408616e-03
6.860000000000000000e+02 1.953449493309507012e-01 1.328020460940604330e-03
6.870000000000000000e+02 1.950884564637362928e-01 1.328404159951057650e-03
6.880000000000000000e+02 1.948323003781543272e-01 1.328784561951762422e-03
6.890000000000000000e+02 1.945764806320020301e-01 1.329161674939349780e-03
6.900000000000000000e+02 1.943209967836572183e-01 1.329535506895254682e-03
6.910000000000000000e+02 1.940658483920775779e-01 1.329906065785396718e-03
6.920000000000000000e+02 1.938110350167998319e-01 1.330273359560568691e-03
6.930000000000000000e+02 1.935565562179390464e-01 1.330637396156422736e-03
6.940000000000000000e+02 1.933024115561880196e-01 1.330998183493178888e-03
6.950000000000000000e+02 1.929737442652887658e-01 1.331459205717547278e-03
6.960000000000000000e+02 1.926456357992238355e-01 1.331914812647383428e-03
6.970000000000000000e+02 1.923180852078372471e-01 1.332365021364967372e-03
6.980000000000000000e+02 1.919910915425884768e-01 1.332809848910154749e-03
6.990000000000000000e+02 1.916646538565498492e-01 1.333249312280460064e-03
7.000000000000000000e+02 1.913387712044037070e-01 1.333683428431167717e-03
7.010000000000000000e+02 1.910134426424397736e-01 1.334112214275359753e-03
7.020000000000000000e+02 1.906886672285522111e-01 1.334535686684096278e-03
7.030000000000000000e+02 1.903644440222371226e-01 1.334953862486470966e-03
7.040000000000000000e+02 1.900407720845895820e-01 1.335366758469777593e-03
7.050000000000000000e+02 1.896040955129376648e-01 1.336032862238836771e-03
7.060000000000000000e+02 1.891684223387468666e-01 1.336688854760972878e-03
7.070000000000000000e+02 1.887337502564059577e-01 1.337334778986884465e-03
7.080000000000000000e+02 1.883000769656013040e-01 1.337970677723135382e-03
7.090000000000000000e+02 1.878674001713050989e-01 1.338596593632848664e-03
7.100000000000000000e+02 1.874357175837630396e-01 1.339212569235873063e-03
7.110000000000000000e+02 1.870050269184821701e-01 1.339818646909449185e-03
7.120000000000000000e+02 1.865753258962189465e-01 1.340414868888611943e-03
7.130000000000000000e+02 1.861466122429670522e-01 1.341001277266370972e-03
7.140000000000000000e+02 1.857188836899452411e-01 1.341577913994543292e-03
7.150000000000000000e+02 1.851382324507647170e-01 1.342583345834508224e-03
7.160000000000000000e+02 1.845593966212768500e-01 1.343569377773495832e-03
7.170000000000000000e+02 1.839823705255919650e-01 1.344536121291844966e-03
7.180000000000000000e+02 1.834071485055662476e-01 1.345483687362619696e-03
7.190000000000000000e+02 1.828337249207458715e-01 1.346412186453371795e-03
7.200000000000000000e+02 1.822620941483120982e-01 1.347321728528430573e-03
7.210000000000000000e+02 1.816922505830258772e-01 1.348212423050845765e-03
7.220000000000000000e+02 1.811241886371729726e-01 1.349084378984469201e-03
7.230000000000000000e+02 1.805579027405092574e-01 1.349937704796064231e-03
7.240000000000000000e+02 1.799933873402059514e-01 1.350772508457262489e-03
7.250000000000000000e+02 1.793041473981610012e-01 1.351895597328803267e-03
7.260000000000000000e+02 1.786175467291733765e-01 1.352990280078555929e-03
7.270000000000000000e+02 1.779335752268028925e-01 1.354056757788074661e-03
7.280000000000000000e+02 1.772522228233094632e-01 1.355095230415548357e-03
7.290000000000000000e+02 1.765734794895048587e-01 1.356105896801351740e-03
7.300000000000000000e+02 1.758973352346051566e-01 1.357088954673624226e-03
7.310000000000000000e+02 1.752237801060835543e-01 1.358044600653821044e-03
7.320000000000000000e+02 1.745528041895242355e-01 1.358973030262514148e-03
7.330000000000000000e+02 1.738843976084759324e-01 1.359874437924610269e-03
7.340000000000000000e+02 1.732185505243068468e-01 1.360749016975235093e-03
7.350000000000000000e+02 1.725051295736737267e-01 1.361552361038687042e-03
7.360000000000000000e+02 1.717946469310409896e-01 1.362326007239927916e-03
7.370000000000000000e+02 1.710870904946417415e-01 1.363070186581230581e-03
7.380000000000000000e+02 1.703824482125519402e-01 1.363785128665612190e-03
7.390000000000000000e+02 1.696807080824846992e-01 1.364471061704730648e-03
7.400000000000000000e+02 1.689818581515858675e-01 1.365128212526295348e-03
7.410000000000000000e+02 1.682858865162307482e-01 1.365756806581588934e-03
7.420000000000000000e+02 1.675927813218209272e-01 1.366357067953044568e-03
7.430000000000000000e+02 1.669025307625826016e-01 1.366929219361559533e-03
7.440000000000000000e+02 1.662151230813654346e-01 1.367473482174100252e-03
7.450000000000000000e+02 1.655482613299601724e-01 1.367740876771689207e-03
7.460000000000000000e+02 1.648840750546923251e-01 1.367984115928103095e-03
7.470000000000000000e+02 1.642225535214441867e-01 1.368203389164671102e-03
7.480000000000000000e+02 1.635636860391637415e-01 1.368398884870891674e-03
7.490000000000000000e+02 1.629074619596918294e-01 1.368570790310261187e-03
7.500000000000000000e+02 1.622538706775902007e-01 1.368719291626380175e-03
7.510000000000000000e+02 1.616029016299700694e-01 1.368844573848920776e-03
7.520000000000000000e+02 1.609545442963212780e-01 1.368946820899552552e-03
7.530000000000000000e+02 1.603087881983424889e-01 1.369026215597923812e-03
7.540000000000000000e+02 1.596656228997717364e-01 1.369082939667379262e-03
7.550000000000000000e+02 1.590707230743448330e-01 1.368905185370902777e-03
7.560000000000000000e+02 1.584780397924409612e-01 1.368709750804303349e-03
7.570000000000000000e+02 1.578875647954172956e-01 1.368496770185176348e-03
7.580000000000000000e+02 1.572992898554019803e-01 1.368266376976581822e-03
7.590000000000000000e+02 1.567132067751794144e-01 1.368018703890430676e-03
7.600000000000000000e+02 1.561293073880761495e-01 1.367753882891481476e-03
7.610000000000000000e+02 1.555475835578469246e-01 1.367472045200920916e-03
7.620000000000000000e+02 1.549680271785615071e-01 1.367173321300166333e-03
7.630000000000000000e+02 1.543906301744916443e-01 1.366857840934640467e-03
7.640000000000000000e+02 1.538153844999984032e-01 1.366525733117074370e-03
7.650000000000000000e+02 1.532758407353220775e-01 1.366182214834352204e-03
7.660000000000000000e+02 1.527381895477435692e-01 1.365824293619588570e-03
7.670000000000000000e+02 1.522024242986019793e-01 1.365452074742562472e-03
7.680000000000000000e+02 1.516685383725232816e-01 1.365065662911765787e-03
7.690000000000000000e+02 1.511365251773381657e-01 1.364665162277026167e-03
7.700000000000000000e+02 1.506063781440010463e-01 1.364250676432074427e-03
7.710000000000000000e+02 1.500780907265087394e-01 1.363822308417222962e-03
7.720000000000000000e+02 1.495516564018198324e-01 1.363380160722113543e-03
7.730000000000000000e+02 1.490270686697738878e-01 1.362924335287993283e-03
7.740000000000000000e+02 1.485043210530114788e-01 1.362454933510573452e-03
7.750000000000000000e+02 1.479791926795132329e-01 1.362276861408925899e-03
7.760000000000000000e+02 1.474559212203908898e-01 1.362083013722023561e-03
7.770000000000000000e+02 1.469345001093815273e-01 1.361873504245034172e-03
7.780000000000000000e+02 1.464149228034412331e-01 1.361648446165306114e-03
7.790000000000000000e+02 1.458971827826630596e-01 1.361407952065643578e-03
7.800000000000000000e+02 1.453812735501950615e-01 1.361152133927151509e-03
7.810000000000000000e+02 1.448671886321591384e-01 1.360881103131761360e-03
7.820000000000000000e+02 1.443549215775694061e-01 1.360594970465478504e-03
7.830000000000000000e+02 1.438444659582515106e-01 1.360293846120852468e-03
7.840000000000000000e+02 1.433358153687618042e-01 1.359977839700113322e-03
7.850000000000000000e+02 1.427760096508395027e-01 1.360187832930570551e-03
7.860000000000000000e+02 1.422183902841860914e-01 1.360375443690373110e-03
7.870000000000000000e+02 1.416629487298894929e-01 1.360540843608495920e-03
7.880000000000000000e+02 1.411096764823865646e-01 1.360684203314810325e-03
7.890000000000000000e+02 1.405585650693334243e-01 1.360805692445080095e-03
7.900000000000000000e+02 1.400096060514749996e-01 1.360905479646207228e-03
7.910000000000000000e+02 1.394627910225163803e-01 1.360983732581269590e-03
7.920000000000000000e+02 1.389181116089940327e-01 1.361040617934794472e-03
7.930000000000000000e+02 1.383755594701470415e-01 1.361076301417726842e-03
7.940000000000000000e+02 1.378351262977902392e-01 1.361090947772508608e-03
7.950000000000000000e+02 1.372116798917336067e-01 1.361704410608066684e-03
7.960000000000000000e+02 1.365910534157751821e-01 1.362284481019923610e-03
7.970000000000000000e+02 1.359732341150000079e-01 1.362831448535467560e-03
7.980000000000000000e+02 1.353582092921856439e-01 1.363345600745941022e-03
7.990000000000000000e+02 1.347459663075406544e-01 1.363827223318278548e-03
8.000000000000000000e+02 1.341364925784452045e-01 1.364276600006486539e-03
8.010000000000000000e+02 1.335297755791920449e-01 1.364694012662912015e-03
8.020000000000000000e+02 1.329258028407295789e-01 1.365079741249955458e-03
8.030000000000000000e+02 1.323245619504053172e-01 1.365434063851270197e-03
8.040000000000000000e+02 1.317260405517107213e-01 1.365757256683058918e-03
8.050000000000000000e+02 1.310605082857551340e-01 1.366558308000712096e-03
8.060000000000000000e+02 1.303983385530934347e-01 1.367316406255647543e-03
8.070000000000000000e+02 1.297395143648721327e-01 1.368031965034238739e-03
8.080000000000000000e+02 1.290840188180721881e-01 1.368705394839714318e-03
8.090000000000000000e+02 1.284318350950753584e-01 1.369337103113266174e-03
8.100000000000000000e+02 1.277829464632325440e-01 1.369927494254005729e-03
8.110000000000000000e+02 1.271373362744348812e-01 1.370476969639641829e-03
8.120000000000000000e+02 1.264949879646861675e-01 1.370985927646659053e-03
8.130000000000000000e+02 1.258558850536781182e-01 1.371454763670197641e-03
8.140000000000000000e+02 1.252200111443675101e-01 1.371883870144315065e-03
8.150000000000000000e+02 1.245592936973276971e-01 1.372603862602760072e-03
8.160000000000000000e+02 1.239020624945457588e-01 1.373278068070256375e-03
8.170000000000000000e+02 1.232482991410193129e-01 1.373906949690056889e-03
8.180000000000000000e+02 1.225979853388062535e-01 1.374490966992429619e-03
8.190000000000000000e+02 1.219511028865128410e-01 1.375030575919991560e-03
8.200000000000000000e+02 1.213076336787840270e-01 1.375526228852702593e-03
8.210000000000000000e+02 1.206675597057967342e-01 1.375978374632776113e-03
8.220000000000000000e+02 1.200308630527560372e-01 1.376387458589485580e-03
8.230000000000000000e+02 1.193975258993934946e-01 1.376753922563617172e-03
8.240000000000000000e+02 1.187675305194684228e-01 1.377078204932033478e-03
8.250000000000000000e+02 1.181337111357698283e-01 1.377635906762285367e-03
8.260000000000000000e+02 1.175032742170378092e-01 1.378148443434291937e-03
8.270000000000000000e+02 1.168762017122793734e-01 1.378616281127426069e-03
8.280000000000000000e+02 1.162524756668332493e-01 1.379039882331421774e-03
8.290000000000000000e+02 1.156320782218555610e-01 1.379419705872630963e-03
8.300000000000000000e+02 1.150149916138086398e-01 1.379756206939843077e-03
8.310000000000000000e+02 1.144011981739525147e-01 1.380049837109993682e-03
8.320000000000000000e+02 1.137906803278386919e-01 1.380301044373935526e-03
8.330000000000000000e+02 1.131834205948074046e-01 1.380510273161786317e-03
8.340000000000000000e+02 1.125794015874867215e-01 1.380677964367971189e-03
8.350000000000000000e+02 1.119693530253107472e-01 1.381240981978046345e-03
8.360000000000000000e+02 1.113626102121703237e-01 1.381757363056644594e-03
8.370000000000000000e+02 1.107591552347755859e-01 1.382227596505046507e-03
8.380000000000000000e+02 1.101589702769057294e-01 1.382652167295050916e-03
8.390000000000000000e+02 1.095620376188831263e-01 1.383031556497285597e-03
8.400000000000000000e+02 1.089683396370500906e-01 1.383366241309393063e-03
8.410000000000000000e+02 1.083778588032483642e-01 1.383656695083723687e-03
8.420000000000000000e+02 1.077905776843018221e-01 1.383903387355098213e-03
8.430000000000000000e+02 1.072064789415018426e-01 1.384106783868133128e-03
8.440000000000000000e+02 1.066255453300953143e-01 1.384267346604795001e-03
8.450000000000000000e+02 1.060215984599508499e-01 1.385091073116878624e-03
8.460000000000000000e+02 1.054210724569243918e-01 1.385861065900099998e-03
8.470000000000000000e+02 1.048239479445899069e-01 1.386577907247596442e-03
8.480000000000000000e+02 1.042302056562730977e-01 1.387242174579639276e-03
8.490000000000000000e+02 1.036398264344295939e-01 1.387854440480187912e-03
8.500000000000000000e+02 1.030527912300270715e-01 1.388415272733090067e-03
8.510000000000000000e+02 1.024690811019302178e-01 1.388925234358247274e-03
8.520000000000000000e+02 1.018886772162900800e-01 1.389384883647148961e-03
8.530000000000000000e+02 1.013115608459359135e-01 1.389794774198621630e-03
8.540000000000000000e+02 1.007377133697712895e-01 1.390155454953891090e-03
8.550000000000000000e+02 1.001194407854029828e-01 1.391693571687287190e-03
8.560000000000000000e+02 9.950496281752735372e-02 1.393160457418267384e-03
8.570000000000000000e+02 9.889425617687884473e-02 1.394556928576644317e-03
8.580000000000000000e+02 9.828729771712878260e-02 1.395883794253108268e-03
8.590000000000000000e+02 9.768406443400781680e-02 1.397141856258519999e-03
8.600000000000000000e+02 9.708453346443413068e-02 1.398331909182801147e-03
8.610000000000000000e+02 9.648868208564694016e-02 1.399454740453491552e-03
8.620000000000000000e+02 9.589648771434522434e-02 1.400511130393536363e-03
8.630000000000000000e+02 9.530792790583185459e-02 1.401501852279031513e-03
8.640000000000000000e+02 9.472298035316277509e-02 1.402427672396164282e-03
8.650000000000000000e+02 9.406847928825257110e-02 1.405042842933426628e-03
8.660000000000000000e+02 9.341850058573396287e-02 1.407554941452622554e-03
8.670000000000000000e+02 9.277301299774089183e-02 1.409965267519949772e-03
8.680000000000000000e+02 9.213198549231858825e-02 1.412275107661786766e-03
8.690000000000000000e+02 9.149538725193186173e-02 1.414485735482959305e-03
8.700000000000000000e+02 9.086318767198314772e-02 1.416598411783737133e-03
8.710000000000000000e+02 9.023535635934155918e-02 1.418614384676122886e-03
8.720000000000000000e+02 8.961186313088158328e-02 1.420534889699016923e-03
8.730000000000000000e+02 8.899267801203210315e-02 1.422361149932313551e-03
8.740000000000000000e+02 8.837777123533521739e-02 1.424094376110192350e-03
8.750000000000000000e+02 8.767414527169321847e-02 1.427751660131038047e-03
8.760000000000000000e+02 8.697612127662079917e-02 1.431260481581313193e-03
8.770000000000000000e+02 8.628365464964343756e-02 1.434622972730663359e-03
8.780000000000000000e+02 8.559670114537656915e-02 1.437841241302688366e-03
8.790000000000000000e+02 8.491521687069827906e-02 1.440917370730550318e-03
8.800000000000000000e+02 8.423915828194505906e-02 1.443853420410382005e-03
8.810000000000000000e+02 8.356848218212929724e-02 1.446651425951746284e-03
8.820000000000000000e+02 8.290314571817929135e-02 1.449313399426187254e-03
8.830000000000000000e+02 8.224310637820113346e-02 1.451841329612908738e-03
8.840000000000000000e+02 8.158832198876252162e-02 1.454237182242253124e-03
8.850000000000000000e+02 8.084043888844485992e-02 1.458828455413438419e-03
8.860000000000000000e+02 8.009941129291157924e-02 1.463213434269104718e-03
8.870000000000000000e+02 7.936517636086316829e-02 1.467395515251018745e-03
8.880000000000000000e+02 7.863767182703790271e-02 1.471378049857849368e-03
8.890000000000000000e+02 7.791683599693141615e-02 1.475164345183764547e-03
8.900000000000000000e+02 7.720260774156474659e-02 1.478757664451088583e-03
8.910000000000000000e+02 7.649492649230063557e-02 1.482161227536978043e-03
8.920000000000000000e+02 7.579373223570701201e-02 1.485378211493963707e-03
8.930000000000000000e+02 7.509896550846760499e-02 1.488411751064608324e-03
8.940000000000000000e+02 7.441056739233944950e-02 1.491264939190502237e-03
8.950000000000000000e+02 7.364148815898649558e-02 1.496678974518460270e-03
8.960000000000000000e+02 7.288035783514872079e-02 1.501821909077653838e-03
8.970000000000000000e+02 7.212709426393026924e-02 1.506698768908867891e-03
8.980000000000000000e+02 7.138161613757761093e-02 1.511314505097706429e-03
8.990000000000000000e+02 7.064384298870313161e-02 1.515673994787455903e-03
9.000000000000000000e+02 6.991369518159944174e-02 1.519782042179139425e-03
9.010000000000000000e+02 6.919109390364346079e-02 1.523643379518574426e-03
9.020000000000000000e+02 6.847596115678919459e-02 1.527262668071058260e-03
9.030000000000000000e+02 6.776821974914885860e-02 1.530644499083397281e-03
9.040000000000000000e+02 6.706779328666048756e-02 1.533793394733709570e-03
9.050000000000000000e+02 6.631286402362600307e-02 1.539365416325280678e-03
9.060000000000000000e+02 6.556643240400956973e-02 1.544617843477834318e-03
9.070000000000000000e+02 6.482840277654000616e-02 1.549557165664156022e-03
9.080000000000000000e+02 6.409868056661707780e-02 1.554189766719969723e-03
9.090000000000000000e+02 6.337717226419223304e-02 1.558521926400557173e-03
9.100000000000000000e+02 6.266378541178579953e-02 1.562559821915755764e-03
9.110000000000000000e+02 6.195842859263904490e-02 1.566309529443577625e-03
9.120000000000000000e+02 6.126101141899959607e-02 1.569777025622672018e-03
9.130000000000000000e+02 6.057144452053879469e-02 1.572968189024123720e-03
9.140000000000000000e+02 5.988963953289922620e-02 1.575888801602566558e-03
9.150000000000000000e+02 5.918171647144759157e-02 1.580510227366313525e-03
9.160000000000000000e+02 5.848216138590706797e-02 1.584802450911970695e-03
9.170000000000000000e+02 5.779087536295685057e-02 1.588772609815960329e-03
9.180000000000000000e+02 5.710776065847711358e-02 1.592427718864017350e-03
9.190000000000000000e+02 5.643272068372841982e-02 1.595774671957726765e-03
9.200000000000000000e+02 5.576565999169463134e-02 1.598820243993364504e-03
9.210000000000000000e+02 5.510648426358717711e-02 1.601571092713059002e-03
9.220000000000000000e+02 5.445510029550894304e-02 1.604033760528800895e-03
9.230000000000000000e+02 5.381141598527570957e-02 1.606214676319800416e-03
9.240000000000000000e+02 5.317534031939333966e-02 1.608120157203258432e-03
9.250000000000000000e+02 5.253275619893821302e-02 1.610961723385862659e-03
9.260000000000000000e+02 5.189793722581233226e-02 1.613500066691031520e-03
9.270000000000000000e+02 5.127078956403197108e-02 1.615742101060153174e-03
9.280000000000000000e+02 5.065122051155095811e-02 1.617694617561702547e-03
9.290000000000000000e+02 5.003913848655781871e-02 1.619364286352665411e-03
9.300000000000000000e+02 4.943445301393866592e-02 1.620757658610093993e-03
9.310000000000000000e+02 4.883707471190350952e-02 1.621881168433932097e-03
9.320000000000000000e+02 4.824691527877423419e-02 1.622741134721016054e-03
9.330000000000000000e+02 4.766388747993237363e-02 1.623343763010914181e-03
9.340000000000000000e+02 4.708790513492434188e-02 1.623695147303982900e-03
9.350000000000000000e+02 4.650811853273220664e-02 1.624596726954204151e-03
9.360000000000000000e+02 4.593547075956885828e-02 1.625230265406774760e-03
9.370000000000000000e+02 4.536987391605939307e-02 1.625602226807944251e-03
9.380000000000000000e+02 4.481124118512128107e-02 1.625718956704495094e-03
9.390000000000000000e+02 4.425948681863822037e-02 1.625586683985557473e-03
9.400000000000000000e+02 4.371452612429820028e-02 1.625211522794534763e-03
9.410000000000000000e+02 4.317627545259335176e-02 1.624599474411746874e-03
9.420000000000000000e+02 4.264465218398030832e-02 1.623756429108055149e-03
9.430000000000000000e+02 4.211957471619807297e-02 1.622688167969735945e-03
9.440000000000000000e+02 4.160096245174271790e-02 1.621400364695570889e-03
9.450000000000000000e+02 4.107090063756196896e-02 1.620987116940288131e-03
9.460000000000000000e+02 4.054759264613660291e-02 1.620321557620051783e-03
9.470000000000000000e+02 4.003095242312243451e-02 1.619410183359142053e-03
9.480000000000000000e+02 3.952089501064315336e-02 1.618259366130660876e-03
9.490000000000000000e+02 3.901733653331972834e-02 1.616875355379913254e-03
9.500000000000000000e+02 3.852019418447760746e-02 1.615264280113853923e-03
9.510000000000000000e+02 3.802938621252974910e-02 1.613432150957033046e-03
9.520000000000000000e+02 3.754483190753316046e-02 1.611384862174831956e-03
9.530000000000000000e+02 3.706645158791667394e-02 1.609128193664211004e-03
9.540000000000000000e+02 3.659416658737791456e-02 1.606667812912708493e-03
9.550000000000000000e+02 3.611372124356183877e-02 1.606484725383532791e-03
9.560000000000000000e+02 3.563958367363216639e-02 1.606030032904551957e-03
9.570000000000000000e+02 3.517167106273406951e-02 1.605310898695252314e-03
9.580000000000000000e+02 3.470990168329016190e-02 1.604334344612576985e-03
9.590000000000000000e+02 3.425419488072555668e-02 1.603107253630456364e-03
9.600000000000000000e+02 3.380447105938050312e-02 1.601636372278451154e-03
9.610000000000000000e+02 3.336065166860782694e-02 1.599928313040364924e-03
9.620000000000000000e+02 3.292265918905287053e-02 1.597989556713308446e-03
9.630000000000000000e+02 3.249041711911380276e-02 1.595826454727788252e-03
9.640000000000000000e+02 3.206384996157934236e-02 1.593445231429737111e-03
9.650000000000000000e+02 3.159600524034739122e-02 1.592007334547394445e-03
9.660000000000000000e+02 3.113498685729523818e-02 1.590272902509560354e-03
9.670000000000000000e+02 3.068069520909123479e-02 1.588250894138500471e-03
9.680000000000000000e+02 3.023303214571926648e-02 1.585950069816627339e-03
9.690000000000000000e+02 2.979190094927346502e-02 1.583378995374170109e-03
9.700000000000000000e+02 2.935720631306213899e-02 1.580546045905574862e-03
9.710000000000000000e+02 2.892885432101685930e-02 1.577459409515829039e-03
9.720000000000000000e+02 2.850675242740167287e-02 1.574127090997945108e-03
9.730000000000000000e+02 2.809080943681860690e-02 1.570556915442960014e-03
9.740000000000000000e+02 2.768093548450483582e-02 1.566756531783472170e-03
9.750000000000000000e+02 2.723531895852158644e-02 1.562554710075861678e-03
9.760000000000000000e+02 2.679687610946630133e-02 1.558083051583000062e-03
9.770000000000000000e+02 2.636549145320031887e-02 1.553351330456509069e-03
9.780000000000000000e+02 2.594105136468551412e-02 1.548369075931125063e-03
9.790000000000000000e+02 2.552344404805580169e-02 1.543145577682628403e-03
9.800000000000000000e+02 2.511255950717063840e-02 1.537689891076741977e-03
9.810000000000000000e+02 2.470828951664243156e-02 1.532010842310941798e-03
9.820000000000000000e+02 2.431052759333035204e-02 1.526117033451335897e-03
9.830000000000000000e+02 2.391916896829314465e-02 1.520016847366542287e-03
9.840000000000000000e+02 2.353411055919335873e-02 1.513718452560788158e-03
9.850000000000000000e+02 2.318391528410009700e-02 1.508497766598558207e-03
9.860000000000000000e+02 2.283893102942713069e-02 1.503098102246759257e-03
9.870000000000000000e+02 2.249908025348345067e-02 1.497525939054564562e-03
9.880000000000000000e+02 2.216428656842378206e-02 1.491787603271345700e-03
9.890000000000000000e+02 2.183447472307901635e-02 1.485889270977799881e-03
9.900000000000000000e+02 2.150957058604212324e-02 1.479836971157579700e-03
9.910000000000000000e+02 2.118950112900567020e-02 1.473636588710780168e-03
9.920000000000000000e+02 2.087419441034736242e-02 1.467293867410205885e-03
9.930000000000000000e+02 2.056357955895981096e-02 1.460814412801519913e-03
9.940000000000000000e+02 2.025758675832095221e-02 1.454203695048192010e-03
9.950000000000000000e+02 2.004221013565483586e-02 1.449789888177368397e-03
9.960000000000000000e+02 1.982912337555450474e-02 1.445305989905432825e-03
9.970000000000000000e+02 1.961830213243175025e-02 1.440753988225742036e-03
9.980000000000000000e+02 1.940972231953813978e-02 1.436135836761914808e-03
9.990000000000000000e+02 1.920336010621319367e-02 1.431453455274567244e-03
1.000000000000000000e+03 1.899919191516158054e-02 1.426708730161116087e-03
1.001000000000000000e+03 1.879719441975941790e-02 1.421903514948717751e-03
1.002000000000000000e+03 1.859734454138912974e-02 1.417039630780594570e-03
1.003000000000000000e+03 1.839961944680266331e-02 1.412118866895588701e-03
1.004000000000000000e+03 1.820399654551278432e-02 1.407142981101363460e-03
1.005000000000000000e+03 1.819655152000205708e-02 1.406958008988086137e-03
1.006000000000000000e+03 1.818910953933946043e-02 1.406772953455162622e-03
1.007000000000000000e+03 1.818167060227971962e-02 1.406587814601682057e-03
1.008000000000000000e+03 1.817423470757806997e-02 1.406402592526658987e-03
1.009000000000000000e+03 1.816680185399024636e-02 1.406217287329066326e-03
1.010000000000000000e+03 1.815937204027252144e-02 1.406031899107778108e-03
1.011000000000000000e+03 1.815194526518164320e-02 1.405846427961604181e-03
1.012000000000000000e+03 1.814452152747488695e-02 1.405660873989316231e-03
1.013000000000000000e+03 1.813710082591002415e-02 1.405475237289585330e-03
1.014000000000000000e+03 1.812968315924534668e-02 1.405289517961035711e-03
1.015000000000000000e+03 1.812226852623964948e-02 1.405103716102218750e-03
1.016000000000000000e+03 1.811485692565223057e-02 1.404917831811612963e-03
1.017000000000000000e+03 1.810744835624288063e-02 1.404731865187658704e-03
1.018000000000000000e+03 1.810004281677195237e-02 1.404545816328680100e-03
1.019000000000000000e+03 1.809264030600025303e-02 1.404359685332975255e-03
1.020000000000000000e+03 1.808524082268911023e-02 1.404173472298759009e-03
1.021000000000000000e+03 1.807784436560036512e-02 1.403987177324187222e-03
1.022000000000000000e+03 1.807045093349635492e-02 1.403800800507332483e-03
1.023000000000000000e+03 1.806306052513993385e-02 1.403614341946230956e-03
1.024000000000000000e+03 1.805567313929445222e-02 1.403427801738814720e-03
1.025000000000000000e+03 1.804828877472377732e-02 1.403241179982989834e-03
1.026000000000000000e+03 1.804090743019225174e-02 1.403054476776558271e-03
1.027000000000000000e+03 1.803352910446478358e-02 1.402867692217275170e-03
1.028000000000000000e+03 1.802615379630673892e-02 1.402680826402843625e-03
1.029000000000000000e+03 1.801878150448399038e-02 1.402493879430860915e-03
1.030000000000000000e+03 1.801141222776293099e-02 1.402306851398891357e-03
1.031000000000000000e+03 1.800404596491044645e-02 1.402119742404412533e-03
1.032000000000000000e+03 1.799668271469393940e-02 1.401932552544849983e-03
1.033000000000000000e+03 1.798932247588130168e-02 1.401745281917575470e-03
1.034000000000000000e+03 1.798196524724094206e-02 1.401557930619853204e-03
1.035000000000000000e+03 1.797461102754175852e-02 1.401370498748910967e-03
1.036000000000000000e+03 1.796725981555317639e-02 1.401182986401922764e-03
1.037000000000000000e+03 1.795991161004510672e-02 1.400995393675946374e-03
1.038000000000000000e+03 1.795256640978795670e-02 1.400807720668046513e-03
1.039000000000000000e+03 1.794522421355265740e-02 1.400619967475152591e-03
1.040000000000000000e+03 1.793788502011062214e-02 1.400432134194147180e-03
1.041000000000000000e+03 1.793054882823378118e-02 1.400244220921902441e-03
1.042000000000000000e+03 1.792321563669456094e-02 1.400056227755137883e-03
1.043000000000000000e+03 1.791588544426587354e-02 1.399868154790552197e-03
1.044000000000000000e+03 1.790855824972118274e-02 1.399680002124802439e-03
1.045000000000000000e+03 1.790123405183440680e-02 1.399491769854420767e-03
1.046000000000000000e+03 1.789391284937997748e-02 1.399303458075920256e-03
1.047000000000000000e+03 1.788659464113283304e-02 1.399115066885741124e-03
1.048000000000000000e+03 1.787927942586840790e-02 1.398926596380224707e-03
1.049000000000000000e+03 1.787196720236263955e-02 1.398738046655696732e-03
1.050000000000000000e+03 1.786465796939196507e-02 1.398549417808380574e-03
1.051000000000000000e+03 1.785735172573332807e-02 1.398360709934437160e-03
1.052000000000000000e+03 1.785004847016415097e-02 1.398171923129997926e-03
1.053000000000000000e+03 1.784274820146239393e-02 1.397983057491072878e-03
1.054000000000000000e+03 1.783545091840648550e-02 1.397794113113651204e-03
1.055000000000000000e+03 1.782815661977536423e-02 1.397605090093645766e-03
1.056000000000000000e+03 1.782086530434846827e-02 1.397415988526880953e-03
1.057000000000000000e+03 1.781357697090573192e-02 1.397226808509158605e-03
1.058000000000000000e+03 1.780629161822758905e-02 1.397037550136171272e-03
1.059000000000000000e+03 1.779900924509498009e-02 1.396848213503566402e-03
1.060000000000000000e+03 1.779172985028933465e-02 1.396658798706942872e-03
1.061000000000000000e+03 1.778445343259256461e-02 1.396469305841798944e-03
1.062000000000000000e+03 1.777717999078713695e-02 1.396279735003598185e-03
1.063000000000000000e+03 1.776990952365595927e-02 1.396090086287731305e-03
1.064000000000000000e+03 1.776264202998245612e-02 1.395900359789502276e-03
1.065000000000000000e+03 1.775537750855055510e-02 1.395710555604180378e-03
1.066000000000000000e+03 1.774811595814467305e-02 1.395520673826960295e-03
1.067000000000000000e+03 1.774085737754972636e-02 1.395330714552956916e-03
1.068000000000000000e+03 1.773360176555112758e-02 1.395140677877250435e-03
1.069000000000000000e+03 1.772634912093477497e-02 1.394950563894811757e-03
1.070000000000000000e+03 1.771909944248710803e-02 1.394760372700599646e-03
1.071000000000000000e+03 1.771185272899501034e-02 1.394570104389472251e-03
1.072000000000000000e+03 1.770460897924588592e-02 1.394379759056221801e-03
1.073000000000000000e+03 1.769736819202762795e-02 1.394189336795600628e-03
1.074000000000000000e+03 1.769013036612862924e-02 1.393998837702279531e-03
1.075000000000000000e+03 1.768289550033777871e-02 1.393808261870866858e-03
1.076000000000000000e+03 1.767566359344445448e-02 1.393617609395913712e-03
1.077000000000000000e+03 1.766843464423853427e-02 1.393426880371872317e-03
1.078000000000000000e+03 1.766120865151038499e-02 1.393236074893184490e-03
1.079000000000000000e+03 1.765398561405088704e-02 1.393045193054212247e-03
1.080000000000000000e+03 1.764676553065139611e-02 1.392854234949194442e-03
1.081000000000000000e+03 1.763954840010377098e-02 1.392663200672402887e-03
1.082000000000000000e+03 1.763233422120035268e-02 1.392472090317977557e-03
1.083000000000000000e+03 1.762512299273399571e-02 1.392280903980001178e-03
1.084000000000000000e+03 1.761791471349802643e-02 1.392089641752514845e-03
1.085000000000000000e+03 1.761070938228628813e-02 1.391898303729488529e-03
1.086000000000000000e+03 1.760350699789309248e-02 1.391706890004807198e-03
1.087000000000000000e+03 1.759630755911325076e-02 1.391515400672326333e-03
1.088000000000000000e+03 1.758911106474209812e-02 1.391323835825793859e-03
1.089000000000000000e+03 1.758191751357543117e-02 1.391132195558933415e-03
1.090000000000000000e+03 1.757472690440953569e-02 1.390940479965395785e-03
1.091000000000000000e+03 1.756753923604120401e-02 1.390748689138748481e-03
1.092000000000000000e+03 1.756035450726771419e-02 1.390556823172515652e-03
1.093000000000000000e+03 1.755317271688684039e-02 1.390364882160150320e-03
1.094000000000000000e+03 1.754599386369684252e-02 1.390172866195032650e-03
1.095000000000000000e+03 1.753881794649647316e-02 1.389980775370499438e-03
1.096000000000000000e+03 1.753164496408498793e-02 1.389788609779792072e-03
1.097000000000000000e+03 1.752447491526212126e-02 1.389596369516131122e-03
1.098000000000000000e+03 1.751730779882809674e-02 1.389404054672629604e-03
1.099000000000000000e+03 1.751014361358363761e-02 1.389211665342376251e-03
