3.500000000000000000e+02 1.734409022157321414e-02
3.510000000000000000e+02 1.808788416998602031e-02
3.520000000000000000e+02 1.886357540621433695e-02
3.530000000000000000e+02 1.967253183190907292e-02
3.540000000000000000e+02 2.754602073056905409e-02
3.550000000000000000e+02 2.878248662771649632e-02
3.560000000000000000e+02 3.007445411363286053e-02
3.570000000000000000e+02 3.142441450357641441e-02
3.580000000000000000e+02 3.283497094116663573e-02
3.590000000000000000e+02 3.430884341805490179e-02
3.600000000000000000e+02 3.584887401891474756e-02
3.610000000000000000e+02 3.745803240186521693e-02
3.620000000000000000e+02 3.913942152489566922e-02
3.630000000000000000e+02 4.089628362933407646e-02
3.640000000000000000e+02 4.273200649189708850e-02
3.650000000000000000e+02 4.452514258254310769e-02
3.660000000000000000e+02 4.639352290587421546e-02
3.670000000000000000e+02 4.834030488791173780e-02
3.680000000000000000e+02 5.036877844774289431e-02
3.690000000000000000e+02 5.248237155724334857e-02
3.700000000000000000e+02 5.468465603409866649e-02
3.710000000000000000e+02 5.697935357791517053e-02
3.720000000000000000e+02 5.937034205961948252e-02
3.730000000000000000e+02 6.186166207477696716e-02
3.740000000000000000e+02 6.445752377190239191e-02
3.750000000000000000e+02 6.643754040237423442e-02
3.760000000000000000e+02 6.847837950363815096e-02
3.770000000000000000e+02 7.058190943017980667e-02
3.780000000000000000e+02 7.275005592889985384e-02
3.790000000000000000e+02 7.498480390210340851e-02
3.800000000000000000e+02 7.728819922464538750e-02
3.810000000000000000e+02 7.966235061689493080e-02
3.820000000000000000e+02 8.210943157523432900e-02
3.830000000000000000e+02 8.463168236185893145e-02
3.840000000000000000e+02 8.723141205570017487e-02
3.850000000000000000e+02 8.887131930528172075e-02
3.860000000000000000e+02 9.054205599719207520e-02
3.870000000000000000e+02 9.224420170964482690e-02
3.880000000000000000e+02 9.397834691663646545e-02
3.890000000000000000e+02 9.574509319278151631e-02
3.900000000000000000e+02 9.754505342199855378e-02
3.910000000000000000e+02 9.937885201011967262e-02
3.920000000000000000e+02 1.012471251014966656e-01
3.930000000000000000e+02 1.031505207996794848e-01
3.940000000000000000e+02 1.050896993922430661e-01
3.950000000000000000e+02 1.062385603727159789e-01
3.960000000000000000e+02 1.073999809242990183e-01
3.970000000000000000e+02 1.085740983506599810e-01
3.980000000000000000e+02 1.097610514564970330e-01
3.990000000000000000e+02 1.109609805639482222e-01
4.000000000000000000e+02 1.121740275291805561e-01
4.010000000000000000e+02 1.134003357591600175e-01
4.020000000000000000e+02 1.146400502286053641e-01
4.030000000000000000e+02 1.158933174971272517e-01
4.040000000000000000e+02 1.171602857265543335e-01
4.050000000000000000e+02 1.179895524039056426e-01
4.060000000000000000e+02 1.188246886745060321e-01
4.070000000000000000e+02 1.196657360836459183e-01
4.080000000000000000e+02 1.205127364706754661e-01
4.090000000000000000e+02 1.213657319710859106e-01
4.100000000000000000e+02 1.222247650186056439e-01
4.110000000000000000e+02 1.230898783473114294e-01
4.120000000000000000e+02 1.239611149937539791e-01
4.130000000000000000e+02 1.248385182990989078e-01
4.140000000000000000e+02 1.257221319112828972e-01
4.150000000000000000e+02 1.263576345515780019e-01
4.160000000000000000e+02 1.269963495427907652e-01
4.170000000000000000e+02 1.276382931227742490e-01
4.180000000000000000e+02 1.282834816114607479e-01
4.190000000000000000e+02 1.289319314112769010e-01
4.200000000000000000e+02 1.295836590075606920e-01
4.210000000000000000e+02 1.302386809689804748e-01
4.220000000000000000e+02 1.308970139479562478e-01
4.230000000000000000e+02 1.315586746810828989e-01
4.240000000000000000e+02 1.322236799895559756e-01
4.250000000000000000e+02 1.327820023702854790e-01
4.260000000000000000e+02 1.333426823005918749e-01
4.270000000000000000e+02 1.339057297353690723e-01
4.280000000000000000e+02 1.344711546715459394e-01
4.290000000000000000e+02 1.350389671482641329e-01
4.300000000000000000e+02 1.356091772470559842e-01
4.310000000000000000e+02 1.361817950920238274e-01
4.320000000000000000e+02 1.367568308500196894e-01
4.330000000000000000e+02 1.373342947308255069e-01
4.340000000000000000e+02 1.379141969873349249e-01
4.350000000000000000e+02 1.384494527649671181e-01
4.360000000000000000e+02 1.389867859121069749e-01
4.370000000000000000e+02 1.395262044911878274e-01
4.380000000000000000e+02 1.400677165959340886e-01
4.390000000000000000e+02 1.406113303514824331e-01
4.400000000000000000e+02 1.411570539145040049e-01
4.410000000000000000e+02 1.417048954733264032e-01
4.420000000000000000e+02 1.422548632480568898e-01
4.430000000000000000e+02 1.428069654907055397e-01
4.440000000000000000e+02 1.433612104853093094e-01
4.450000000000000000e+02 1.438617245977928671e-01
4.460000000000000000e+02 1.443639861451366524e-01
4.470000000000000000e+02 1.448680012281247376e-01
4.480000000000000000e+02 1.453737759688409625e-01
4.490000000000000000e+02 1.458813165107428755e-01
4.500000000000000000e+02 1.463906290187367287e-01
4.510000000000000000e+02 1.469017196792521962e-01
4.520000000000000000e+02 1.474145947003172863e-01
4.530000000000000000e+02 1.479292603116342808e-01
4.540000000000000000e+02 1.484457227646547306e-01
4.550000000000000000e+02 1.488682016201546554e-01
4.560000000000000000e+02 1.492918828571042911e-01
4.570000000000000000e+02 1.497167698975001571e-01
4.580000000000000000e+02 1.501428661730776770e-01
4.590000000000000000e+02 1.505701751253392950e-01
4.600000000000000000e+02 1.509987002055817595e-01
4.610000000000000000e+02 1.514284448749244061e-01
4.620000000000000000e+02 1.518594126043369685e-01
4.630000000000000000e+02 1.522916068746675566e-01
4.640000000000000000e+02 1.527250311766709112e-01
4.650000000000000000e+02 1.530435241384619505e-01
4.660000000000000000e+02 1.533626812858546740e-01
4.670000000000000000e+02 1.536825040039423995e-01
4.680000000000000000e+02 1.540029936807070232e-01
4.690000000000000000e+02 1.543241517070251256e-01
4.700000000000000000e+02 1.546459794766734952e-01
4.710000000000000000e+02 1.549684783863357063e-01
4.720000000000000000e+02 1.552916498356079755e-01
4.730000000000000000e+02 1.556154952270052683e-01
4.740000000000000000e+02 1.559400159659672103e-01
4.750000000000000000e+02 1.561741274774273991e-01
4.760000000000000000e+02 1.564085904586462739e-01
4.770000000000000000e+02 1.566434054372828344e-01
4.780000000000000000e+02 1.568785729417877806e-01
4.790000000000000000e+02 1.571140935014056217e-01
4.800000000000000000e+02 1.573499676461750652e-01
4.810000000000000000e+02 1.575861959069307094e-01
4.820000000000000000e+02 1.578227788153041544e-01
4.830000000000000000e+02 1.580597169037249727e-01
4.840000000000000000e+02 1.582970107054222086e-01
4.850000000000000000e+02 1.584998127538603807e-01
4.860000000000000000e+02 1.587028746219291409e-01
4.870000000000000000e+02 1.589061966424961392e-01
4.880000000000000000e+02 1.591097791488555457e-01
4.890000000000000000e+02 1.593136224747283836e-01
4.900000000000000000e+02 1.595177269542634169e-01
4.910000000000000000e+02 1.597220929220372621e-01
4.920000000000000000e+02 1.599267207130553314e-01
4.930000000000000000e+02 1.601316106627521940e-01
4.940000000000000000e+02 1.603367631069921861e-01
4.950000000000000000e+02 1.605582091910624232e-01
4.960000000000000000e+02 1.607799611211981339e-01
4.970000000000000000e+02 1.610020193198128391e-01
4.980000000000000000e+02 1.612243842099034263e-01
4.990000000000000000e+02 1.614470562150510657e-01
5.000000000000000000e+02 1.616700357594218762e-01
5.010000000000000000e+02 1.618933232677678413e-01
5.020000000000000000e+02 1.621169191654275588e-01
5.030000000000000000e+02 1.623408238783271007e-01
5.040000000000000000e+02 1.625650378329807910e-01
5.050000000000000000e+02 1.628543741898485775e-01
5.060000000000000000e+02 1.631442255130862717e-01
5.070000000000000000e+02 1.634345927192408232e-01
5.080000000000000000e+02 1.637254767264905153e-01
5.090000000000000000e+02 1.640168784546478242e-01
5.100000000000000000e+02 1.643087988251623055e-01
5.110000000000000000e+02 1.646012387611234251e-01
5.120000000000000000e+02 1.648941991872637236e-01
5.130000000000000000e+02 1.651876810299616194e-01
5.140000000000000000e+02 1.654816852172441843e-01
5.150000000000000000e+02 1.658351236072400925e-01
5.160000000000000000e+02 1.661893168765167794e-01
5.170000000000000000e+02 1.665442666373573577e-01
5.180000000000000000e+02 1.668999745054883799e-01
5.190000000000000000e+02 1.672564421000873880e-01
5.200000000000000000e+02 1.676136710437900468e-01
5.210000000000000000e+02 1.679716629626978319e-01
5.220000000000000000e+02 1.683304194863852188e-01
5.230000000000000000e+02 1.686899422479071209e-01
5.240000000000000000e+02 1.690502328838063839e-01
5.250000000000000000e+02 1.694237851948225682e-01
5.260000000000000000e+02 1.697981629488250765e-01
5.270000000000000000e+02 1.701733679698050339e-01
5.280000000000000000e+02 1.705494020857842019e-01
5.290000000000000000e+02 1.709262671288235835e-01
5.300000000000000000e+02 1.713039649350326099e-01
5.310000000000000000e+02 1.716824973445779945e-01
5.320000000000000000e+02 1.720618662016926703e-01
5.330000000000000000e+02 1.724420733546847828e-01
5.340000000000000000e+02 1.728231206559466548e-01
5.350000000000000000e+02 1.731842943306472205e-01
5.360000000000000000e+02 1.735462228026388443e-01
5.370000000000000000e+02 1.739089076493313402e-01
5.380000000000000000e+02 1.742723504514313848e-01
5.390000000000000000e+02 1.746365527929488737e-01
5.400000000000000000e+02 1.750015162612039987e-01
5.410000000000000000e+02 1.753672424468342705e-01
5.420000000000000000e+02 1.757337329438015128e-01
5.430000000000000000e+02 1.761009893493985512e-01
5.440000000000000000e+02 1.764690132642562637e-01
5.450000000000000000e+02 1.767983708043912583e-01
5.460000000000000000e+02 1.771283430495513844e-01
5.470000000000000000e+02 1.774589311470074759e-01
5.480000000000000000e+02 1.777901362461714874e-01
5.490000000000000000e+02 1.781219594986005739e-01
5.500000000000000000e+02 1.784544020580012547e-01
5.510000000000000000e+02 1.787874650802331877e-01
5.520000000000000000e+02 1.791211497233133887e-01
5.530000000000000000e+02 1.794554571474200055e-01
5.540000000000000000e+02 1.797903885148967873e-01
5.550000000000000000e+02 1.800766813434273028e-01
5.560000000000000000e+02 1.803634300560812143e-01
5.570000000000000000e+02 1.806506353787948049e-01
5.580000000000000000e+02 1.809382980386602113e-01
5.590000000000000000e+02 1.812264187639274216e-01
5.600000000000000000e+02 1.815149982840060516e-01
5.610000000000000000e+02 1.818040373294672052e-01
5.620000000000000000e+02 1.820935366320453885e-01
5.630000000000000000e+02 1.823834969246401760e-01
5.640000000000000000e+02 1.826739189413183195e-01
5.650000000000000000e+02 1.829186279294848505e-01
5.660000000000000000e+02 1.831636647284808905e-01
5.670000000000000000e+02 1.834090297774400302e-01
5.680000000000000000e+02 1.836547235160840286e-01
5.690000000000000000e+02 1.839007463847239232e-01
5.700000000000000000e+02 1.841470988242603635e-01
5.710000000000000000e+02 1.843937812761847761e-01
5.720000000000000000e+02 1.846407941825800314e-01
5.730000000000000000e+02 1.848881379861210261e-01
5.740000000000000000e+02 1.851358131300758769e-01
5.750000000000000000e+02 1.853423431599685034e-01
5.760000000000000000e+02 1.855491035864144378e-01
5.770000000000000000e+02 1.857560946664348622e-01
5.780000000000000000e+02 1.859633166573374519e-01
5.790000000000000000e+02 1.861707698167171521e-01
5.800000000000000000e+02 1.863784544024561785e-01
5.810000000000000000e+02 1.865863706727243498e-01
5.820000000000000000e+02 1.867945188859796712e-01
5.830000000000000000e+02 1.870028993009682228e-01
5.840000000000000000e+02 1.872115121767250201e-01
5.850000000000000000e+02 1.873842432579615191e-01
5.860000000000000000e+02 1.875571337098802527e-01
5.870000000000000000e+02 1.877301836795249868e-01
5.880000000000000000e+02 1.879033933140750456e-01
5.890000000000000000e+02 1.880767627608455617e-01
5.900000000000000000e+02 1.882502921672875862e-01
5.910000000000000000e+02 1.884239816809882007e-01
5.920000000000000000e+02 1.885978314496708219e-01
5.930000000000000000e+02 1.887718416211949524e-01
5.940000000000000000e+02 1.889460123435565964e-01
5.950000000000000000e+02 1.890960506984509237e-01
5.960000000000000000e+02 1.892462081958858899e-01
5.970000000000000000e+02 1.893964849304701770e-01
5.980000000000000000e+02 1.895468809968877122e-01
5.990000000000000000e+02 1.896973964898975018e-01
6.000000000000000000e+02 1.898480315043340194e-01
6.010000000000000000e+02 1.899987861351068452e-01
6.020000000000000000e+02 1.901496604772009158e-01
6.030000000000000000e+02 1.903006546256768294e-01
6.040000000000000000e+02 1.918560187225840097e-01
6.050000000000000000e+02 1.920027587563884475e-01
6.060000000000000000e+02 1.921496110235107191e-01
6.070000000000000000e+02 1.922965756097917978e-01
6.080000000000000000e+02 1.924436526011384652e-01
6.090000000000000000e+02 1.925908420835230062e-01
6.100000000000000000e+02 1.927381441429837361e-01
6.110000000000000000e+02 1.928855588656244735e-01
6.120000000000000000e+02 1.930330863376150952e-01
6.130000000000000000e+02 1.931807266451913696e-01
6.140000000000000000e+02 1.933284798746549293e-01
6.150000000000000000e+02 1.934942056360287321e-01
6.160000000000000000e+02 1.936600734614584707e-01
6.170000000000000000e+02 1.938260834727248694e-01
6.180000000000000000e+02 1.939922357917129581e-01
6.190000000000000000e+02 1.941585305404122663e-01
6.200000000000000000e+02 1.943249678409170178e-01
6.210000000000000000e+02 1.944915478154259914e-01
6.220000000000000000e+02 1.946582705862426599e-01
6.230000000000000000e+02 1.948251362757754401e-01
6.240000000000000000e+02 1.949921450065376094e-01
6.250000000000000000e+02 1.951643987681954129e-01
6.260000000000000000e+02 1.953368046967952076e-01
6.270000000000000000e+02 1.955093629267593280e-01
6.280000000000000000e+02 1.956820735926290689e-01
6.290000000000000000e+02 1.958549368290645465e-01
6.300000000000000000e+02 1.960279527708448655e-01
6.310000000000000000e+02 1.962011215528679797e-01
6.320000000000000000e+02 1.963744433101511644e-01
6.330000000000000000e+02 1.965479181778311268e-01
6.340000000000000000e+02 1.967215462911636181e-01
6.350000000000000000e+02 1.968625428969842939e-01
6.360000000000000000e+02 1.970036405595689821e-01
6.370000000000000000e+02 1.971448393513480224e-01
6.380000000000000000e+02 1.972861393448041289e-01
6.390000000000000000e+02 1.974275406124716969e-01
6.400000000000000000e+02 1.975690432269371910e-01
6.410000000000000000e+02 1.977106472608390897e-01
6.420000000000000000e+02 1.978523527868679133e-01
6.430000000000000000e+02 1.979941598777664180e-01
6.440000000000000000e+02 1.981360686063292076e-01
6.450000000000000000e+02 1.982083267258175074e-01
6.460000000000000000e+02 1.982806111970744634e-01
6.470000000000000000e+02 1.983529220297102491e-01
6.480000000000000000e+02 1.984252592333384801e-01
6.490000000000000000e+02 1.984976228175764912e-01
6.500000000000000000e+02 1.985700127920449753e-01
6.510000000000000000e+02 1.986424291663681785e-01
6.520000000000000000e+02 1.987148719501738714e-01
6.530000000000000000e+02 1.987873411530932943e-01
6.540000000000000000e+02 1.988598367847611570e-01
6.550000000000000000e+02 1.988461814840289943e-01
6.560000000000000000e+02 1.988325271209785694e-01
6.570000000000000000e+02 1.988188736955454894e-01
6.580000000000000000e+02 1.988052212076654446e-01
6.590000000000000000e+02 1.987915696572739310e-01
6.600000000000000000e+02 1.987779190443066113e-01
6.610000000000000000e+02 1.987642693686991757e-01
6.620000000000000000e+02 1.987506206303871759e-01
6.630000000000000000e+02 1.987369728293063575e-01
6.640000000000000000e+02 1.987233259653922446e-01
6.650000000000000000e+02 1.986211187379028076e-01
6.660000000000000000e+02 1.985189640775556486e-01
6.670000000000000000e+02 1.984168619573144776e-01
6.680000000000000000e+02 1.983148123501569104e-01
6.690000000000000000e+02 1.982128152290745238e-01
6.700000000000000000e+02 1.981108705670726056e-01
6.710000000000000000e+02 1.980089783371704881e-01
6.720000000000000000e+02 1.979071385124013260e-01
6.730000000000000000e+02 1.978053510658121794e-01
6.740000000000000000e+02 1.977036159704639029e-01
6.750000000000000000e+02 1.975183699598550557e-01
6.760000000000000000e+02 1.973332975226241293e-01
6.770000000000000000e+02 1.971483984961348856e-01
6.780000000000000000e+02 1.969636727179033542e-01
6.790000000000000000e+02 1.967791200255979700e-01
6.800000000000000000e+02 1.965947402570392410e-01
6.810000000000000000e+02 1.964105332501996093e-01
6.820000000000000000e+02 1.962264988432032842e-01
6.830000000000000000e+02 1.960426368743262149e-01
6.840000000000000000e+02 1.958589471819959515e-01
6.850000000000000000e+02 1.956017794225817785e-01
6.860000000000000000e+02 1.953449493309507012e-01
6.870000000000000000e+02 1.950884564637362928e-01
6.880000000000000000e+02 1.948323003781543272e-01
6.890000000000000000e+02 1.945764806320020301e-01
6.900000000000000000e+02 1.943209967836572183e-01
6.910000000000000000e+02 1.940658483920775779e-01
6.920000000000000000e+02 1.938110350167998319e-01
6.930000000000000000e+02 1.935565562179390464e-01
6.940000000000000000e+02 1.933024115561880196e-01
6.950000000000000000e+02 1.929737442652887658e-01
6.960000000000000000e+02 1.926456357992238355e-01
6.970000000000000000e+02 1.923180852078372471e-01
6.980000000000000000e+02 1.919910915425884768e-01
6.990000000000000000e+02 1.916646538565498492e-01
7.000000000000000000e+02 1.913387712044037070e-01
7.010000000000000000e+02 1.910134426424397736e-01
7.020000000000000000e+02 1.906886672285522111e-01
7.030000000000000000e+02 1.903644440222371226e-01
7.040000000000000000e+02 1.900407720845895820e-01
7.050000000000000000e+02 1.896040955129376648e-01
7.060000000000000000e+02 1.891684223387468666e-01
7.070000000000000000e+02 1.887337502564059577e-01
7.080000000000000000e+02 1.883000769656013040e-01
7.090000000000000000e+02 1.878674001713050989e-01
7.100000000000000000e+02 1.874357175837630396e-01
7.110000000000000000e+02 1.870050269184821701e-01
7.120000000000000000e+02 1.865753258962189465e-01
7.130000000000000000e+02 1.861466122429670522e-01
7.140000000000000000e+02 1.857188836899452411e-01
7.150000000000000000e+02 1.851382324507647170e-01
7.160000000000000000e+02 1.845593966212768500e-01
7.170000000000000000e+02 1.839823705255919650e-01
7.180000000000000000e+02 1.834071485055662476e-01
7.190000000000000000e+02 1.828337249207458715e-01
7.200000000000000000e+02 1.822620941483120982e-01
7.210000000000000000e+02 1.816922505830258772e-01
7.220000000000000000e+02 1.811241886371729726e-01
7.230000000000000000e+02 1.805579027405092574e-01
7.240000000000000000e+02 1.799933873402059514e-01
7.250000000000000000e+02 1.793041473981610012e-01
7.260000000000000000e+02 1.786175467291733765e-01
7.270000000000000000e+02 1.779335752268028925e-01
7.280000000000000000e+02 1.772522228233094632e-01
7.290000000000000000e+02 1.765734794895048587e-01
7.300000000000000000e+02 1.758973352346051566e-01
7.310000000000000000e+02 1.752237801060835543e-01
7.320000000000000000e+02 1.745528041895242355e-01
7.330000000000000000e+02 1.738843976084759324e-01
7.340000000000000000e+02 1.732185505243068468e-01
7.350000000000000000e+02 1.725051295736737267e-01
7.360000000000000000e+02 1.717946469310409896e-01
7.370000000000000000e+02 1.710870904946417415e-01
7.380000000000000000e+02 1.703824482125519402e-01
7.390000000000000000e+02 1.696807080824846992e-01
7.400000000000000000e+02 1.689818581515858675e-01
7.410000000000000000e+02 1.682858865162307482e-01
7.420000000000000000e+02 1.675927813218209272e-01
7.430000000000000000e+02 1.669025307625826016e-01
7.440000000000000000e+02 1.662151230813654346e-01
7.450000000000000000e+02 1.655482613299601724e-01
7.460000000000000000e+02 1.648840750546923251e-01
7.470000000000000000e+02 1.642225535214441867e-01
7.480000000000000000e+02 1.635636860391637415e-01
7.490000000000000000e+02 1.629074619596918294e-01
7.500000000000000000e+02 1.622538706775902007e-01
7.510000000000000000e+02 1.616029016299700694e-01
7.520000000000000000e+02 1.609545442963212780e-01
7.530000000000000000e+02 1.603087881983424889e-01
7.540000000000000000e+02 1.596656228997717364e-01
7.550000000000000000e+02 1.590707230743448330e-01
7.560000000000000000e+02 1.584780397924409612e-01
7.570000000000000000e+02 1.578875647954172956e-01
7.580000000000000000e+02 1.572992898554019803e-01
7.590000000000000000e+02 1.567132067751794144e-01
7.600000000000000000e+02 1.561293073880761495e-01
7.610000000000000000e+02 1.555475835578469246e-01
7.620000000000000000e+02 1.549680271785615071e-01
7.630000000000000000e+02 1.543906301744916443e-01
7.640000000000000000e+02 1.538153844999984032e-01
7.650000000000000000e+02 1.532758407353220775e-01
7.660000000000000000e+02 1.527381895477435692e-01
7.670000000000000000e+02 1.522024242986019793e-01
7.680000000000000000e+02 1.516685383725232816e-01
7.690000000000000000e+02 1.511365251773381657e-01
7.700000000000000000e+02 1.506063781440010463e-01
7.710000000000000000e+02 1.500780907265087394e-01
7.720000000000000000e+02 1.495516564018198324e-01
7.730000000000000000e+02 1.490270686697738878e-01
7.740000000000000000e+02 1.485043210530114788e-01
7.750000000000000000e+02 1.479791926795132329e-01
7.760000000000000000e+02 1.474559212203908898e-01
7.770000000000000000e+02 1.469345001093815273e-01
7.780000000000000000e+02 1.464149228034412331e-01
7.790000000000000000e+02 1.458971827826630596e-01
7.800000000000000000e+02 1.453812735501950615e-01
7.810000000000000000e+02 1.448671886321591384e-01
7.820000000000000000e+02 1.443549215775694061e-01
7.830000000000000000e+02 1.438444659582515106e-01
7.840000000000000000e+02 1.433358153687618042e-01
7.850000000000000000e+02 1.427760096508395027e-01
7.860000000000000000e+02 1.422183902841860914e-01
7.870000000000000000e+02 1.416629487298894929e-01
7.880000000000000000e+02 1.411096764823865646e-01
7.890000000000000000e+02 1.405585650693334243e-01
7.900000000000000000e+02 1.400096060514749996e-01
7.910000000000000000e+02 1.394627910225163803e-01
7.920000000000000000e+02 1.389181116089940327e-01
7.930000000000000000e+02 1.383755594701470415e-01
7.940000000000000000e+02 1.378351262977902392e-01
7.950000000000000000e+02 1.372116798917336067e-01
7.960000000000000000e+02 1.365910534157751821e-01
7.970000000000000000e+02 1.359732341150000079e-01
7.980000000000000000e+02 1.353582092921856439e-01
7.990000000000000000e+02 1.347459663075406544e-01
8.000000000000000000e+02 1.341364925784452045e-01
8.010000000000000000e+02 1.335297755791920449e-01
8.020000000000000000e+02 1.329258028407295789e-01
8.030000000000000000e+02 1.323245619504053172e-01
8.040000000000000000e+02 1.317260405517107213e-01
8.050000000000000000e+02 1.310605082857551340e-01
8.060000000000000000e+02 1.303983385530934347e-01
8.070000000000000000e+02 1.297395143648721327e-01
8.080000000000000000e+02 1.290840188180721881e-01
8.090000000000000000e+02 1.284318350950753584e-01
8.100000000000000000e+02 1.277829464632325440e-01
8.110000000000000000e+02 1.271373362744348812e-01
8.120000000000000000e+02 1.264949879646861675e-01
8.130000000000000000e+02 1.258558850536781182e-01
8.140000000000000000e+02 1.252200111443675101e-01
8.150000000000000000e+02 1.245592936973276971e-01
8.160000000000000000e+02 1.239020624945457588e-01
8.170000000000000000e+02 1.232482991410193129e-01
8.180000000000000000e+02 1.225979853388062535e-01
8.190000000000000000e+02 1.219511028865128410e-01
8.200000000000000000e+02 1.213076336787840270e-01
8.210000000000000000e+02 1.206675597057967342e-01
8.220000000000000000e+02 1.200308630527560372e-01
8.230000000000000000e+02 1.193975258993934946e-01
8.240000000000000000e+02 1.187675305194684228e-01
8.250000000000000000e+02 1.181337111357698283e-01
8.260000000000000000e+02 1.175032742170378092e-01
8.270000000000000000e+02 1.168762017122793734e-01
8.280000000000000000e+02 1.162524756668332493e-01
8.290000000000000000e+02 1.156320782218555610e-01
8.300000000000000000e+02 1.150149916138086398e-01
8.310000000000000000e+02 1.144011981739525147e-01
8.320000000000000000e+02 1.137906803278386919e-01
8.330000000000000000e+02 1.131834205948074046e-01
8.340000000000000000e+02 1.125794015874867215e-01
8.350000000000000000e+02 1.119693530253107472e-01
8.360000000000000000e+02 1.113626102121703237e-01
8.370000000000000000e+02 1.107591552347755859e-01
8.380000000000000000e+02 1.101589702769057294e-01
8.390000000000000000e+02 1.095620376188831263e-01
8.400000000000000000e+02 1.089683396370500906e-01
8.410000000000000000e+02 1.083778588032483642e-01
8.420000000000000000e+02 1.077905776843018221e-01
8.430000000000000000e+02 1.072064789415018426e-01
8.440000000000000000e+02 1.066255453300953143e-01
8.450000000000000000e+02 1.060215984599508499e-01
8.460000000000000000e+02 1.054210724569243918e-01
8.470000000000000000e+02 1.048239479445899069e-01
8.480000000000000000e+02 1.042302056562730977e-01
8.490000000000000000e+02 1.036398264344295939e-01
8.500000000000000000e+02 1.030527912300270715e-01
8.510000000000000000e+02 1.024690811019302178e-01
8.520000000000000000e+02 1.018886772162900800e-01
8.530000000000000000e+02 1.013115608459359135e-01
8.540000000000000000e+02 1.007377133697712895e-01
8.550000000000000000e+02 1.001194407854029828e-01
8.560000000000000000e+02 9.950496281752735372e-02
8.570000000000000000e+02 9.889425617687884473e-02
8.580000000000000000e+02 9.828729771712878260e-02
8.590000000000000000e+02 9.768406443400781680e-02
8.600000000000000000e+02 9.708453346443413068e-02
8.610000000000000000e+02 9.648868208564694016e-02
8.620000000000000000e+02 9.589648771434522434e-02
8.630000000000000000e+02 9.530792790583185459e-02
8.640000000000000000e+02 9.472298035316277509e-02
8.650000000000000000e+02 9.406847928825257110e-02
8.660000000000000000e+02 9.341850058573396287e-02
8.670000000000000000e+02 9.277301299774089183e-02
8.680000000000000000e+02 9.213198549231858825e-02
8.690000000000000000e+02 9.149538725193186173e-02
8.700000000000000000e+02 9.086318767198314772e-02
8.710000000000000000e+02 9.023535635934155918e-02
8.720000000000000000e+02 8.961186313088158328e-02
8.730000000000000000e+02 8.899267801203210315e-02
8.740000000000000000e+02 8.837777123533521739e-02
8.750000000000000000e+02 8.767414527169321847e-02
8.760000000000000000e+02 8.697612127662079917e-02
8.770000000000000000e+02 8.628365464964343756e-02
8.780000000000000000e+02 8.559670114537656915e-02
8.790000000000000000e+02 8.491521687069827906e-02
8.800000000000000000e+02 8.423915828194505906e-02
8.810000000000000000e+02 8.356848218212929724e-02
8.820000000000000000e+02 8.290314571817929135e-02
8.830000000000000000e+02 8.224310637820113346e-02
8.840000000000000000e+02 8.158832198876252162e-02
8.850000000000000000e+02 8.084043888844485992e-02
8.860000000000000000e+02 8.009941129291157924e-02
8.870000000000000000e+02 7.936517636086316829e-02
8.880000000000000000e+02 7.863767182703790271e-02
8.890000000000000000e+02 7.791683599693141615e-02
8.900000000000000000e+02 7.720260774156474659e-02
8.910000000000000000e+02 7.649492649230063557e-02
8.920000000000000000e+02 7.579373223570701201e-02
8.930000000000000000e+02 7.509896550846760499e-02
8.940000000000000000e+02 7.441056739233944950e-02
8.950000000000000000e+02 7.364148815898649558e-02
8.960000000000000000e+02 7.288035783514872079e-02
8.970000000000000000e+02 7.212709426393026924e-02
8.980000000000000000e+02 7.138161613757761093e-02
8.990000000000000000e+02 7.064384298870313161e-02
9.000000000000000000e+02 6.991369518159944174e-02
9.010000000000000000e+02 6.919109390364346079e-02
9.020000000000000000e+02 6.847596115678919459e-02
9.030000000000000000e+02 6.776821974914885860e-02
9.040000000000000000e+02 6.706779328666048756e-02
9.050000000000000000e+02 6.631286402362600307e-02
9.060000000000000000e+02 6.556643240400956973e-02
9.070000000000000000e+02 6.482840277654000616e-02
9.080000000000000000e+02 6.409868056661707780e-02
9.090000000000000000e+02 6.337717226419223304e-02
9.100000000000000000e+02 6.266378541178579953e-02
9.110000000000000000e+02 6.195842859263904490e-02
9.120000000000000000e+02 6.126101141899959607e-02
9.130000000000000000e+02 6.057144452053879469e-02
9.140000000000000000e+02 5.988963953289922620e-02
9.150000000000000000e+02 5.918171647144759157e-02
9.160000000000000000e+02 5.848216138590706797e-02
9.170000000000000000e+02 5.779087536295685057e-02
9.180000000000000000e+02 5.710776065847711358e-02
9.190000000000000000e+02 5.643272068372841982e-02
9.200000000000000000e+02 5.576565999169463134e-02
9.210000000000000000e+02 5.510648426358717711e-02
9.220000000000000000e+02 5.445510029550894304e-02
9.230000000000000000e+02 5.381141598527570957e-02
9.240000000000000000e+02 5.317534031939333966e-02
9.250000000000000000e+02 5.253275619893821302e-02
9.260000000000000000e+02 5.189793722581233226e-02
9.270000000000000000e+02 5.127078956403197108e-02
9.280000000000000000e+02 5.065122051155095811e-02
9.290000000000000000e+02 5.003913848655781871e-02
9.300000000000000000e+02 4.943445301393866592e-02
9.310000000000000000e+02 4.883707471190350952e-02
9.320000000000000000e+02 4.824691527877423419e-02
9.330000000000000000e+02 4.766388747993237363e-02
9.340000000000000000e+02 4.708790513492434188e-02
9.350000000000000000e+02 4.650811853273220664e-02
9.360000000000000000e+02 4.593547075956885828e-02
9.370000000000000000e+02 4.536987391605939307e-02
9.380000000000000000e+02 4.481124118512128107e-02
9.390000000000000000e+02 4.425948681863822037e-02
9.400000000000000000e+02 4.371452612429820028e-02
9.410000000000000000e+02 4.317627545259335176e-02
9.420000000000000000e+02 4.264465218398030832e-02
9.430000000000000000e+02 4.211957471619807297e-02
9.440000000000000000e+02 4.160096245174271790e-02
9.450000000000000000e+02 4.107090063756196896e-02
9.460000000000000000e+02 4.054759264613660291e-02
9.470000000000000000e+02 4.003095242312243451e-02
9.480000000000000000e+02 3.952089501064315336e-02
9.490000000000000000e+02 3.901733653331972834e-02
9.500000000000000000e+02 3.852019418447760746e-02
9.510000000000000000e+02 3.802938621252974910e-02
9.520000000000000000e+02 3.754483190753316046e-02
9.530000000000000000e+02 3.706645158791667394e-02
9.540000000000000000e+02 3.659416658737791456e-02
9.550000000000000000e+02 3.611372124356183877e-02
9.560000000000000000e+02 3.563958367363216639e-02
9.570000000000000000e+02 3.517167106273406951e-02
9.580000000000000000e+02 3.470990168329016190e-02
9.590000000000000000e+02 3.425419488072555668e-02
9.600000000000000000e+02 3.380447105938050312e-02
9.610000000000000000e+02 3.336065166860782694e-02
9.620000000000000000e+02 3.292265918905287053e-02
9.630000000000000000e+02 3.249041711911380276e-02
9.640000000000000000e+02 3.206384996157934236e-02
9.650000000000000000e+02 3.159600524034739122e-02
9.660000000000000000e+02 3.113498685729523818e-02
9.670000000000000000e+02 3.068069520909123479e-02
9.680000000000000000e+02 3.023303214571926648e-02
9.690000000000000000e+02 2.979190094927346502e-02
9.700000000000000000e+02 2.935720631306213899e-02
9.710000000000000000e+02 2.892885432101685930e-02
9.720000000000000000e+02 2.850675242740167287e-02
9.730000000000000000e+02 2.809080943681860690e-02
9.740000000000000000e+02 2.768093548450483582e-02
9.750000000000000000e+02 2.723531895852158644e-02
9.760000000000000000e+02 2.679687610946630133e-02
9.770000000000000000e+02 2.636549145320031887e-02
9.780000000000000000e+02 2.594105136468551412e-02
9.790000000000000000e+02 2.552344404805580169e-02
9.800000000000000000e+02 2.511255950717063840e-02
9.810000000000000000e+02 2.470828951664243156e-02
9.820000000000000000e+02 2.431052759333035204e-02
9.830000000000000000e+02 2.391916896829314465e-02
9.840000000000000000e+02 2.353411055919335873e-02
9.850000000000000000e+02 2.318391528410009700e-02
9.860000000000000000e+02 2.283893102942713069e-02
9.870000000000000000e+02 2.249908025348345067e-02
9.880000000000000000e+02 2.216428656842378206e-02
9.890000000000000000e+02 2.183447472307901635e-02
9.900000000000000000e+02 2.150957058604212324e-02
9.910000000000000000e+02 2.118950112900567020e-02
9.920000000000000000e+02 2.087419441034736242e-02
9.930000000000000000e+02 2.056357955895981096e-02
9.940000000000000000e+02 2.025758675832095221e-02
9.950000000000000000e+02 2.004221013565483586e-02
9.960000000000000000e+02 1.982912337555450474e-02
9.970000000000000000e+02 1.961830213243175025e-02
9.980000000000000000e+02 1.940972231953813978e-02
9.990000000000000000e+02 1.920336010621319367e-02
1.000000000000000000e+03 1.899919191516158054e-02
1.001000000000000000e+03 1.879719441975941790e-02
1.002000000000000000e+03 1.859734454138912974e-02
1.003000000000000000e+03 1.839961944680266331e-02
1.004000000000000000e+03 1.820399654551278432e-02
1.005000000000000000e+03 1.819655152000205708e-02
1.006000000000000000e+03 1.818910953933946043e-02
1.007000000000000000e+03 1.818167060227971962e-02
1.008000000000000000e+03 1.817423470757806997e-02
1.009000000000000000e+03 1.816680185399024636e-02
1.010000000000000000e+03 1.815937204027252144e-02
1.011000000000000000e+03 1.815194526518164320e-02
1.012000000000000000e+03 1.814452152747488695e-02
1.013000000000000000e+03 1.813710082591002415e-02
1.014000000000000000e+03 1.812968315924534668e-02
1.015000000000000000e+03 1.812226852623964948e-02
1.016000000000000000e+03 1.811485692565223057e-02
1.017000000000000000e+03 1.810744835624288063e-02
1.018000000000000000e+03 1.810004281677195237e-02
1.019000000000000000e+03 1.809264030600025303e-02
1.020000000000000000e+03 1.808524082268911023e-02
1.021000000000000000e+03 1.807784436560036512e-02
1.022000000000000000e+03 1.807045093349635492e-02
1.023000000000000000e+03 1.806306052513993385e-02
1.024000000000000000e+03 1.805567313929445222e-02
1.025000000000000000e+03 1.804828877472377732e-02
1.026000000000000000e+03 1.804090743019225174e-02
1.027000000000000000e+03 1.803352910446478358e-02
1.028000000000000000e+03 1.802615379630673892e-02
1.029000000000000000e+03 1.801878150448399038e-02
1.030000000000000000e+03 1.801141222776293099e-02
1.031000000000000000e+03 1.800404596491044645e-02
1.032000000000000000e+03 1.799668271469393940e-02
1.033000000000000000e+03 1.798932247588130168e-02
1.034000000000000000e+03 1.798196524724094206e-02
1.035000000000000000e+03 1.797461102754175852e-02
1.036000000000000000e+03 1.796725981555317639e-02
1.037000000000000000e+03 1.795991161004510672e-02
1.038000000000000000e+03 1.795256640978795670e-02
1.039000000000000000e+03 1.794522421355265740e-02
1.040000000000000000e+03 1.793788502011062214e-02
1.041000000000000000e+03 1.793054882823378118e-02
1.042000000000000000e+03 1.792321563669456094e-02
1.043000000000000000e+03 1.791588544426587354e-02
1.044000000000000000e+03 1.790855824972118274e-02
1.045000000000000000e+03 1.790123405183440680e-02
1.046000000000000000e+03 1.789391284937997748e-02
1.047000000000000000e+03 1.788659464113283304e-02
1.048000000000000000e+03 1.787927942586840790e-02
1.049000000000000000e+03 1.787196720236263955e-02
1.050000000000000000e+03 1.786465796939196507e-02
1.051000000000000000e+03 1.785735172573332807e-02
1.052000000000000000e+03 1.785004847016415097e-02
1.053000000000000000e+03 1.784274820146239393e-02
1.054000000000000000e+03 1.783545091840648550e-02
1.055000000000000000e+03 1.782815661977536423e-02
1.056000000000000000e+03 1.782086530434846827e-02
1.057000000000000000e+03 1.781357697090573192e-02
1.058000000000000000e+03 1.780629161822758905e-02
1.059000000000000000e+03 1.779900924509498009e-02
1.060000000000000000e+03 1.779172985028933465e-02
1.061000000000000000e+03 1.778445343259256461e-02
1.062000000000000000e+03 1.777717999078713695e-02
1.063000000000000000e+03 1.776990952365595927e-02
1.064000000000000000e+03 1.776264202998245612e-02
1.065000000000000000e+03 1.775537750855055510e-02
1.066000000000000000e+03 1.774811595814467305e-02
1.067000000000000000e+03 1.774085737754972636e-02
1.068000000000000000e+03 1.773360176555112758e-02
1.069000000000000000e+03 1.772634912093477497e-02
1.070000000000000000e+03 1.771909944248710803e-02
1.071000000000000000e+03 1.771185272899501034e-02
1.072000000000000000e+03 1.770460897924588592e-02
1.073000000000000000e+03 1.769736819202762795e-02
1.074000000000000000e+03 1.769013036612862924e-02
1.075000000000000000e+03 1.768289550033777871e-02
1.076000000000000000e+03 1.767566359344445448e-02
1.077000000000000000e+03 1.766843464423853427e-02
1.078000000000000000e+03 1.766120865151038499e-02
1.079000000000000000e+03 1.765398561405088704e-02
1.080000000000000000e+03 1.764676553065139611e-02
1.081000000000000000e+03 1.763954840010377098e-02
1.082000000000000000e+03 1.763233422120035268e-02
1.083000000000000000e+03 1.762512299273399571e-02
1.084000000000000000e+03 1.761791471349802643e-02
1.085000000000000000e+03 1.761070938228628813e-02
1.086000000000000000e+03 1.760350699789309248e-02
1.087000000000000000e+03 1.759630755911325076e-02
1.088000000000000000e+03 1.758911106474209812e-02
1.089000000000000000e+03 1.758191751357543117e-02
1.090000000000000000e+03 1.757472690440953569e-02
1.091000000000000000e+03 1.756753923604120401e-02
1.092000000000000000e+03 1.756035450726771419e-02
1.093000000000000000e+03 1.755317271688684039e-02
1.094000000000000000e+03 1.754599386369684252e-02
1.095000000000000000e+03 1.753881794649647316e-02
1.096000000000000000e+03 1.753164496408498793e-02
1.097000000000000000e+03 1.752447491526212126e-02
1.098000000000000000e+03 1.751730779882809674e-02
1.099000000000000000e+03 1.751014361358363761e-02
