3.063120000000000118e+02 3.650000000000000033e-03
3.118899999999999864e+02 1.796999999999999986e-02
3.144110000000000014e+02 4.035999999999999310e-02
3.158550000000000182e+02 7.197000000000000619e-02
3.158559999999999945e+02 1.019499999999999990e-01
3.185939999999999941e+02 1.435200000000000087e-01
3.224420000000000073e+02 1.746999999999999942e-01
3.241560000000000059e+02 2.440100000000000047e-01
3.247440000000000282e+02 3.161499999999999866e-01
3.269449999999999932e+02 3.694400000000000461e-01
3.283399999999999750e+02 4.386999999999999789e-01
3.342710000000000150e+02 5.003100000000000325e-01
3.370269999999999868e+02 5.540899999999999714e-01
3.375140000000000100e+02 6.100299999999999612e-01
3.416979999999999791e+02 6.644999999999999796e-01
3.483860000000000241e+02 7.250700000000001033e-01
3.571569999999999823e+02 7.838399999999999812e-01
3.727330000000000041e+02 8.205800000000000871e-01
4.008609999999999900e+02 8.588999999999999968e-01
4.376259999999999764e+02 8.796100000000000030e-01
4.798340000000000032e+02 8.934300000000000574e-01
5.151710000000000491e+02 8.906399999999998762e-01
5.346789999999999736e+02 8.704300000000000370e-01
5.453150000000000546e+02 8.390999999999999570e-01
5.612269999999999754e+02 7.926400000000000112e-01
5.695950000000000273e+02 7.478400000000000603e-01
5.821470000000000482e+02 6.976399999999999268e-01
5.896910000000000309e+02 6.208500000000000130e-01
5.966480000000000246e+02 5.621000000000000441e-01
6.049819999999999709e+02 5.060000000000000053e-01
6.105610000000000355e+02 4.430599999999999539e-01
6.146440000000000055e+02 3.916799999999999726e-01
6.257670000000000528e+02 3.065399999999999792e-01
6.323709999999999809e+02 2.424899999999999833e-01
6.407219999999999800e+02 1.854500000000000037e-01
6.518790000000000191e+02 1.234699999999999964e-01
6.663959999999999582e+02 6.289999999999999758e-02
6.817210000000000036e+02 3.228999999999999926e-02
6.956670000000000300e+02 1.250999999999999855e-02
7.235599999999999454e+02 5.449999999999999983e-03
7.614840000000000373e+02 0.000000000000000000e+00
