3.000000000000000000e+02 6.051699999999998747e-01 6.051699999999998747e-01 6.051699999999998747e-01
3.010000000000000000e+02 6.176899999999999613e-01 6.176899999999999613e-01 6.176899999999999613e-01
3.020000000000000000e+02 6.303300000000001679e-01 6.303300000000001679e-01 6.303300000000001679e-01
3.030000000000000000e+02 6.414400000000000102e-01 6.414400000000000102e-01 6.414400000000000102e-01
3.040000000000000000e+02 6.511700000000001376e-01 6.511700000000001376e-01 6.511700000000001376e-01
3.050000000000000000e+02 6.609600000000002140e-01 6.609600000000002140e-01 6.609600000000002140e-01
3.060000000000000000e+02 6.700200000000000600e-01 6.700200000000000600e-01 6.700200000000000600e-01
3.070000000000000000e+02 6.784900000000001485e-01 6.784900000000001485e-01 6.784900000000001485e-01
3.080000000000000000e+02 6.867300000000001736e-01 6.867300000000001736e-01 6.867300000000001736e-01
3.090000000000000000e+02 6.946600000000000552e-01 6.946600000000000552e-01 6.946600000000000552e-01
3.100000000000000000e+02 7.018100000000001559e-01 7.018100000000001559e-01 7.018100000000001559e-01
3.110000000000000000e+02 7.089400000000000146e-01 7.089400000000000146e-01 7.089400000000000146e-01
3.120000000000000000e+02 7.149100000000001565e-01 7.149100000000001565e-01 7.149100000000001565e-01
3.130000000000000000e+02 7.216600000000000792e-01 7.216600000000000792e-01 7.216600000000000792e-01
3.140000000000000000e+02 7.270999999999999686e-01 7.270999999999999686e-01 7.270999999999999686e-01
3.150000000000000000e+02 7.335700000000001664e-01 7.335700000000001664e-01 7.335700000000001664e-01
3.160000000000000000e+02 7.391600000000001502e-01 7.391600000000001502e-01 7.391600000000001502e-01
3.170000000000000000e+02 7.444499999999999451e-01 7.444499999999999451e-01 7.444499999999999451e-01
3.180000000000000000e+02 7.496900000000000786e-01 7.496900000000000786e-01 7.496900000000000786e-01
3.190000000000000000e+02 7.551999999999999824e-01 7.551999999999999824e-01 7.551999999999999824e-01
3.200000000000000000e+02 7.602200000000000069e-01 7.602200000000000069e-01 7.602200000000000069e-01
3.210000000000000000e+02 7.645100000000000229e-01 7.645100000000000229e-01 7.645100000000000229e-01
3.220000000000000000e+02 7.695300000000001583e-01 7.695300000000001583e-01 7.695300000000001583e-01
3.230000000000000000e+02 7.739499999999999158e-01 7.739499999999999158e-01 7.739499999999999158e-01
3.240000000000000000e+02 7.783200000000001229e-01 7.783200000000001229e-01 7.783200000000001229e-01
3.250000000000000000e+02 7.823100000000000609e-01 7.823100000000000609e-01 7.823100000000000609e-01
3.260000000000000000e+02 7.863100000000001755e-01 7.863100000000001755e-01 7.863100000000001755e-01
3.270000000000000000e+02 7.901900000000000590e-01 7.901900000000000590e-01 7.901900000000000590e-01
3.280000000000000000e+02 7.939499999999999336e-01 7.939499999999999336e-01 7.939499999999999336e-01
3.290000000000000000e+02 7.979600000000001137e-01 7.979600000000001137e-01 7.979600000000001137e-01
3.300000000000000000e+02 8.015000000000001013e-01 8.015000000000001013e-01 8.015000000000001013e-01
3.310000000000000000e+02 8.049700000000001854e-01 8.049700000000001854e-01 8.049700000000001854e-01
3.320000000000000000e+02 8.083400000000001695e-01 8.083400000000001695e-01 8.083400000000001695e-01
3.330000000000000000e+02 8.114700000000000246e-01 8.114700000000000246e-01 8.114700000000000246e-01
3.340000000000000000e+02 8.146400000000001418e-01 8.146400000000001418e-01 8.146400000000001418e-01
3.350000000000000000e+02 8.177300000000000679e-01 8.177300000000000679e-01 8.177300000000000679e-01
3.360000000000000000e+02 8.207800000000001761e-01 8.207800000000001761e-01 8.207800000000001761e-01
3.370000000000000000e+02 8.234600000000001918e-01 8.234600000000001918e-01 8.234600000000001918e-01
3.380000000000000000e+02 8.262100000000001110e-01 8.262100000000001110e-01 8.262100000000001110e-01
3.390000000000000000e+02 8.285900000000000487e-01 8.285900000000000487e-01 8.285900000000000487e-01
3.400000000000000000e+02 8.309700000000000975e-01 8.309700000000000975e-01 8.309700000000000975e-01
3.410000000000000000e+02 8.336500000000000021e-01 8.336500000000000021e-01 8.336500000000000021e-01
3.420000000000000000e+02 8.363400000000001944e-01 8.363400000000001944e-01 8.363400000000001944e-01
3.430000000000000000e+02 8.385400000000001741e-01 8.385400000000001741e-01 8.385400000000001741e-01
3.440000000000000000e+02 8.407200000000001339e-01 8.407200000000001339e-01 8.407200000000001339e-01
3.450000000000000000e+02 8.432600000000001206e-01 8.432600000000001206e-01 8.432600000000001206e-01
3.460000000000000000e+02 8.449200000000002264e-01 8.449200000000002264e-01 8.449200000000002264e-01
3.470000000000000000e+02 8.472300000000001496e-01 8.472300000000001496e-01 8.472300000000001496e-01
3.480000000000000000e+02 8.491900000000001114e-01 8.491900000000001114e-01 8.491900000000001114e-01
3.490000000000000000e+02 8.512999999999999456e-01 8.512999999999999456e-01 8.512999999999999456e-01
3.500000000000000000e+02 8.528400000000000425e-01 8.528400000000000425e-01 8.528400000000000425e-01
3.510000000000000000e+02 8.548900000000001498e-01 8.548900000000001498e-01 8.548900000000001498e-01
3.520000000000000000e+02 8.561600000000001431e-01 8.561600000000001431e-01 8.561600000000001431e-01
3.530000000000000000e+02 8.578000000000000069e-01 8.578000000000000069e-01 8.578000000000000069e-01
3.540000000000000000e+02 8.596500000000000252e-01 8.596500000000000252e-01 8.596500000000000252e-01
3.550000000000000000e+02 8.615000000000000435e-01 8.615000000000000435e-01 8.615000000000000435e-01
3.560000000000000000e+02 8.628700000000000259e-01 8.628700000000000259e-01 8.628700000000000259e-01
3.570000000000000000e+02 8.643700000000000827e-01 8.643700000000000827e-01 8.643700000000000827e-01
3.580000000000000000e+02 8.658900000000001596e-01 8.658900000000001596e-01 8.658900000000001596e-01
3.590000000000000000e+02 8.673800000000001509e-01 8.673800000000001509e-01 8.673800000000001509e-01
3.600000000000000000e+02 8.688400000000001677e-01 8.688400000000001677e-01 8.688400000000001677e-01
3.610000000000000000e+02 8.700300000000001921e-01 8.700300000000001921e-01 8.700300000000001921e-01
3.620000000000000000e+02 8.711400000000001365e-01 8.711400000000001365e-01 8.711400000000001365e-01
3.630000000000000000e+02 8.725600000000001133e-01 8.725600000000001133e-01 8.725600000000001133e-01
3.640000000000000000e+02 8.739500000000000046e-01 8.739500000000000046e-01 8.739500000000000046e-01
3.650000000000000000e+02 8.749700000000001365e-01 8.749700000000001365e-01 8.749700000000001365e-01
3.660000000000000000e+02 8.760999999999999899e-01 8.760999999999999899e-01 8.760999999999999899e-01
3.670000000000000000e+02 8.774400000000001087e-01 8.774400000000001087e-01 8.774400000000001087e-01
3.680000000000000000e+02 8.786700000000001731e-01 8.786700000000001731e-01 8.786700000000001731e-01
3.690000000000000000e+02 8.796400000000000885e-01 8.796400000000000885e-01 8.796400000000000885e-01
3.700000000000000000e+02 8.807200000000001694e-01 8.807200000000001694e-01 8.807200000000001694e-01
3.710000000000000000e+02 8.815800000000001413e-01 8.815800000000001413e-01 8.815800000000001413e-01
3.720000000000000000e+02 8.828200000000001602e-01 8.828200000000001602e-01 8.828200000000001602e-01
3.730000000000000000e+02 8.835900000000000976e-01 8.835900000000000976e-01 8.835900000000000976e-01
3.740000000000000000e+02 8.848000000000000309e-01 8.848000000000000309e-01 8.848000000000000309e-01
3.750000000000000000e+02 8.856300000000001393e-01 8.856300000000001393e-01 8.856300000000001393e-01
3.760000000000000000e+02 8.864499999999999602e-01 8.864499999999999602e-01 8.864499999999999602e-01
3.770000000000000000e+02 8.876999999999999336e-01 8.876999999999999336e-01 8.876999999999999336e-01
3.780000000000000000e+02 8.882800000000001805e-01 8.882800000000001805e-01 8.882800000000001805e-01
3.790000000000000000e+02 8.893999999999999684e-01 8.893999999999999684e-01 8.893999999999999684e-01
3.800000000000000000e+02 8.900200000000001443e-01 8.900200000000001443e-01 8.900200000000001443e-01
3.810000000000000000e+02 8.908700000000001618e-01 8.908700000000001618e-01 8.908700000000001618e-01
3.820000000000000000e+02 8.914700000000000957e-01 8.914700000000000957e-01 8.914700000000000957e-01
3.830000000000000000e+02 8.924200000000002131e-01 8.924200000000002131e-01 8.924200000000002131e-01
3.840000000000000000e+02 8.931000000000000050e-01 8.931000000000000050e-01 8.931000000000000050e-01
3.850000000000000000e+02 8.939400000000000679e-01 8.939400000000000679e-01 8.939400000000000679e-01
3.860000000000000000e+02 8.950100000000001943e-01 8.950100000000001943e-01 8.950100000000001943e-01
3.870000000000000000e+02 8.956999999999999407e-01 8.956999999999999407e-01 8.956999999999999407e-01
3.880000000000000000e+02 8.959100000000000952e-01 8.959100000000000952e-01 8.959100000000000952e-01
3.890000000000000000e+02 8.966600000000001236e-01 8.966600000000001236e-01 8.966600000000001236e-01
3.900000000000000000e+02 8.978700000000000570e-01 8.978700000000000570e-01 8.978700000000000570e-01
3.910000000000000000e+02 8.983100000000001639e-01 8.983100000000001639e-01 8.983100000000001639e-01
3.920000000000000000e+02 8.989800000000001123e-01 8.989800000000001123e-01 8.989800000000001123e-01
3.930000000000000000e+02 8.999700000000001587e-01 8.999700000000001587e-01 8.999700000000001587e-01
3.940000000000000000e+02 9.002900000000001457e-01 9.002900000000001457e-01 9.002900000000001457e-01
3.950000000000000000e+02 9.010200000000001541e-01 9.010200000000001541e-01 9.010200000000001541e-01
3.960000000000000000e+02 9.015600000000000280e-01 9.015600000000000280e-01 9.015600000000000280e-01
3.970000000000000000e+02 9.023100000000000565e-01 9.023100000000000565e-01 9.023100000000000565e-01
3.980000000000000000e+02 9.026300000000000434e-01 9.026300000000000434e-01 9.026300000000000434e-01
3.990000000000000000e+02 9.032999999999999918e-01 9.032999999999999918e-01 9.032999999999999918e-01
4.000000000000000000e+02 9.037300000000001443e-01 9.037300000000001443e-01 9.037300000000001443e-01
4.010000000000000000e+02 9.046300000000000452e-01 9.046300000000000452e-01 9.046300000000000452e-01
4.020000000000000000e+02 9.053900000000001391e-01 9.053900000000001391e-01 9.053900000000001391e-01
4.030000000000000000e+02 9.057800000000001406e-01 9.057800000000001406e-01 9.057800000000001406e-01
4.040000000000000000e+02 9.062800000000001965e-01 9.062800000000001965e-01 9.062800000000001965e-01
4.050000000000000000e+02 9.065800000000001635e-01 9.065800000000001635e-01 9.065800000000001635e-01
4.060000000000000000e+02 9.074200000000002264e-01 9.074200000000002264e-01 9.074200000000002264e-01
4.070000000000000000e+02 9.078600000000001113e-01 9.078600000000001113e-01 9.078600000000001113e-01
4.080000000000000000e+02 9.082999999999999963e-01 9.082999999999999963e-01 9.082999999999999963e-01
4.090000000000000000e+02 9.089100000000001067e-01 9.089100000000001067e-01 9.089100000000001067e-01
4.100000000000000000e+02 9.091900000000001647e-01 9.091900000000001647e-01 9.091900000000001647e-01
4.110000000000000000e+02 9.096500000000000696e-01 9.096500000000000696e-01 9.096500000000000696e-01
4.120000000000000000e+02 9.100400000000000711e-01 9.100400000000000711e-01 9.100400000000000711e-01
4.130000000000000000e+02 9.103400000000000380e-01 9.103400000000000380e-01 9.103400000000000380e-01
4.140000000000000000e+02 9.112500000000000044e-01 9.112500000000000044e-01 9.112500000000000044e-01
4.150000000000000000e+02 9.116900000000001114e-01 9.116900000000001114e-01 9.116900000000001114e-01
4.160000000000000000e+02 9.119900000000000784e-01 9.119900000000000784e-01 9.119900000000000784e-01
4.170000000000000000e+02 9.121500000000000163e-01 9.121500000000000163e-01 9.121500000000000163e-01
4.180000000000000000e+02 9.128200000000000758e-01 9.128200000000000758e-01 9.128200000000000758e-01
4.190000000000000000e+02 9.130700000000001593e-01 9.130700000000001593e-01 9.130700000000001593e-01
4.200000000000000000e+02 9.136100000000001442e-01 9.136100000000001442e-01 9.136100000000001442e-01
4.210000000000000000e+02 9.141300000000001091e-01 9.141300000000001091e-01 9.141300000000001091e-01
4.220000000000000000e+02 9.143600000000000616e-01 9.143600000000000616e-01 9.143600000000000616e-01
4.230000000000000000e+02 9.148900000000002031e-01 9.148900000000002031e-01 9.148900000000002031e-01
4.240000000000000000e+02 9.151100000000000900e-01 9.151100000000000900e-01 9.151100000000000900e-01
4.250000000000000000e+02 9.154800000000001825e-01 9.154800000000001825e-01 9.154800000000001825e-01
4.260000000000000000e+02 9.159700000000000619e-01 9.159700000000000619e-01 9.159700000000000619e-01
4.270000000000000000e+02 9.166300000000000558e-01 9.166300000000000558e-01 9.166300000000000558e-01
4.280000000000000000e+02 9.169600000000001083e-01 9.169600000000001083e-01 9.169600000000001083e-01
4.290000000000000000e+02 9.173200000000001353e-01 9.173200000000001353e-01 9.173200000000001353e-01
4.300000000000000000e+02 9.176200000000001022e-01 9.176200000000001022e-01 9.176200000000001022e-01
4.310000000000000000e+02 9.178800000000001402e-01 9.178800000000001402e-01 9.178800000000001402e-01
4.320000000000000000e+02 9.185700000000001086e-01 9.185700000000001086e-01 9.185700000000001086e-01
4.330000000000000000e+02 9.186100000000001486e-01 9.186100000000001486e-01 9.186100000000001486e-01
4.340000000000000000e+02 9.190500000000000336e-01 9.190500000000000336e-01 9.190500000000000336e-01
4.350000000000000000e+02 9.193700000000001316e-01 9.193700000000001316e-01 9.193700000000001316e-01
4.360000000000000000e+02 9.196400000000001240e-01 9.196400000000001240e-01 9.196400000000001240e-01
4.370000000000000000e+02 9.199400000000000910e-01 9.199400000000000910e-01 9.199400000000000910e-01
4.380000000000000000e+02 9.202600000000000779e-01 9.202600000000000779e-01 9.202600000000000779e-01
4.390000000000000000e+02 9.205600000000001559e-01 9.205600000000001559e-01 9.205600000000001559e-01
4.400000000000000000e+02 9.208300000000001484e-01 9.208300000000001484e-01 9.208300000000001484e-01
4.410000000000000000e+02 9.211000000000000298e-01 9.211000000000000298e-01 9.211000000000000298e-01
4.420000000000000000e+02 9.214200000000001278e-01 9.214200000000001278e-01 9.214200000000001278e-01
4.430000000000000000e+02 9.222100000000001963e-01 9.222100000000001963e-01 9.222100000000001963e-01
4.440000000000000000e+02 9.222700000000001452e-01 9.222700000000001452e-01 9.222700000000001452e-01
4.450000000000000000e+02 9.224600000000000577e-01 9.224600000000000577e-01 9.224600000000000577e-01
4.460000000000000000e+02 9.226700000000001012e-01 9.226700000000001012e-01 9.226700000000001012e-01
4.470000000000000000e+02 9.232200000000001516e-01 9.232200000000001516e-01 9.232200000000001516e-01
4.480000000000000000e+02 9.234200000000001296e-01 9.234200000000001296e-01 9.234200000000001296e-01
4.490000000000000000e+02 9.235600000000000476e-01 9.235600000000000476e-01 9.235600000000000476e-01
4.500000000000000000e+02 9.240400000000000835e-01 9.240400000000000835e-01 9.240400000000000835e-01
4.510000000000000000e+02 9.241900000000000670e-01 9.241900000000000670e-01 9.241900000000000670e-01
4.520000000000000000e+02 9.242400000000000615e-01 9.242400000000000615e-01 9.242400000000000615e-01
4.530000000000000000e+02 9.246700000000001030e-01 9.246700000000001030e-01 9.246700000000001030e-01
4.540000000000000000e+02 9.248900000000002120e-01 9.248900000000002120e-01 9.248900000000002120e-01
4.550000000000000000e+02 9.250700000000000589e-01 9.250700000000000589e-01 9.250700000000000589e-01
4.560000000000000000e+02 9.255400000000001404e-01 9.255400000000001404e-01 9.255400000000001404e-01
4.570000000000000000e+02 9.257700000000000928e-01 9.257700000000000928e-01 9.257700000000000928e-01
4.580000000000000000e+02 9.261700000000001598e-01 9.261700000000001598e-01 9.261700000000001598e-01
4.590000000000000000e+02 9.262999999999999012e-01 9.262999999999999012e-01 9.262999999999999012e-01
4.600000000000000000e+02 9.266300000000000647e-01 9.266300000000000647e-01 9.266300000000000647e-01
4.610000000000000000e+02 9.270200000000001772e-01 9.270200000000001772e-01 9.270200000000001772e-01
4.620000000000000000e+02 9.271900000000000697e-01 9.271900000000000697e-01 9.271900000000000697e-01
4.630000000000000000e+02 9.271300000000001207e-01 9.271300000000001207e-01 9.271300000000001207e-01
4.640000000000000000e+02 9.275800000000000711e-01 9.275800000000000711e-01 9.275800000000000711e-01
4.650000000000000000e+02 9.276300000000000656e-01 9.276300000000000656e-01 9.276300000000000656e-01
4.660000000000000000e+02 9.279300000000000326e-01 9.279300000000000326e-01 9.279300000000000326e-01
4.670000000000000000e+02 9.285400000000001430e-01 9.285400000000001430e-01 9.285400000000001430e-01
4.680000000000000000e+02 9.284900000000001485e-01 9.284900000000001485e-01 9.284900000000001485e-01
4.690000000000000000e+02 9.285200000000002341e-01 9.285200000000002341e-01 9.285200000000002341e-01
4.700000000000000000e+02 9.289200000000000790e-01 9.289200000000000790e-01 9.289200000000000790e-01
4.710000000000000000e+02 9.290700000000000625e-01 9.290700000000000625e-01 9.290700000000000625e-01
4.720000000000000000e+02 9.294100000000001804e-01 9.294100000000001804e-01 9.294100000000001804e-01
4.730000000000000000e+02 9.297400000000002329e-01 9.297400000000002329e-01 9.297400000000002329e-01
4.740000000000000000e+02 9.297400000000002329e-01 9.297400000000002329e-01 9.297400000000002329e-01
4.750000000000000000e+02 9.303000000000000158e-01 9.303000000000000158e-01 9.303000000000000158e-01
4.760000000000000000e+02 9.303800000000000958e-01 9.303800000000000958e-01 9.303800000000000958e-01
4.770000000000000000e+02 9.308100000000001373e-01 9.308100000000001373e-01 9.308100000000001373e-01
4.780000000000000000e+02 9.308100000000001373e-01 9.308100000000001373e-01 9.308100000000001373e-01
4.790000000000000000e+02 9.307700000000000973e-01 9.307700000000000973e-01 9.307700000000000973e-01
4.800000000000000000e+02 9.311700000000001642e-01 9.311700000000001642e-01 9.311700000000001642e-01
4.810000000000000000e+02 9.315300000000000802e-01 9.315300000000000802e-01 9.315300000000000802e-01
4.820000000000000000e+02 9.315400000000001457e-01 9.315400000000001457e-01 9.315400000000001457e-01
4.830000000000000000e+02 9.316300000000000692e-01 9.316300000000000692e-01 9.316300000000000692e-01
4.840000000000000000e+02 9.319499999999999451e-01 9.319499999999999451e-01 9.319499999999999451e-01
4.850000000000000000e+02 9.321700000000001651e-01 9.321700000000001651e-01 9.321700000000001651e-01
4.860000000000000000e+02 9.321100000000001051e-01 9.321100000000001051e-01 9.321100000000001051e-01
4.870000000000000000e+02 9.324200000000001376e-01 9.324200000000001376e-01 9.324200000000001376e-01
4.880000000000000000e+02 9.327600000000001446e-01 9.327600000000001446e-01 9.327600000000001446e-01
4.890000000000000000e+02 9.326700000000001101e-01 9.326700000000001101e-01 9.326700000000001101e-01
4.900000000000000000e+02 9.330100000000001170e-01 9.330100000000001170e-01 9.330100000000001170e-01
4.910000000000000000e+02 9.332500000000000240e-01 9.332500000000000240e-01 9.332500000000000240e-01
4.920000000000000000e+02 9.336600000000001565e-01 9.336600000000001565e-01 9.336600000000001565e-01
4.930000000000000000e+02 9.334800000000000875e-01 9.334800000000000875e-01 9.334800000000000875e-01
4.940000000000000000e+02 9.337600000000001454e-01 9.337600000000001454e-01 9.337600000000001454e-01
4.950000000000000000e+02 9.338900000000001089e-01 9.338900000000001089e-01 9.338900000000001089e-01
4.960000000000000000e+02 9.343600000000000794e-01 9.343600000000000794e-01 9.343600000000000794e-01
4.970000000000000000e+02 9.342900000000001759e-01 9.342900000000001759e-01 9.342900000000001759e-01
4.980000000000000000e+02 9.347900000000001208e-01 9.347900000000001208e-01 9.347900000000001208e-01
4.990000000000000000e+02 9.347400000000001263e-01 9.347400000000001263e-01 9.347400000000001263e-01
5.000000000000000000e+02 9.351800000000001223e-01 9.351800000000001223e-01 9.351800000000001223e-01
5.010000000000000000e+02 9.350100000000002298e-01 9.350100000000002298e-01 9.350100000000002298e-01
5.020000000000000000e+02 9.352700000000001568e-01 9.352700000000001568e-01 9.352700000000001568e-01
5.030000000000000000e+02 9.353200000000001513e-01 9.353200000000001513e-01 9.353200000000001513e-01
5.040000000000000000e+02 9.356200000000001182e-01 9.356200000000001182e-01 9.356200000000001182e-01
5.050000000000000000e+02 9.360600000000001142e-01 9.360600000000001142e-01 9.360600000000001142e-01
5.060000000000000000e+02 9.358200000000000962e-01 9.358200000000000962e-01 9.358200000000000962e-01
5.070000000000000000e+02 9.360600000000001142e-01 9.360600000000001142e-01 9.360600000000001142e-01
5.080000000000000000e+02 9.367200000000001081e-01 9.367200000000001081e-01 9.367200000000001081e-01
5.090000000000000000e+02 9.367100000000000426e-01 9.367100000000000426e-01 9.367100000000000426e-01
5.100000000000000000e+02 9.366200000000000081e-01 9.366200000000000081e-01 9.366200000000000081e-01
5.110000000000000000e+02 9.368100000000001426e-01 9.368100000000001426e-01 9.368100000000001426e-01
5.120000000000000000e+02 9.367700000000001026e-01 9.367700000000001026e-01 9.367700000000001026e-01
5.130000000000000000e+02 9.370400000000000951e-01 9.370400000000000951e-01 9.370400000000000951e-01
5.140000000000000000e+02 9.372800000000001130e-01 9.372800000000001130e-01 9.372800000000001130e-01
5.150000000000000000e+02 9.374300000000000965e-01 9.374300000000000965e-01 9.374300000000000965e-01
5.160000000000000000e+02 9.374300000000000965e-01 9.374300000000000965e-01 9.374300000000000965e-01
5.170000000000000000e+02 9.377600000000001490e-01 9.377600000000001490e-01 9.377600000000001490e-01
5.180000000000000000e+02 9.381100000000001105e-01 9.381100000000001105e-01 9.381100000000001105e-01
5.190000000000000000e+02 9.379200000000001980e-01 9.379200000000001980e-01 9.379200000000001980e-01
5.200000000000000000e+02 9.380600000000001160e-01 9.380600000000001160e-01 9.380600000000001160e-01
5.210000000000000000e+02 9.384999999999998899e-01 9.384999999999998899e-01 9.384999999999998899e-01
5.220000000000000000e+02 9.384600000000001829e-01 9.384600000000001829e-01 9.384600000000001829e-01
5.230000000000000000e+02 9.382900000000000684e-01 9.382900000000000684e-01 9.382900000000000684e-01
5.240000000000000000e+02 9.387200000000001099e-01 9.387200000000001099e-01 9.387200000000001099e-01
5.250000000000000000e+02 9.389800000000001479e-01 9.389800000000001479e-01 9.389800000000001479e-01
5.260000000000000000e+02 9.389499999999999513e-01 9.389499999999999513e-01 9.389499999999999513e-01
5.270000000000000000e+02 9.394400000000001638e-01 9.394400000000001638e-01 9.394400000000001638e-01
5.280000000000000000e+02 9.392800000000001148e-01 9.392800000000001148e-01 9.392800000000001148e-01
5.290000000000000000e+02 9.397700000000002163e-01 9.397700000000002163e-01 9.397700000000002163e-01
5.300000000000000000e+02 9.396700000000001163e-01 9.396700000000001163e-01 9.396700000000001163e-01
5.310000000000000000e+02 9.397499999999999742e-01 9.397499999999999742e-01 9.397499999999999742e-01
5.320000000000000000e+02 9.402700000000001612e-01 9.402700000000001612e-01 9.402700000000001612e-01
5.330000000000000000e+02 9.401000000000000467e-01 9.401000000000000467e-01 9.401000000000000467e-01
5.340000000000000000e+02 9.404300000000000992e-01 9.404300000000000992e-01 9.404300000000000992e-01
5.350000000000000000e+02 9.403600000000001957e-01 9.403600000000001957e-01 9.403600000000001957e-01
5.360000000000000000e+02 9.406100000000000572e-01 9.406100000000000572e-01 9.406100000000000572e-01
5.370000000000000000e+02 9.407900000000001262e-01 9.407900000000001262e-01 9.407900000000001262e-01
5.380000000000000000e+02 9.405600000000000627e-01 9.405600000000000627e-01 9.405600000000000627e-01
5.390000000000000000e+02 9.408400000000001207e-01 9.408400000000001207e-01 9.408400000000001207e-01
5.400000000000000000e+02 9.410800000000001386e-01 9.410800000000001386e-01 9.410800000000001386e-01
5.410000000000000000e+02 9.411700000000001731e-01 9.411700000000001731e-01 9.411700000000001731e-01
5.420000000000000000e+02 9.413100000000000911e-01 9.413100000000000911e-01 9.413100000000000911e-01
5.430000000000000000e+02 9.411700000000001731e-01 9.411700000000001731e-01 9.411700000000001731e-01
5.440000000000000000e+02 9.413100000000000911e-01 9.413100000000000911e-01 9.413100000000000911e-01
5.450000000000000000e+02 9.417700000000001070e-01 9.417700000000001070e-01 9.417700000000001070e-01
5.460000000000000000e+02 9.417700000000001070e-01 9.417700000000001070e-01 9.417700000000001070e-01
5.470000000000000000e+02 9.416500000000000981e-01 9.416500000000000981e-01 9.416500000000000981e-01
5.480000000000000000e+02 9.416999999999999815e-01 9.416999999999999815e-01 9.416999999999999815e-01
5.490000000000000000e+02 9.421300000000001340e-01 9.421300000000001340e-01 9.421300000000001340e-01
5.500000000000000000e+02 9.420700000000000740e-01 9.420700000000000740e-01 9.420700000000000740e-01
5.510000000000000000e+02 9.421700000000001740e-01 9.421700000000001740e-01 9.421700000000001740e-01
5.520000000000000000e+02 9.423600000000001975e-01 9.423600000000001975e-01 9.423600000000001975e-01
5.530000000000000000e+02 9.423200000000001575e-01 9.423200000000001575e-01 9.423200000000001575e-01
5.540000000000000000e+02 9.426200000000001245e-01 9.426200000000001245e-01 9.426200000000001245e-01
5.550000000000000000e+02 9.424900000000000500e-01 9.424900000000000500e-01 9.424900000000000500e-01
5.560000000000000000e+02 9.428700000000000969e-01 9.428700000000000969e-01 9.428700000000000969e-01
5.570000000000000000e+02 9.427700000000001079e-01 9.427700000000001079e-01 9.427700000000001079e-01
5.580000000000000000e+02 9.432400000000000784e-01 9.432400000000000784e-01 9.432400000000000784e-01
5.590000000000000000e+02 9.432400000000000784e-01 9.432400000000000784e-01 9.432400000000000784e-01
5.600000000000000000e+02 9.433900000000001729e-01 9.433900000000001729e-01 9.433900000000001729e-01
5.610000000000000000e+02 9.435100000000001819e-01 9.435100000000001819e-01 9.435100000000001819e-01
5.620000000000000000e+02 9.436800000000000743e-01 9.436800000000000743e-01 9.436800000000000743e-01
5.630000000000000000e+02 9.437400000000001343e-01 9.437400000000001343e-01 9.437400000000001343e-01
5.640000000000000000e+02 9.440600000000000103e-01 9.440600000000000103e-01 9.440600000000000103e-01
5.650000000000000000e+02 9.437999999999999723e-01 9.437999999999999723e-01 9.437999999999999723e-01
5.660000000000000000e+02 9.440600000000000103e-01 9.440600000000000103e-01 9.440600000000000103e-01
5.670000000000000000e+02 9.443200000000001593e-01 9.443200000000001593e-01 9.443200000000001593e-01
5.680000000000000000e+02 9.443700000000001538e-01 9.443700000000001538e-01 9.443700000000001538e-01
5.690000000000000000e+02 9.443200000000001593e-01 9.443200000000001593e-01 9.443200000000001593e-01
5.700000000000000000e+02 9.445300000000002028e-01 9.445300000000002028e-01 9.445300000000002028e-01
5.710000000000000000e+02 9.447900000000001297e-01 9.447900000000001297e-01 9.447900000000001297e-01
5.720000000000000000e+02 9.446300000000000807e-01 9.446300000000000807e-01 9.446300000000000807e-01
5.730000000000000000e+02 9.449800000000001532e-01 9.449800000000001532e-01 9.449800000000001532e-01
5.740000000000000000e+02 9.449800000000001532e-01 9.449800000000001532e-01 9.449800000000001532e-01
5.750000000000000000e+02 9.449300000000000477e-01 9.449300000000000477e-01 9.449300000000000477e-01
5.760000000000000000e+02 9.449300000000000477e-01 9.449300000000000477e-01 9.449300000000000477e-01
5.770000000000000000e+02 9.454100000000000836e-01 9.454100000000000836e-01 9.454100000000000836e-01
5.780000000000000000e+02 9.454900000000000526e-01 9.454900000000000526e-01 9.454900000000000526e-01
5.790000000000000000e+02 9.454300000000001036e-01 9.454300000000001036e-01 9.454300000000001036e-01
5.800000000000000000e+02 9.456400000000000361e-01 9.456400000000000361e-01 9.456400000000000361e-01
5.810000000000000000e+02 9.455800000000000871e-01 9.455800000000000871e-01 9.455800000000000871e-01
5.820000000000000000e+02 9.458300000000001706e-01 9.458300000000001706e-01 9.458300000000001706e-01
5.830000000000000000e+02 9.459700000000000886e-01 9.459700000000000886e-01 9.459700000000000886e-01
5.840000000000000000e+02 9.460200000000001941e-01 9.460200000000001941e-01 9.460200000000001941e-01
5.850000000000000000e+02 9.461100000000002286e-01 9.461100000000002286e-01 9.461100000000002286e-01
5.860000000000000000e+02 9.464000000000000190e-01 9.464000000000000190e-01 9.464000000000000190e-01
5.870000000000000000e+02 9.464200000000001500e-01 9.464200000000001500e-01 9.464200000000001500e-01
5.880000000000000000e+02 9.463500000000000245e-01 9.463500000000000245e-01 9.463500000000000245e-01
5.890000000000000000e+02 9.464900000000001645e-01 9.464900000000001645e-01 9.464900000000001645e-01
5.900000000000000000e+02 9.466500000000001025e-01 9.466500000000001025e-01 9.466500000000001025e-01
5.910000000000000000e+02 9.468400000000001260e-01 9.468400000000001260e-01 9.468400000000001260e-01
5.920000000000000000e+02 9.469700000000002005e-01 9.469700000000002005e-01 9.469700000000002005e-01
5.930000000000000000e+02 9.468600000000000350e-01 9.468600000000000350e-01 9.468600000000000350e-01
5.940000000000000000e+02 9.470600000000001240e-01 9.470600000000001240e-01 9.470600000000001240e-01
5.950000000000000000e+02 9.472100000000002185e-01 9.472100000000002185e-01 9.472100000000002185e-01
5.960000000000000000e+02 9.475900000000001544e-01 9.475900000000001544e-01 9.475900000000001544e-01
5.970000000000000000e+02 9.474400000000001709e-01 9.474400000000001709e-01 9.474400000000001709e-01
5.980000000000000000e+02 9.475900000000001544e-01 9.475900000000001544e-01 9.475900000000001544e-01
5.990000000000000000e+02 9.476499999999999924e-01 9.476499999999999924e-01 9.476499999999999924e-01
6.000000000000000000e+02 9.477700000000001124e-01 9.477700000000001124e-01 9.477700000000001124e-01
6.010000000000000000e+02 9.477200000000000069e-01 9.477200000000000069e-01 9.477200000000000069e-01
6.020000000000000000e+02 9.478900000000001214e-01 9.478900000000001214e-01 9.478900000000001214e-01
6.030000000000000000e+02 9.481600000000001138e-01 9.481600000000001138e-01 9.481600000000001138e-01
6.040000000000000000e+02 9.481700000000000683e-01 9.481700000000000683e-01 9.481700000000000683e-01
6.050000000000000000e+02 9.483499999999999153e-01 9.483499999999999153e-01 9.483499999999999153e-01
6.060000000000000000e+02 9.484600000000001918e-01 9.484600000000001918e-01 9.484600000000001918e-01
6.070000000000000000e+02 9.484800000000001008e-01 9.484800000000001008e-01 9.484800000000001008e-01
6.080000000000000000e+02 9.485800000000002008e-01 9.485800000000002008e-01 9.485800000000002008e-01
6.090000000000000000e+02 9.486800000000000788e-01 9.486800000000000788e-01 9.486800000000000788e-01
6.100000000000000000e+02 9.486600000000001698e-01 9.486600000000001698e-01 9.486600000000001698e-01
6.110000000000000000e+02 9.488300000000000622e-01 9.488300000000000622e-01 9.488300000000000622e-01
6.120000000000000000e+02 9.490000000000000657e-01 9.490000000000000657e-01 9.490000000000000657e-01
6.130000000000000000e+02 9.492499999999999272e-01 9.492499999999999272e-01 9.492499999999999272e-01
6.140000000000000000e+02 9.491100000000001202e-01 9.491100000000001202e-01 9.491100000000001202e-01
6.150000000000000000e+02 9.491900000000000892e-01 9.491900000000000892e-01 9.491900000000000892e-01
6.160000000000000000e+02 9.495800000000000907e-01 9.495800000000000907e-01 9.495800000000000907e-01
6.170000000000000000e+02 9.494100000000001982e-01 9.494100000000001982e-01 9.494100000000001982e-01
6.180000000000000000e+02 9.496400000000001507e-01 9.496400000000001507e-01 9.496400000000001507e-01
6.190000000000000000e+02 9.497900000000001342e-01 9.497900000000001342e-01 9.497900000000001342e-01
6.200000000000000000e+02 9.500600000000001266e-01 9.500600000000001266e-01 9.500600000000001266e-01
6.210000000000000000e+02 9.498999999999999666e-01 9.498999999999999666e-01 9.498999999999999666e-01
6.220000000000000000e+02 9.499700000000000921e-01 9.499700000000000921e-01 9.499700000000000921e-01
6.230000000000000000e+02 9.501100000000001211e-01 9.501100000000001211e-01 9.501100000000001211e-01
6.240000000000000000e+02 9.503300000000001191e-01 9.503300000000001191e-01 9.503300000000001191e-01
6.250000000000000000e+02 9.504000000000000226e-01 9.504000000000000226e-01 9.504000000000000226e-01
6.260000000000000000e+02 9.505500000000001171e-01 9.505500000000001171e-01 9.505500000000001171e-01
6.270000000000000000e+02 9.503900000000001791e-01 9.503900000000001791e-01 9.503900000000001791e-01
6.280000000000000000e+02 9.506900000000001461e-01 9.506900000000001461e-01 9.506900000000001461e-01
6.290000000000000000e+02 9.508200000000001095e-01 9.508200000000001095e-01 9.508200000000001095e-01
6.300000000000000000e+02 9.511400000000002075e-01 9.511400000000002075e-01 9.511400000000002075e-01
6.310000000000000000e+02 9.509200000000000985e-01 9.509200000000000985e-01 9.509200000000000985e-01
6.320000000000000000e+02 9.511800000000001365e-01 9.511800000000001365e-01 9.511800000000001365e-01
6.330000000000000000e+02 9.510100000000001330e-01 9.510100000000001330e-01 9.510100000000001330e-01
6.340000000000000000e+02 9.512500000000000400e-01 9.512500000000000400e-01 9.512500000000000400e-01
6.350000000000000000e+02 9.516500000000001069e-01 9.516500000000001069e-01 9.516500000000001069e-01
6.360000000000000000e+02 9.514600000000001945e-01 9.514600000000001945e-01 9.514600000000001945e-01
6.370000000000000000e+02 9.514700000000000379e-01 9.514700000000000379e-01 9.514700000000000379e-01
6.380000000000000000e+02 9.516999999999999904e-01 9.516999999999999904e-01 9.516999999999999904e-01
6.390000000000000000e+02 9.517800000000000704e-01 9.517800000000000704e-01 9.517800000000000704e-01
6.400000000000000000e+02 9.518800000000001704e-01 9.518800000000001704e-01 9.518800000000001704e-01
6.410000000000000000e+02 9.520600000000001284e-01 9.520600000000001284e-01 9.520600000000001284e-01
6.420000000000000000e+02 9.519900000000001139e-01 9.519900000000001139e-01 9.519900000000001139e-01
6.430000000000000000e+02 9.522200000000000664e-01 9.522200000000000664e-01 9.522200000000000664e-01
6.440000000000000000e+02 9.523700000000000498e-01 9.523700000000000498e-01 9.523700000000000498e-01
6.450000000000000000e+02 9.521100000000001229e-01 9.521100000000001229e-01 9.521100000000001229e-01
6.460000000000000000e+02 9.524600000000000843e-01 9.524600000000000843e-01 9.524600000000000843e-01
6.470000000000000000e+02 9.524100000000000898e-01 9.524100000000000898e-01 9.524100000000000898e-01
6.480000000000000000e+02 9.525800000000000933e-01 9.525800000000000933e-01 9.525800000000000933e-01
6.490000000000000000e+02 9.527700000000001168e-01 9.527700000000001168e-01 9.527700000000001168e-01
6.500000000000000000e+02 9.527500000000000968e-01 9.527500000000000968e-01 9.527500000000000968e-01
6.510000000000000000e+02 9.527999999999999803e-01 9.527999999999999803e-01 9.527999999999999803e-01
6.520000000000000000e+02 9.530200000000000893e-01 9.530200000000000893e-01 9.530200000000000893e-01
6.530000000000000000e+02 9.526700000000001278e-01 9.526700000000001278e-01 9.526700000000001278e-01
6.540000000000000000e+02 9.530800000000000383e-01 9.530800000000000383e-01 9.530800000000000383e-01
6.550000000000000000e+02 9.530100000000001348e-01 9.530100000000001348e-01 9.530100000000001348e-01
6.560000000000000000e+02 9.532200000000001783e-01 9.532200000000001783e-01 9.532200000000001783e-01
6.570000000000000000e+02 9.533600000000000962e-01 9.533600000000000962e-01 9.533600000000000962e-01
6.580000000000000000e+02 9.536900000000001487e-01 9.536900000000001487e-01 9.536900000000001487e-01
6.590000000000000000e+02 9.532900000000000817e-01 9.532900000000000817e-01 9.532900000000000817e-01
6.600000000000000000e+02 9.534800000000001052e-01 9.534800000000001052e-01 9.534800000000001052e-01
6.610000000000000000e+02 9.536300000000000887e-01 9.536300000000000887e-01 9.536300000000000887e-01
6.620000000000000000e+02 9.537800000000001832e-01 9.537800000000001832e-01 9.537800000000001832e-01
6.630000000000000000e+02 9.539700000000000957e-01 9.539700000000000957e-01 9.539700000000000957e-01
6.640000000000000000e+02 9.542400000000000881e-01 9.542400000000000881e-01 9.542400000000000881e-01
6.650000000000000000e+02 9.542499999999999316e-01 9.542499999999999316e-01 9.542499999999999316e-01
6.660000000000000000e+02 9.543000000000000371e-01 9.543000000000000371e-01 9.543000000000000371e-01
6.670000000000000000e+02 9.542100000000001137e-01 9.542100000000001137e-01 9.542100000000001137e-01
6.680000000000000000e+02 9.541900000000000936e-01 9.541900000000000936e-01 9.541900000000000936e-01
6.690000000000000000e+02 9.543600000000000971e-01 9.543600000000000971e-01 9.543600000000000971e-01
6.700000000000000000e+02 9.545300000000002116e-01 9.545300000000002116e-01 9.545300000000002116e-01
6.710000000000000000e+02 9.545100000000000806e-01 9.545100000000000806e-01 9.545100000000000806e-01
6.720000000000000000e+02 9.550400000000000000e-01 9.550400000000000000e-01 9.550400000000000000e-01
6.730000000000000000e+02 9.545900000000001606e-01 9.545900000000001606e-01 9.545900000000001606e-01
6.740000000000000000e+02 9.549600000000001421e-01 9.549600000000001421e-01 9.549600000000001421e-01
6.750000000000000000e+02 9.550400000000000000e-01 9.550400000000000000e-01 9.550400000000000000e-01
6.760000000000000000e+02 9.550200000000000911e-01 9.550200000000000911e-01 9.550200000000000911e-01
6.770000000000000000e+02 9.551800000000001400e-01 9.551800000000001400e-01 9.551800000000001400e-01
6.780000000000000000e+02 9.555300000000001015e-01 9.555300000000001015e-01 9.555300000000001015e-01
6.790000000000000000e+02 9.552200000000000690e-01 9.552200000000000690e-01 9.552200000000000690e-01
6.800000000000000000e+02 9.551300000000000345e-01 9.551300000000000345e-01 9.551300000000000345e-01
6.810000000000000000e+02 9.553400000000000780e-01 9.553400000000000780e-01 9.553400000000000780e-01
6.820000000000000000e+02 9.556300000000002015e-01 9.556300000000002015e-01 9.556300000000002015e-01
6.830000000000000000e+02 9.557100000000001705e-01 9.557100000000001705e-01 9.557100000000001705e-01
6.840000000000000000e+02 9.554000000000000270e-01 9.554000000000000270e-01 9.554000000000000270e-01
6.850000000000000000e+02 9.554900000000000615e-01 9.554900000000000615e-01 9.554900000000000615e-01
6.860000000000000000e+02 9.555700000000001415e-01 9.555700000000001415e-01 9.555700000000001415e-01
6.870000000000000000e+02 9.559999999999999609e-01 9.559999999999999609e-01 9.559999999999999609e-01
6.880000000000000000e+02 9.560100000000001375e-01 9.560100000000001375e-01 9.560100000000001375e-01
6.890000000000000000e+02 9.560200000000002030e-01 9.560200000000002030e-01 9.560200000000002030e-01
6.900000000000000000e+02 9.564700000000000424e-01 9.564700000000000424e-01 9.564700000000000424e-01
6.910000000000000000e+02 9.559300000000001685e-01 9.559300000000001685e-01 9.559300000000001685e-01
6.920000000000000000e+02 9.562100000000001154e-01 9.562100000000001154e-01 9.562100000000001154e-01
6.930000000000000000e+02 9.563600000000000989e-01 9.563600000000000989e-01 9.563600000000000989e-01
6.940000000000000000e+02 9.565400000000000569e-01 9.565400000000000569e-01 9.565400000000000569e-01
6.950000000000000000e+02 9.565200000000001479e-01 9.565200000000001479e-01 9.565200000000001479e-01
6.960000000000000000e+02 9.565900000000000514e-01 9.565900000000000514e-01 9.565900000000000514e-01
6.970000000000000000e+02 9.566600000000000659e-01 9.566600000000000659e-01 9.566600000000000659e-01
6.980000000000000000e+02 9.568200000000001149e-01 9.568200000000001149e-01 9.568200000000001149e-01
6.990000000000000000e+02 9.569900000000001183e-01 9.569900000000001183e-01 9.569900000000001183e-01
7.000000000000000000e+02 9.569100000000001494e-01 9.569100000000001494e-01 9.569100000000001494e-01
7.010000000000000000e+02 9.572100000000002273e-01 9.572100000000002273e-01 9.572100000000002273e-01
7.020000000000000000e+02 9.571900000000000963e-01 9.571900000000000963e-01 9.571900000000000963e-01
7.030000000000000000e+02 9.570400000000001128e-01 9.570400000000001128e-01 9.570400000000001128e-01
7.040000000000000000e+02 9.573000000000000398e-01 9.573000000000000398e-01 9.573000000000000398e-01
7.050000000000000000e+02 9.575200000000001488e-01 9.575200000000001488e-01 9.575200000000001488e-01
7.060000000000000000e+02 9.574400000000001798e-01 9.574400000000001798e-01 9.574400000000001798e-01
7.070000000000000000e+02 9.573100000000001053e-01 9.573100000000001053e-01 9.573100000000001053e-01
7.080000000000000000e+02 9.577100000000001723e-01 9.577100000000001723e-01 9.577100000000001723e-01
7.090000000000000000e+02 9.573700000000000543e-01 9.573700000000000543e-01 9.573700000000000543e-01
7.100000000000000000e+02 9.577200000000000157e-01 9.577200000000000157e-01 9.577200000000000157e-01
7.110000000000000000e+02 9.578300000000001813e-01 9.578300000000001813e-01 9.578300000000001813e-01
7.120000000000000000e+02 9.580900000000001082e-01 9.580900000000001082e-01 9.580900000000001082e-01
7.130000000000000000e+02 9.583200000000000607e-01 9.583200000000000607e-01 9.583200000000000607e-01
7.140000000000000000e+02 9.581300000000001482e-01 9.581300000000001482e-01 9.581300000000001482e-01
7.150000000000000000e+02 9.580300000000001592e-01 9.580300000000001592e-01 9.580300000000001592e-01
7.160000000000000000e+02 9.577300000000000813e-01 9.577300000000000813e-01 9.577300000000000813e-01
7.170000000000000000e+02 9.581300000000001482e-01 9.581300000000001482e-01 9.581300000000001482e-01
7.180000000000000000e+02 9.582400000000000917e-01 9.582400000000000917e-01 9.582400000000000917e-01
7.190000000000000000e+02 9.583600000000001007e-01 9.583600000000001007e-01 9.583600000000001007e-01
7.200000000000000000e+02 9.584600000000002007e-01 9.584600000000002007e-01 9.584600000000002007e-01
7.210000000000000000e+02 9.587400000000001477e-01 9.587400000000001477e-01 9.587400000000001477e-01
7.220000000000000000e+02 9.584900000000001752e-01 9.584900000000001752e-01 9.584900000000001752e-01
7.230000000000000000e+02 9.588800000000000656e-01 9.588800000000000656e-01 9.588800000000000656e-01
7.240000000000000000e+02 9.588100000000001621e-01 9.588100000000001621e-01 9.588100000000001621e-01
7.250000000000000000e+02 9.588300000000000711e-01 9.588300000000000711e-01 9.588300000000000711e-01
7.260000000000000000e+02 9.594100000000002071e-01 9.594100000000002071e-01 9.594100000000002071e-01
7.270000000000000000e+02 9.586300000000000932e-01 9.586300000000000932e-01 9.586300000000000932e-01
7.280000000000000000e+02 9.585600000000000787e-01 9.585600000000000787e-01 9.585600000000000787e-01
7.290000000000000000e+02 9.594800000000001106e-01 9.594800000000001106e-01 9.594800000000001106e-01
7.300000000000000000e+02 9.592000000000000526e-01 9.592000000000000526e-01 9.592000000000000526e-01
7.310000000000000000e+02 9.590800000000001546e-01 9.590800000000001546e-01 9.590800000000001546e-01
7.320000000000000000e+02 9.594100000000002071e-01 9.594100000000002071e-01 9.594100000000002071e-01
7.330000000000000000e+02 9.593700000000001671e-01 9.593700000000001671e-01 9.593700000000001671e-01
7.340000000000000000e+02 9.593100000000001071e-01 9.593100000000001071e-01 9.593100000000001071e-01
7.350000000000000000e+02 9.595300000000002161e-01 9.595300000000002161e-01 9.595300000000002161e-01
7.360000000000000000e+02 9.595400000000000595e-01 9.595400000000000595e-01 9.595400000000000595e-01
7.370000000000000000e+02 9.598100000000000520e-01 9.598100000000000520e-01 9.598100000000000520e-01
7.380000000000000000e+02 9.596900000000000430e-01 9.596900000000000430e-01 9.596900000000000430e-01
7.390000000000000000e+02 9.595500000000000140e-01 9.595500000000000140e-01 9.595500000000000140e-01
7.400000000000000000e+02 9.599300000000000610e-01 9.599300000000000610e-01 9.599300000000000610e-01
7.410000000000000000e+02 9.591700000000001891e-01 9.591700000000001891e-01 9.591700000000001891e-01
7.420000000000000000e+02 9.599100000000001520e-01 9.599100000000001520e-01 9.599100000000001520e-01
7.430000000000000000e+02 9.601000000000000645e-01 9.601000000000000645e-01 9.601000000000000645e-01
7.440000000000000000e+02 9.601100000000001300e-01 9.601100000000001300e-01 9.601100000000001300e-01
7.450000000000000000e+02 9.596700000000001340e-01 9.596700000000001340e-01 9.596700000000001340e-01
7.460000000000000000e+02 9.604000000000000314e-01 9.604000000000000314e-01 9.604000000000000314e-01
7.470000000000000000e+02 9.601900000000000990e-01 9.601900000000000990e-01 9.601900000000000990e-01
7.480000000000000000e+02 9.605200000000000404e-01 9.605200000000000404e-01 9.605200000000000404e-01
7.490000000000000000e+02 9.601500000000000590e-01 9.601500000000000590e-01 9.601500000000000590e-01
7.500000000000000000e+02 9.598200000000001175e-01 9.598200000000001175e-01 9.598200000000001175e-01
7.510000000000000000e+02 9.603499999999999259e-01 9.603499999999999259e-01 9.603499999999999259e-01
7.520000000000000000e+02 9.609499999999999709e-01 9.609499999999999709e-01 9.609499999999999709e-01
7.530000000000000000e+02 9.604100000000000970e-01 9.604100000000000970e-01 9.604100000000000970e-01
7.540000000000000000e+02 9.609000000000000874e-01 9.609000000000000874e-01 9.609000000000000874e-01
7.550000000000000000e+02 9.605500000000000149e-01 9.605500000000000149e-01 9.605500000000000149e-01
7.560000000000000000e+02 9.605700000000001459e-01 9.605700000000001459e-01 9.605700000000001459e-01
7.570000000000000000e+02 9.607700000000001239e-01 9.607700000000001239e-01 9.607700000000001239e-01
7.580000000000000000e+02 9.605700000000001459e-01 9.605700000000001459e-01 9.605700000000001459e-01
7.590000000000000000e+02 9.610700000000000909e-01 9.610700000000000909e-01 9.610700000000000909e-01
7.600000000000000000e+02 9.611100000000001309e-01 9.611100000000001309e-01 9.611100000000001309e-01
7.610000000000000000e+02 9.608600000000001584e-01 9.608600000000001584e-01 9.608600000000001584e-01
7.620000000000000000e+02 9.610400000000001164e-01 9.610400000000001164e-01 9.610400000000001164e-01
7.630000000000000000e+02 9.607600000000000584e-01 9.607600000000000584e-01 9.607600000000000584e-01
7.640000000000000000e+02 9.612600000000002254e-01 9.612600000000002254e-01 9.612600000000002254e-01
7.650000000000000000e+02 9.614499999999999158e-01 9.614499999999999158e-01 9.614499999999999158e-01
7.660000000000000000e+02 9.612400000000000944e-01 9.612400000000000944e-01 9.612400000000000944e-01
7.670000000000000000e+02 9.610200000000002074e-01 9.610200000000002074e-01 9.610200000000002074e-01
7.680000000000000000e+02 9.610500000000000709e-01 9.610500000000000709e-01 9.610500000000000709e-01
7.690000000000000000e+02 9.604500000000000259e-01 9.604500000000000259e-01 9.604500000000000259e-01
7.700000000000000000e+02 9.609700000000001019e-01 9.609700000000001019e-01 9.609700000000001019e-01
7.710000000000000000e+02 9.612200000000001854e-01 9.612200000000001854e-01 9.612200000000001854e-01
7.720000000000000000e+02 9.614400000000000723e-01 9.614400000000000723e-01 9.614400000000000723e-01
7.730000000000000000e+02 9.618100000000001648e-01 9.618100000000001648e-01 9.618100000000001648e-01
7.740000000000000000e+02 9.613400000000001944e-01 9.613400000000001944e-01 9.613400000000001944e-01
7.750000000000000000e+02 9.617700000000000138e-01 9.617700000000000138e-01 9.617700000000000138e-01
7.760000000000000000e+02 9.612800000000001344e-01 9.612800000000001344e-01 9.612800000000001344e-01
7.770000000000000000e+02 9.617900000000001448e-01 9.617900000000001448e-01 9.617900000000001448e-01
7.780000000000000000e+02 9.621500000000000608e-01 9.621500000000000608e-01 9.621500000000000608e-01
7.790000000000000000e+02 9.616400000000001613e-01 9.616400000000001613e-01 9.616400000000001613e-01
7.800000000000000000e+02 9.616100000000001868e-01 9.616100000000001868e-01 9.616100000000001868e-01
7.810000000000000000e+02 9.619200000000001083e-01 9.619200000000001083e-01 9.619200000000001083e-01
7.820000000000000000e+02 9.614100000000000978e-01 9.614100000000000978e-01 9.614100000000000978e-01
7.830000000000000000e+02 9.623100000000001097e-01 9.623100000000001097e-01 9.623100000000001097e-01
7.840000000000000000e+02 9.618000000000000993e-01 9.618000000000000993e-01 9.618000000000000993e-01
7.850000000000000000e+02 9.618499999999999828e-01 9.618499999999999828e-01 9.618499999999999828e-01
7.860000000000000000e+02 9.625200000000000422e-01 9.625200000000000422e-01 9.625200000000000422e-01
7.870000000000000000e+02 9.622100000000002318e-01 9.622100000000002318e-01 9.622100000000002318e-01
7.880000000000000000e+02 9.614100000000000978e-01 9.614100000000000978e-01 9.614100000000000978e-01
7.890000000000000000e+02 9.624200000000001642e-01 9.624200000000001642e-01 9.624200000000001642e-01
7.900000000000000000e+02 9.615900000000000558e-01 9.615900000000000558e-01 9.615900000000000558e-01
7.910000000000000000e+02 9.628900000000001347e-01 9.628900000000001347e-01 9.628900000000001347e-01
7.920000000000000000e+02 9.625300000000001077e-01 9.625300000000001077e-01 9.625300000000001077e-01
7.930000000000000000e+02 9.621600000000001263e-01 9.621600000000001263e-01 9.621600000000001263e-01
7.940000000000000000e+02 9.626900000000000457e-01 9.626900000000000457e-01 9.626900000000000457e-01
7.950000000000000000e+02 9.624100000000000987e-01 9.624100000000000987e-01 9.624100000000000987e-01
7.960000000000000000e+02 9.625400000000000622e-01 9.625400000000000622e-01 9.625400000000000622e-01
7.970000000000000000e+02 9.621800000000001463e-01 9.621800000000001463e-01 9.621800000000001463e-01
7.980000000000000000e+02 9.626900000000000457e-01 9.626900000000000457e-01 9.626900000000000457e-01
7.990000000000000000e+02 9.619700000000002138e-01 9.619700000000002138e-01 9.619700000000002138e-01
8.000000000000000000e+02 9.621100000000001318e-01 9.621100000000001318e-01 9.621100000000001318e-01
8.010000000000000000e+02 9.619200000000001083e-01 9.619200000000001083e-01 9.619200000000001083e-01
8.020000000000000000e+02 9.617800000000000793e-01 9.617800000000000793e-01 9.617800000000000793e-01
8.030000000000000000e+02 9.627999999999999892e-01 9.627999999999999892e-01 9.627999999999999892e-01
8.040000000000000000e+02 9.630900000000001127e-01 9.630900000000001127e-01 9.630900000000001127e-01
8.050000000000000000e+02 9.627800000000000802e-01 9.627800000000000802e-01 9.627800000000000802e-01
8.060000000000000000e+02 9.622200000000000752e-01 9.622200000000000752e-01 9.622200000000000752e-01
8.070000000000000000e+02 9.622900000000000897e-01 9.622900000000000897e-01 9.622900000000000897e-01
8.080000000000000000e+02 9.627999999999999892e-01 9.627999999999999892e-01 9.627999999999999892e-01
8.090000000000000000e+02 9.633300000000001306e-01 9.633300000000001306e-01 9.633300000000001306e-01
8.100000000000000000e+02 9.627000000000000002e-01 9.627000000000000002e-01 9.627000000000000002e-01
8.110000000000000000e+02 9.631600000000001272e-01 9.631600000000001272e-01 9.631600000000001272e-01
8.120000000000000000e+02 9.632200000000001872e-01 9.632200000000001872e-01 9.632200000000001872e-01
8.130000000000000000e+02 9.637800000000001921e-01 9.637800000000001921e-01 9.637800000000001921e-01
8.140000000000000000e+02 9.631100000000000216e-01 9.631100000000000216e-01 9.631100000000000216e-01
8.150000000000000000e+02 9.635600000000000831e-01 9.635600000000000831e-01 9.635600000000000831e-01
8.160000000000000000e+02 9.646100000000000785e-01 9.646100000000000785e-01 9.646100000000000785e-01
8.170000000000000000e+02 9.635300000000001086e-01 9.635300000000001086e-01 9.635300000000001086e-01
8.180000000000000000e+02 9.635700000000001486e-01 9.635700000000001486e-01 9.635700000000001486e-01
8.190000000000000000e+02 9.633499999999999286e-01 9.633499999999999286e-01 9.633499999999999286e-01
8.200000000000000000e+02 9.639300000000001756e-01 9.639300000000001756e-01 9.639300000000001756e-01
8.210000000000000000e+02 9.633900000000000796e-01 9.633900000000000796e-01 9.633900000000000796e-01
8.220000000000000000e+02 9.635100000000000886e-01 9.635100000000000886e-01 9.635100000000000886e-01
8.230000000000000000e+02 9.634300000000002306e-01 9.634300000000002306e-01 9.634300000000002306e-01
8.240000000000000000e+02 9.641300000000001535e-01 9.641300000000001535e-01 9.641300000000001535e-01
8.250000000000000000e+02 9.644700000000001605e-01 9.644700000000001605e-01 9.644700000000001605e-01
8.260000000000000000e+02 9.643500000000000405e-01 9.643500000000000405e-01 9.643500000000000405e-01
8.270000000000000000e+02 9.646300000000000985e-01 9.646300000000000985e-01 9.646300000000000985e-01
8.280000000000000000e+02 9.639900000000001246e-01 9.639900000000001246e-01 9.639900000000001246e-01
8.290000000000000000e+02 9.644300000000001205e-01 9.644300000000001205e-01 9.644300000000001205e-01
8.300000000000000000e+02 9.637400000000000411e-01 9.637400000000000411e-01 9.637400000000000411e-01
8.310000000000000000e+02 9.637999999999999901e-01 9.637999999999999901e-01 9.637999999999999901e-01
8.320000000000000000e+02 9.632999999999999341e-01 9.632999999999999341e-01 9.632999999999999341e-01
8.330000000000000000e+02 9.642900000000002025e-01 9.642900000000002025e-01 9.642900000000002025e-01
8.340000000000000000e+02 9.640700000000000935e-01 9.640700000000000935e-01 9.640700000000000935e-01
8.350000000000000000e+02 9.648700000000001165e-01 9.648700000000001165e-01 9.648700000000001165e-01
8.360000000000000000e+02 9.639700000000001046e-01 9.639700000000001046e-01 9.639700000000001046e-01
8.370000000000000000e+02 9.644800000000001150e-01 9.644800000000001150e-01 9.644800000000001150e-01
8.380000000000000000e+02 9.637400000000000411e-01 9.637400000000000411e-01 9.637400000000000411e-01
8.390000000000000000e+02 9.627999999999999892e-01 9.627999999999999892e-01 9.627999999999999892e-01
8.400000000000000000e+02 9.641400000000001080e-01 9.641400000000001080e-01 9.641400000000001080e-01
8.410000000000000000e+02 9.639100000000000446e-01 9.639100000000000446e-01 9.639100000000000446e-01
8.420000000000000000e+02 9.655000000000000249e-01 9.655000000000000249e-01 9.655000000000000249e-01
8.430000000000000000e+02 9.639900000000001246e-01 9.639900000000001246e-01 9.639900000000001246e-01
8.440000000000000000e+02 9.647600000000001730e-01 9.647600000000001730e-01 9.647600000000001730e-01
8.450000000000000000e+02 9.649999999999999689e-01 9.649999999999999689e-01 9.649999999999999689e-01
8.460000000000000000e+02 9.634400000000000741e-01 9.634400000000000741e-01 9.634400000000000741e-01
8.470000000000000000e+02 9.637900000000000356e-01 9.637900000000000356e-01 9.637900000000000356e-01
8.480000000000000000e+02 9.643999999999999240e-01 9.643999999999999240e-01 9.643999999999999240e-01
8.490000000000000000e+02 9.657400000000001539e-01 9.657400000000001539e-01 9.657400000000001539e-01
8.500000000000000000e+02 9.647600000000001730e-01 9.647600000000001730e-01 9.647600000000001730e-01
8.510000000000000000e+02 9.636400000000001631e-01 9.636400000000001631e-01 9.636400000000001631e-01
8.520000000000000000e+02 9.653100000000001124e-01 9.653100000000001124e-01 9.653100000000001124e-01
8.530000000000000000e+02 9.651400000000001089e-01 9.651400000000001089e-01 9.651400000000001089e-01
8.540000000000000000e+02 9.649100000000001565e-01 9.649100000000001565e-01 9.649100000000001565e-01
8.550000000000000000e+02 9.650400000000000089e-01 9.650400000000000089e-01 9.650400000000000089e-01
8.560000000000000000e+02 9.642400000000000970e-01 9.642400000000000970e-01 9.642400000000000970e-01
8.570000000000000000e+02 9.645400000000000640e-01 9.645400000000000640e-01 9.645400000000000640e-01
8.580000000000000000e+02 9.641800000000000370e-01 9.641800000000000370e-01 9.641800000000000370e-01
8.590000000000000000e+02 9.641400000000001080e-01 9.641400000000001080e-01 9.641400000000001080e-01
8.600000000000000000e+02 9.653499999999999304e-01 9.653499999999999304e-01 9.653499999999999304e-01
8.610000000000000000e+02 9.643900000000000805e-01 9.643900000000000805e-01 9.643900000000000805e-01
8.620000000000000000e+02 9.643000000000000460e-01 9.643000000000000460e-01 9.643000000000000460e-01
8.630000000000000000e+02 9.649300000000000654e-01 9.649300000000000654e-01 9.649300000000000654e-01
8.640000000000000000e+02 9.640100000000001446e-01 9.640100000000001446e-01 9.640100000000001446e-01
8.650000000000000000e+02 9.647300000000000875e-01 9.647300000000000875e-01 9.647300000000000875e-01
8.660000000000000000e+02 9.646900000000000475e-01 9.646900000000000475e-01 9.646900000000000475e-01
8.670000000000000000e+02 9.651499999999999524e-01 9.651499999999999524e-01 9.651499999999999524e-01
8.680000000000000000e+02 9.656300000000002104e-01 9.656300000000002104e-01 9.656300000000002104e-01
8.690000000000000000e+02 9.647499999999999964e-01 9.647499999999999964e-01 9.647499999999999964e-01
8.700000000000000000e+02 9.647200000000001330e-01 9.647200000000001330e-01 9.647200000000001330e-01
8.710000000000000000e+02 9.647600000000001730e-01 9.647600000000001730e-01 9.647600000000001730e-01
8.720000000000000000e+02 9.646700000000001385e-01 9.646700000000001385e-01 9.646700000000001385e-01
8.730000000000000000e+02 9.638900000000001356e-01 9.638900000000001356e-01 9.638900000000001356e-01
8.740000000000000000e+02 9.649100000000001565e-01 9.649100000000001565e-01 9.649100000000001565e-01
8.750000000000000000e+02 9.643900000000000805e-01 9.643900000000000805e-01 9.643900000000000805e-01
8.760000000000000000e+02 9.647900000000001475e-01 9.647900000000001475e-01 9.647900000000001475e-01
8.770000000000000000e+02 9.654300000000000104e-01 9.654300000000000104e-01 9.654300000000000104e-01
8.780000000000000000e+02 9.650400000000000089e-01 9.650400000000000089e-01 9.650400000000000089e-01
8.790000000000000000e+02 9.640300000000000535e-01 9.640300000000000535e-01 9.640300000000000535e-01
8.800000000000000000e+02 9.648100000000000565e-01 9.648100000000000565e-01 9.648100000000000565e-01
8.810000000000000000e+02 9.652700000000001834e-01 9.652700000000001834e-01 9.652700000000001834e-01
8.820000000000000000e+02 9.651600000000000179e-01 9.651600000000000179e-01 9.651600000000000179e-01
8.830000000000000000e+02 9.642800000000001370e-01 9.642800000000001370e-01 9.642800000000001370e-01
8.840000000000000000e+02 9.647100000000001785e-01 9.647100000000001785e-01 9.647100000000001785e-01
8.850000000000000000e+02 9.649400000000001310e-01 9.649400000000001310e-01 9.649400000000001310e-01
8.860000000000000000e+02 9.643600000000001060e-01 9.643600000000001060e-01 9.643600000000001060e-01
8.870000000000000000e+02 9.645500000000000185e-01 9.645500000000000185e-01 9.645500000000000185e-01
8.880000000000000000e+02 9.653100000000001124e-01 9.653100000000001124e-01 9.653100000000001124e-01
8.890000000000000000e+02 9.653100000000001124e-01 9.653100000000001124e-01 9.653100000000001124e-01
8.900000000000000000e+02 9.645500000000000185e-01 9.645500000000000185e-01 9.645500000000000185e-01
8.910000000000000000e+02 9.651900000000001034e-01 9.651900000000001034e-01 9.651900000000001034e-01
8.920000000000000000e+02 9.651000000000000689e-01 9.651000000000000689e-01 9.651000000000000689e-01
8.930000000000000000e+02 9.651000000000000689e-01 9.651000000000000689e-01 9.651000000000000689e-01
8.940000000000000000e+02 9.649999999999999689e-01 9.649999999999999689e-01 9.649999999999999689e-01
8.950000000000000000e+02 9.647700000000001275e-01 9.647700000000001275e-01 9.647700000000001275e-01
8.960000000000000000e+02 9.644300000000001205e-01 9.644300000000001205e-01 9.644300000000001205e-01
8.970000000000000000e+02 9.646700000000001385e-01 9.646700000000001385e-01 9.646700000000001385e-01
8.980000000000000000e+02 9.645200000000001550e-01 9.645200000000001550e-01 9.645200000000001550e-01
8.990000000000000000e+02 9.658700000000002284e-01 9.658700000000002284e-01 9.658700000000002284e-01
9.000000000000000000e+02 9.650400000000000089e-01 9.650400000000000089e-01 9.650400000000000089e-01
9.010000000000000000e+02 9.651600000000000179e-01 9.651600000000000179e-01 9.651600000000000179e-01
9.020000000000000000e+02 9.652400000000000979e-01 9.652400000000000979e-01 9.652400000000000979e-01
9.030000000000000000e+02 9.652100000000001234e-01 9.652100000000001234e-01 9.652100000000001234e-01
9.040000000000000000e+02 9.648900000000001365e-01 9.648900000000001365e-01 9.648900000000001365e-01
9.050000000000000000e+02 9.656600000000001849e-01 9.656600000000001849e-01 9.656600000000001849e-01
9.060000000000000000e+02 9.655300000000001104e-01 9.655300000000001104e-01 9.655300000000001104e-01
9.070000000000000000e+02 9.662300000000001443e-01 9.662300000000001443e-01 9.662300000000001443e-01
9.080000000000000000e+02 9.657300000000000884e-01 9.657300000000000884e-01 9.657300000000000884e-01
9.090000000000000000e+02 9.658499999999999863e-01 9.658499999999999863e-01 9.658499999999999863e-01
9.100000000000000000e+02 9.650900000000001144e-01 9.650900000000001144e-01 9.650900000000001144e-01
9.110000000000000000e+02 9.652800000000000269e-01 9.652800000000000269e-01 9.652800000000000269e-01
9.120000000000000000e+02 9.658600000000001629e-01 9.658600000000001629e-01 9.658600000000001629e-01
9.130000000000000000e+02 9.660200000000002118e-01 9.660200000000002118e-01 9.660200000000002118e-01
9.140000000000000000e+02 9.660500000000000753e-01 9.660500000000000753e-01 9.660500000000000753e-01
9.150000000000000000e+02 9.646500000000000075e-01 9.646500000000000075e-01 9.646500000000000075e-01
9.160000000000000000e+02 9.655700000000001504e-01 9.655700000000001504e-01 9.655700000000001504e-01
9.170000000000000000e+02 9.650400000000000089e-01 9.650400000000000089e-01 9.650400000000000089e-01
9.180000000000000000e+02 9.656700000000000284e-01 9.656700000000000284e-01 9.656700000000000284e-01
9.190000000000000000e+02 9.653300000000001324e-01 9.653300000000001324e-01 9.653300000000001324e-01
9.200000000000000000e+02 9.659900000000001263e-01 9.659900000000001263e-01 9.659900000000001263e-01
9.210000000000000000e+02 9.665200000000001568e-01 9.665200000000001568e-01 9.665200000000001568e-01
9.220000000000000000e+02 9.656500000000000083e-01 9.656500000000000083e-01 9.656500000000000083e-01
9.230000000000000000e+02 9.652200000000000779e-01 9.652200000000000779e-01 9.652200000000000779e-01
9.240000000000000000e+02 9.649700000000001054e-01 9.649700000000001054e-01 9.649700000000001054e-01
9.250000000000000000e+02 9.660999999999999588e-01 9.660999999999999588e-01 9.660999999999999588e-01
9.260000000000000000e+02 9.658900000000001373e-01 9.658900000000001373e-01 9.658900000000001373e-01
9.270000000000000000e+02 9.653900000000001924e-01 9.653900000000001924e-01 9.653900000000001924e-01
9.280000000000000000e+02 9.645600000000001950e-01 9.645600000000001950e-01 9.645600000000001950e-01
9.290000000000000000e+02 9.655800000000001049e-01 9.655800000000001049e-01 9.655800000000001049e-01
9.300000000000000000e+02 9.662600000000002298e-01 9.662600000000002298e-01 9.662600000000002298e-01
9.310000000000000000e+02 9.658900000000001373e-01 9.658900000000001373e-01 9.658900000000001373e-01
9.320000000000000000e+02 9.659800000000001718e-01 9.659800000000001718e-01 9.659800000000001718e-01
9.330000000000000000e+02 9.657100000000000684e-01 9.657100000000000684e-01 9.657100000000000684e-01
9.340000000000000000e+02 9.655700000000001504e-01 9.655700000000001504e-01 9.655700000000001504e-01
9.350000000000000000e+02 9.671600000000001307e-01 9.671600000000001307e-01 9.671600000000001307e-01
9.360000000000000000e+02 9.656300000000002104e-01 9.656300000000002104e-01 9.656300000000002104e-01
9.370000000000000000e+02 9.649800000000001710e-01 9.649800000000001710e-01 9.649800000000001710e-01
9.380000000000000000e+02 9.661200000000000898e-01 9.661200000000000898e-01 9.661200000000000898e-01
9.390000000000000000e+02 9.657600000000000628e-01 9.657600000000000628e-01 9.657600000000000628e-01
9.400000000000000000e+02 9.656000000000000139e-01 9.656000000000000139e-01 9.656000000000000139e-01
9.410000000000000000e+02 9.655300000000001104e-01 9.655300000000001104e-01 9.655300000000001104e-01
9.420000000000000000e+02 9.653300000000001324e-01 9.653300000000001324e-01 9.653300000000001324e-01
9.430000000000000000e+02 9.656300000000002104e-01 9.656300000000002104e-01 9.656300000000002104e-01
9.440000000000000000e+02 9.660900000000001153e-01 9.660900000000001153e-01 9.660900000000001153e-01
9.450000000000000000e+02 9.659499999999999753e-01 9.659499999999999753e-01 9.659499999999999753e-01
9.460000000000000000e+02 9.665300000000001113e-01 9.665300000000001113e-01 9.665300000000001113e-01
9.470000000000000000e+02 9.663200000000000678e-01 9.663200000000000678e-01 9.663200000000000678e-01
9.480000000000000000e+02 9.655600000000000849e-01 9.655600000000000849e-01 9.655600000000000849e-01
9.490000000000000000e+02 9.659300000000001774e-01 9.659300000000001774e-01 9.659300000000001774e-01
9.500000000000000000e+02 9.662700000000000733e-01 9.662700000000000733e-01 9.662700000000000733e-01
9.510000000000000000e+02 9.661100000000001353e-01 9.661100000000001353e-01 9.661100000000001353e-01
9.520000000000000000e+02 9.659300000000001774e-01 9.659300000000001774e-01 9.659300000000001774e-01
9.530000000000000000e+02 9.664900000000001823e-01 9.664900000000001823e-01 9.664900000000001823e-01
9.540000000000000000e+02 9.657200000000001339e-01 9.657200000000001339e-01 9.657200000000001339e-01
9.550000000000000000e+02 9.655100000000002014e-01 9.655100000000002014e-01 9.655100000000002014e-01
9.560000000000000000e+02 9.657600000000000628e-01 9.657600000000000628e-01 9.657600000000000628e-01
9.570000000000000000e+02 9.660600000000001408e-01 9.660600000000001408e-01 9.660600000000001408e-01
9.580000000000000000e+02 9.664400000000000768e-01 9.664400000000000768e-01 9.664400000000000768e-01
9.590000000000000000e+02 9.665700000000001513e-01 9.665700000000001513e-01 9.665700000000001513e-01
9.600000000000000000e+02 9.656999999999998918e-01 9.656999999999998918e-01 9.656999999999998918e-01
9.610000000000000000e+02 9.662800000000001388e-01 9.662800000000001388e-01 9.662800000000001388e-01
9.620000000000000000e+02 9.665400000000000658e-01 9.665400000000000658e-01 9.665400000000000658e-01
9.630000000000000000e+02 9.663100000000001133e-01 9.663100000000001133e-01 9.663100000000001133e-01
9.640000000000000000e+02 9.664400000000000768e-01 9.664400000000000768e-01 9.664400000000000768e-01
9.650000000000000000e+02 9.662400000000000988e-01 9.662400000000000988e-01 9.662400000000000988e-01
9.660000000000000000e+02 9.664000000000000368e-01 9.664000000000000368e-01 9.664000000000000368e-01
9.670000000000000000e+02 9.659800000000001718e-01 9.659800000000001718e-01 9.659800000000001718e-01
9.680000000000000000e+02 9.660700000000000953e-01 9.660700000000000953e-01 9.660700000000000953e-01
9.690000000000000000e+02 9.655600000000000849e-01 9.655600000000000849e-01 9.655600000000000849e-01
9.700000000000000000e+02 9.664100000000001023e-01 9.664100000000001023e-01 9.664100000000001023e-01
9.710000000000000000e+02 9.663400000000001988e-01 9.663400000000001988e-01 9.663400000000001988e-01
9.720000000000000000e+02 9.660600000000001408e-01 9.660600000000001408e-01 9.660600000000001408e-01
9.730000000000000000e+02 9.662800000000001388e-01 9.662800000000001388e-01 9.662800000000001388e-01
9.740000000000000000e+02 9.664200000000000568e-01 9.664200000000000568e-01 9.664200000000000568e-01
9.750000000000000000e+02 9.665600000000000858e-01 9.665600000000000858e-01 9.665600000000000858e-01
9.760000000000000000e+02 9.661300000000001553e-01 9.661300000000001553e-01 9.661300000000001553e-01
9.770000000000000000e+02 9.657100000000000684e-01 9.657100000000000684e-01 9.657100000000000684e-01
9.780000000000000000e+02 9.658200000000001229e-01 9.658200000000001229e-01 9.658200000000001229e-01
9.790000000000000000e+02 9.662100000000001243e-01 9.662100000000001243e-01 9.662100000000001243e-01
9.800000000000000000e+02 9.658600000000001629e-01 9.658600000000001629e-01 9.658600000000001629e-01
9.810000000000000000e+02 9.655100000000002014e-01 9.655100000000002014e-01 9.655100000000002014e-01
9.820000000000000000e+02 9.654800000000001159e-01 9.654800000000001159e-01 9.654800000000001159e-01
9.830000000000000000e+02 9.653200000000000669e-01 9.653200000000000669e-01 9.653200000000000669e-01
9.840000000000000000e+02 9.663300000000001333e-01 9.663300000000001333e-01 9.663300000000001333e-01
9.850000000000000000e+02 9.657999999999999918e-01 9.657999999999999918e-01 9.657999999999999918e-01
9.860000000000000000e+02 9.672900000000000942e-01 9.672900000000000942e-01 9.672900000000000942e-01
9.870000000000000000e+02 9.662600000000002298e-01 9.662600000000002298e-01 9.662600000000002298e-01
9.880000000000000000e+02 9.663600000000001078e-01 9.663600000000001078e-01 9.663600000000001078e-01
9.890000000000000000e+02 9.663600000000001078e-01 9.663600000000001078e-01 9.663600000000001078e-01
9.900000000000000000e+02 9.655300000000001104e-01 9.655300000000001104e-01 9.655300000000001104e-01
9.910000000000000000e+02 9.657700000000001284e-01 9.657700000000001284e-01 9.657700000000001284e-01
9.920000000000000000e+02 9.665900000000000603e-01 9.665900000000000603e-01 9.665900000000000603e-01
9.930000000000000000e+02 9.663500000000000423e-01 9.663500000000000423e-01 9.663500000000000423e-01
9.940000000000000000e+02 9.659200000000001118e-01 9.659200000000001118e-01 9.659200000000001118e-01
9.950000000000000000e+02 9.658900000000001373e-01 9.658900000000001373e-01 9.658900000000001373e-01
9.960000000000000000e+02 9.662500000000000533e-01 9.662500000000000533e-01 9.662500000000000533e-01
9.970000000000000000e+02 9.654800000000001159e-01 9.654800000000001159e-01 9.654800000000001159e-01
9.980000000000000000e+02 9.664000000000000368e-01 9.664000000000000368e-01 9.664000000000000368e-01
9.990000000000000000e+02 9.666500000000000092e-01 9.666500000000000092e-01 9.666500000000000092e-01
1.000000000000000000e+03 9.682699999999999640e-01 9.682699999999999640e-01 9.682699999999999640e-01
1.001000000000000000e+03 9.682100000000000151e-01 9.682100000000000151e-01 9.682100000000000151e-01
1.002000000000000000e+03 9.681199999999999806e-01 9.681199999999999806e-01 9.681199999999999806e-01
1.003000000000000000e+03 9.682399999999999896e-01 9.682399999999999896e-01 9.682399999999999896e-01
1.004000000000000000e+03 9.674500000000000322e-01 9.674500000000000322e-01 9.674500000000000322e-01
1.005000000000000000e+03 9.683599999999999985e-01 9.683599999999999985e-01 9.683599999999999985e-01
1.006000000000000000e+03 9.672699999999998521e-01 9.672699999999998521e-01 9.672699999999998521e-01
1.007000000000000000e+03 9.669499999999999762e-01 9.669499999999999762e-01 9.669499999999999762e-01
1.008000000000000000e+03 9.678899999999999171e-01 9.678899999999999171e-01 9.678899999999999171e-01
1.009000000000000000e+03 9.673800000000000177e-01 9.673800000000000177e-01 9.673800000000000177e-01
1.010000000000000000e+03 9.686699999999999200e-01 9.686699999999999200e-01 9.686699999999999200e-01
1.011000000000000000e+03 9.681199999999999806e-01 9.681199999999999806e-01 9.681199999999999806e-01
1.012000000000000000e+03 9.682599999999998985e-01 9.682599999999998985e-01 9.682599999999998985e-01
1.013000000000000000e+03 9.679499999999999771e-01 9.679499999999999771e-01 9.679499999999999771e-01
1.014000000000000000e+03 9.684800000000000075e-01 9.684800000000000075e-01 9.684800000000000075e-01
1.015000000000000000e+03 9.685500000000000220e-01 9.685500000000000220e-01 9.685500000000000220e-01
1.016000000000000000e+03 9.682100000000000151e-01 9.682100000000000151e-01 9.682100000000000151e-01
1.017000000000000000e+03 9.684999999999999165e-01 9.684999999999999165e-01 9.684999999999999165e-01
1.018000000000000000e+03 9.687299999999998690e-01 9.687299999999998690e-01 9.687299999999998690e-01
1.019000000000000000e+03 9.685399999999999565e-01 9.685399999999999565e-01 9.685399999999999565e-01
1.020000000000000000e+03 9.690800000000000525e-01 9.690800000000000525e-01 9.690800000000000525e-01
1.021000000000000000e+03 9.679199999999998916e-01 9.679199999999998916e-01 9.679199999999998916e-01
1.022000000000000000e+03 9.679799999999998406e-01 9.679799999999998406e-01 9.679799999999998406e-01
1.023000000000000000e+03 9.675899999999999501e-01 9.675899999999999501e-01 9.675899999999999501e-01
1.024000000000000000e+03 9.685199999999999365e-01 9.685199999999999365e-01 9.685199999999999365e-01
1.025000000000000000e+03 9.677899999999999281e-01 9.677899999999999281e-01 9.677899999999999281e-01
1.026000000000000000e+03 9.674599999999999866e-01 9.674599999999999866e-01 9.674599999999999866e-01
1.027000000000000000e+03 9.689799999999999525e-01 9.689799999999999525e-01 9.689799999999999525e-01
1.028000000000000000e+03 9.678600000000000536e-01 9.678600000000000536e-01 9.678600000000000536e-01
1.029000000000000000e+03 9.678099999999999481e-01 9.678099999999999481e-01 9.678099999999999481e-01
1.030000000000000000e+03 9.690699999999999870e-01 9.690699999999999870e-01 9.690699999999999870e-01
1.031000000000000000e+03 9.687099999999999600e-01 9.687099999999999600e-01 9.687099999999999600e-01
1.032000000000000000e+03 9.677500000000001101e-01 9.677500000000001101e-01 9.677500000000001101e-01
1.033000000000000000e+03 9.687200000000000255e-01 9.687200000000000255e-01 9.687200000000000255e-01
1.034000000000000000e+03 9.683399999999998675e-01 9.683399999999998675e-01 9.683399999999998675e-01
1.035000000000000000e+03 9.679699999999999971e-01 9.679699999999999971e-01 9.679699999999999971e-01
1.036000000000000000e+03 9.685899999999999510e-01 9.685899999999999510e-01 9.685899999999999510e-01
1.037000000000000000e+03 9.685899999999999510e-01 9.685899999999999510e-01 9.685899999999999510e-01
1.038000000000000000e+03 9.689499999999999780e-01 9.689499999999999780e-01 9.689499999999999780e-01
1.039000000000000000e+03 9.692899999999998739e-01 9.692899999999998739e-01 9.692899999999998739e-01
1.040000000000000000e+03 9.692599999999998994e-01 9.692599999999998994e-01 9.692599999999998994e-01
1.041000000000000000e+03 9.686099999999998600e-01 9.686099999999998600e-01 9.686099999999998600e-01
1.042000000000000000e+03 9.685299999999998910e-01 9.685299999999998910e-01 9.685299999999998910e-01
1.043000000000000000e+03 9.680699999999998751e-01 9.680699999999998751e-01 9.680699999999998751e-01
1.044000000000000000e+03 9.690899999999998959e-01 9.690899999999998959e-01 9.690899999999998959e-01
1.045000000000000000e+03 9.689299999999999580e-01 9.689299999999999580e-01 9.689299999999999580e-01
1.046000000000000000e+03 9.695399999999999574e-01 9.695399999999999574e-01 9.695399999999999574e-01
1.047000000000000000e+03 9.697099999999998499e-01 9.697099999999998499e-01 9.697099999999998499e-01
1.048000000000000000e+03 9.684999999999999165e-01 9.684999999999999165e-01 9.684999999999999165e-01
1.049000000000000000e+03 9.684199999999999475e-01 9.684199999999999475e-01 9.684199999999999475e-01
1.050000000000000000e+03 9.691399999999998904e-01 9.691399999999998904e-01 9.691399999999998904e-01
1.051000000000000000e+03 9.684899999999998510e-01 9.684899999999998510e-01 9.684899999999998510e-01
1.052000000000000000e+03 9.696199999999999264e-01 9.696199999999999264e-01 9.696199999999999264e-01
1.053000000000000000e+03 9.686099999999998600e-01 9.686099999999998600e-01 9.686099999999998600e-01
1.054000000000000000e+03 9.693000000000000504e-01 9.693000000000000504e-01 9.693000000000000504e-01
1.055000000000000000e+03 9.693100000000000049e-01 9.693100000000000049e-01 9.693100000000000049e-01
1.056000000000000000e+03 9.687899999999999290e-01 9.687899999999999290e-01 9.687899999999999290e-01
1.057000000000000000e+03 9.690400000000000125e-01 9.690400000000000125e-01 9.690400000000000125e-01
1.058000000000000000e+03 9.690800000000000525e-01 9.690800000000000525e-01 9.690800000000000525e-01
1.059000000000000000e+03 9.688199999999999035e-01 9.688199999999999035e-01 9.688199999999999035e-01
1.060000000000000000e+03 9.682799999999999185e-01 9.682799999999999185e-01 9.682799999999999185e-01
1.061000000000000000e+03 9.699599999999999334e-01 9.699599999999999334e-01 9.699599999999999334e-01
1.062000000000000000e+03 9.687999999999999945e-01 9.687999999999999945e-01 9.687999999999999945e-01
1.063000000000000000e+03 9.692899999999998739e-01 9.692899999999998739e-01 9.692899999999998739e-01
1.064000000000000000e+03 9.691799999999999304e-01 9.691799999999999304e-01 9.691799999999999304e-01
1.065000000000000000e+03 9.694199999999999484e-01 9.694199999999999484e-01 9.694199999999999484e-01
1.066000000000000000e+03 9.689099999999999380e-01 9.689099999999999380e-01 9.689099999999999380e-01
1.067000000000000000e+03 9.693699999999999539e-01 9.693699999999999539e-01 9.693699999999999539e-01
1.068000000000000000e+03 9.686399999999999455e-01 9.686399999999999455e-01 9.686399999999999455e-01
1.069000000000000000e+03 9.700099999999999278e-01 9.700099999999999278e-01 9.700099999999999278e-01
1.070000000000000000e+03 9.694899999999999629e-01 9.694899999999999629e-01 9.694899999999999629e-01
1.071000000000000000e+03 9.687200000000000255e-01 9.687200000000000255e-01 9.687200000000000255e-01
1.072000000000000000e+03 9.688700000000000090e-01 9.688700000000000090e-01 9.688700000000000090e-01
1.073000000000000000e+03 9.691600000000000215e-01 9.691600000000000215e-01 9.691600000000000215e-01
1.074000000000000000e+03 9.692599999999998994e-01 9.692599999999998994e-01 9.692599999999998994e-01
1.075000000000000000e+03 9.690400000000000125e-01 9.690400000000000125e-01 9.690400000000000125e-01
1.076000000000000000e+03 9.687699999999999090e-01 9.687699999999999090e-01 9.687699999999999090e-01
1.077000000000000000e+03 9.691799999999999304e-01 9.691799999999999304e-01 9.691799999999999304e-01
1.078000000000000000e+03 9.696899999999999409e-01 9.696899999999999409e-01 9.696899999999999409e-01
1.079000000000000000e+03 9.691100000000000270e-01 9.691100000000000270e-01 9.691100000000000270e-01
1.080000000000000000e+03 9.689299999999999580e-01 9.689299999999999580e-01 9.689299999999999580e-01
1.081000000000000000e+03 9.690599999999999214e-01 9.690599999999999214e-01 9.690599999999999214e-01
1.082000000000000000e+03 9.687699999999999090e-01 9.687699999999999090e-01 9.687699999999999090e-01
1.083000000000000000e+03 9.699599999999999334e-01 9.699599999999999334e-01 9.699599999999999334e-01
1.084000000000000000e+03 9.696700000000000319e-01 9.696700000000000319e-01 9.696700000000000319e-01
1.085000000000000000e+03 9.691899999999999959e-01 9.691899999999999959e-01 9.691899999999999959e-01
1.086000000000000000e+03 9.694199999999999484e-01 9.694199999999999484e-01 9.694199999999999484e-01
1.087000000000000000e+03 9.693100000000000049e-01 9.693100000000000049e-01 9.693100000000000049e-01
1.088000000000000000e+03 9.688400000000000345e-01 9.688400000000000345e-01 9.688400000000000345e-01
1.089000000000000000e+03 9.696299999999999919e-01 9.696299999999999919e-01 9.696299999999999919e-01
1.090000000000000000e+03 9.691299999999999359e-01 9.691299999999999359e-01 9.691299999999999359e-01
1.091000000000000000e+03 9.690800000000000525e-01 9.690800000000000525e-01 9.690800000000000525e-01
1.092000000000000000e+03 9.693899999999999739e-01 9.693899999999999739e-01 9.693899999999999739e-01
1.093000000000000000e+03 9.694499999999999229e-01 9.694499999999999229e-01 9.694499999999999229e-01
1.094000000000000000e+03 9.697999999999999954e-01 9.697999999999999954e-01 9.697999999999999954e-01
1.095000000000000000e+03 9.689699999999998870e-01 9.689699999999998870e-01 9.689699999999998870e-01
1.096000000000000000e+03 9.696899999999999409e-01 9.696899999999999409e-01 9.696899999999999409e-01
1.097000000000000000e+03 9.688199999999999035e-01 9.688199999999999035e-01 9.688199999999999035e-01
1.098000000000000000e+03 9.700399999999999023e-01 9.700399999999999023e-01 9.700399999999999023e-01
1.099000000000000000e+03 9.694099999999998829e-01 9.694099999999998829e-01 9.694099999999998829e-01
1.100000000000000000e+03 9.676600000000000756e-01 9.676600000000000756e-01 9.676600000000000756e-01
1.101000000000000000e+03 9.690199999999999925e-01 9.690199999999999925e-01 9.690199999999999925e-01
1.102000000000000000e+03 9.691800000000000415e-01 9.691800000000000415e-01 9.691800000000000415e-01
1.103000000000000000e+03 9.711700000000000887e-01 9.711700000000000887e-01 9.711700000000000887e-01
1.104000000000000000e+03 9.696700000000000319e-01 9.696700000000000319e-01 9.696700000000000319e-01
1.105000000000000000e+03 9.694600000000000994e-01 9.694600000000000994e-01 9.694600000000000994e-01
1.106000000000000000e+03 9.707300000000000928e-01 9.707300000000000928e-01 9.707300000000000928e-01
1.107000000000000000e+03 9.699300000000000699e-01 9.699300000000000699e-01 9.699300000000000699e-01
1.108000000000000000e+03 9.703000000000000513e-01 9.703000000000000513e-01 9.703000000000000513e-01
1.109000000000000000e+03 9.698300000000000809e-01 9.698300000000000809e-01 9.698300000000000809e-01
1.110000000000000000e+03 9.715500000000000247e-01 9.715500000000000247e-01 9.715500000000000247e-01
1.111000000000000000e+03 9.703499999999999348e-01 9.703499999999999348e-01 9.703499999999999348e-01
1.112000000000000000e+03 9.709100000000000508e-01 9.709100000000000508e-01 9.709100000000000508e-01
1.113000000000000000e+03 9.701499999999999568e-01 9.701499999999999568e-01 9.701499999999999568e-01
1.114000000000000000e+03 9.702500000000000568e-01 9.702500000000000568e-01 9.702500000000000568e-01
1.115000000000000000e+03 9.692000000000000615e-01 9.692000000000000615e-01 9.692000000000000615e-01
1.116000000000000000e+03 9.696700000000000319e-01 9.696700000000000319e-01 9.696700000000000319e-01
1.117000000000000000e+03 9.693999999999999284e-01 9.693999999999999284e-01 9.693999999999999284e-01
1.118000000000000000e+03 9.696399999999999464e-01 9.696399999999999464e-01 9.696399999999999464e-01
1.119000000000000000e+03 9.708700000000000108e-01 9.708700000000000108e-01 9.708700000000000108e-01
1.120000000000000000e+03 9.701499999999999568e-01 9.701499999999999568e-01 9.701499999999999568e-01
1.121000000000000000e+03 9.702200000000000824e-01 9.702200000000000824e-01 9.702200000000000824e-01
1.122000000000000000e+03 9.705099999999999838e-01 9.705099999999999838e-01 9.705099999999999838e-01
1.123000000000000000e+03 9.700200000000001044e-01 9.700200000000001044e-01 9.700200000000001044e-01
1.124000000000000000e+03 9.701499999999999568e-01 9.701499999999999568e-01 9.701499999999999568e-01
1.125000000000000000e+03 9.702500000000000568e-01 9.702500000000000568e-01 9.702500000000000568e-01
1.126000000000000000e+03 9.710199999999999942e-01 9.710199999999999942e-01 9.710199999999999942e-01
1.127000000000000000e+03 9.707799999999999763e-01 9.707799999999999763e-01 9.707799999999999763e-01
1.128000000000000000e+03 9.692899999999999849e-01 9.692899999999999849e-01 9.692899999999999849e-01
1.129000000000000000e+03 9.706800000000000983e-01 9.706800000000000983e-01 9.706800000000000983e-01
1.130000000000000000e+03 9.709200000000000053e-01 9.709200000000000053e-01 9.709200000000000053e-01
1.131000000000000000e+03 9.704999999999999183e-01 9.704999999999999183e-01 9.704999999999999183e-01
1.132000000000000000e+03 9.701999999999999513e-01 9.701999999999999513e-01 9.701999999999999513e-01
1.133000000000000000e+03 9.701800000000000423e-01 9.701800000000000423e-01 9.701800000000000423e-01
1.134000000000000000e+03 9.705300000000001148e-01 9.705300000000001148e-01 9.705300000000001148e-01
1.135000000000000000e+03 9.705200000000000493e-01 9.705200000000000493e-01 9.705200000000000493e-01
1.136000000000000000e+03 9.694099999999999939e-01 9.694099999999999939e-01 9.694099999999999939e-01
1.137000000000000000e+03 9.705500000000000238e-01 9.705500000000000238e-01 9.705500000000000238e-01
1.138000000000000000e+03 9.697200000000001374e-01 9.697200000000001374e-01 9.697200000000001374e-01
1.139000000000000000e+03 9.704500000000000348e-01 9.704500000000000348e-01 9.704500000000000348e-01
1.140000000000000000e+03 9.702399999999999913e-01 9.702399999999999913e-01 9.702399999999999913e-01
1.141000000000000000e+03 9.704600000000001003e-01 9.704600000000001003e-01 9.704600000000001003e-01
1.142000000000000000e+03 9.705400000000000693e-01 9.705400000000000693e-01 9.705400000000000693e-01
1.143000000000000000e+03 9.699200000000000044e-01 9.699200000000000044e-01 9.699200000000000044e-01
1.144000000000000000e+03 9.701600000000000223e-01 9.701600000000000223e-01 9.701600000000000223e-01
1.145000000000000000e+03 9.713300000000001377e-01 9.713300000000001377e-01 9.713300000000001377e-01
1.146000000000000000e+03 9.701199999999999823e-01 9.701199999999999823e-01 9.701199999999999823e-01
1.147000000000000000e+03 9.703300000000000258e-01 9.703300000000000258e-01 9.703300000000000258e-01
1.148000000000000000e+03 9.707100000000000728e-01 9.707100000000000728e-01 9.707100000000000728e-01
1.149000000000000000e+03 9.697299999999999809e-01 9.697299999999999809e-01 9.697299999999999809e-01
1.150000000000000000e+03 9.702500000000000568e-01 9.702500000000000568e-01 9.702500000000000568e-01
1.151000000000000000e+03 9.705199999999999383e-01 9.705199999999999383e-01 9.705199999999999383e-01
1.152000000000000000e+03 9.706799999999999873e-01 9.706799999999999873e-01 9.706799999999999873e-01
1.153000000000000000e+03 9.726699999999999235e-01 9.726699999999999235e-01 9.726699999999999235e-01
1.154000000000000000e+03 9.711699999999998667e-01 9.711699999999998667e-01 9.711699999999998667e-01
1.155000000000000000e+03 9.709600000000000453e-01 9.709600000000000453e-01 9.709600000000000453e-01
1.156000000000000000e+03 9.722300000000000386e-01 9.722300000000000386e-01 9.722300000000000386e-01
1.157000000000000000e+03 9.714300000000000157e-01 9.714300000000000157e-01 9.714300000000000157e-01
1.158000000000000000e+03 9.718000000000001082e-01 9.718000000000001082e-01 9.718000000000001082e-01
1.159000000000000000e+03 9.713299999999999157e-01 9.713299999999999157e-01 9.713299999999999157e-01
1.160000000000000000e+03 9.730500000000000815e-01 9.730500000000000815e-01 9.730500000000000815e-01
1.161000000000000000e+03 9.718499999999999917e-01 9.718499999999999917e-01 9.718499999999999917e-01
1.162000000000000000e+03 9.724099999999999966e-01 9.724099999999999966e-01 9.724099999999999966e-01
1.163000000000000000e+03 9.716500000000000137e-01 9.716500000000000137e-01 9.716500000000000137e-01
1.164000000000000000e+03 9.717500000000000027e-01 9.717500000000000027e-01 9.717500000000000027e-01
1.165000000000000000e+03 9.706999999999998963e-01 9.706999999999998963e-01 9.706999999999998963e-01
1.166000000000000000e+03 9.711699999999998667e-01 9.711699999999998667e-01 9.711699999999998667e-01
1.167000000000000000e+03 9.708999999999999853e-01 9.708999999999999853e-01 9.708999999999999853e-01
1.168000000000000000e+03 9.711399999999998922e-01 9.711399999999998922e-01 9.711399999999998922e-01
1.169000000000000000e+03 9.723699999999999566e-01 9.723699999999999566e-01 9.723699999999999566e-01
1.170000000000000000e+03 9.716500000000000137e-01 9.716500000000000137e-01 9.716500000000000137e-01
1.171000000000000000e+03 9.717199999999999172e-01 9.717199999999999172e-01 9.717199999999999172e-01
1.172000000000000000e+03 9.720099999999999296e-01 9.720099999999999296e-01 9.720099999999999296e-01
1.173000000000000000e+03 9.715200000000000502e-01 9.715200000000000502e-01 9.715200000000000502e-01
1.174000000000000000e+03 9.716500000000000137e-01 9.716500000000000137e-01 9.716500000000000137e-01
1.175000000000000000e+03 9.717500000000000027e-01 9.717500000000000027e-01 9.717500000000000027e-01
1.176000000000000000e+03 9.725199999999999401e-01 9.725199999999999401e-01 9.725199999999999401e-01
1.177000000000000000e+03 9.722799999999999221e-01 9.722799999999999221e-01 9.722799999999999221e-01
1.178000000000000000e+03 9.707899999999999308e-01 9.707899999999999308e-01 9.707899999999999308e-01
1.179000000000000000e+03 9.721800000000000441e-01 9.721800000000000441e-01 9.721800000000000441e-01
1.180000000000000000e+03 9.724199999999999511e-01 9.724199999999999511e-01 9.724199999999999511e-01
1.181000000000000000e+03 9.719999999999999751e-01 9.719999999999999751e-01 9.719999999999999751e-01
1.182000000000000000e+03 9.717000000000000082e-01 9.717000000000000082e-01 9.717000000000000082e-01
1.183000000000000000e+03 9.716799999999998771e-01 9.716799999999998771e-01 9.716799999999998771e-01
1.184000000000000000e+03 9.720300000000000606e-01 9.720300000000000606e-01 9.720300000000000606e-01
1.185000000000000000e+03 9.720199999999999951e-01 9.720199999999999951e-01 9.720199999999999951e-01
1.186000000000000000e+03 9.709099999999999397e-01 9.709099999999999397e-01 9.709099999999999397e-01
1.187000000000000000e+03 9.720499999999999696e-01 9.720499999999999696e-01 9.720499999999999696e-01
1.188000000000000000e+03 9.712199999999999722e-01 9.712199999999999722e-01 9.712199999999999722e-01
1.189000000000000000e+03 9.719499999999999806e-01 9.719499999999999806e-01 9.719499999999999806e-01
1.190000000000000000e+03 9.717399999999999372e-01 9.717399999999999372e-01 9.717399999999999372e-01
1.191000000000000000e+03 9.719599999999999351e-01 9.719599999999999351e-01 9.719599999999999351e-01
1.192000000000000000e+03 9.720399999999999041e-01 9.720399999999999041e-01 9.720399999999999041e-01
1.193000000000000000e+03 9.714199999999999502e-01 9.714199999999999502e-01 9.714199999999999502e-01
1.194000000000000000e+03 9.716599999999999682e-01 9.716599999999999682e-01 9.716599999999999682e-01
1.195000000000000000e+03 9.728299999999999725e-01 9.728299999999999725e-01 9.728299999999999725e-01
1.196000000000000000e+03 9.716199999999999282e-01 9.716199999999999282e-01 9.716199999999999282e-01
1.197000000000000000e+03 9.718299999999999716e-01 9.718299999999999716e-01 9.718299999999999716e-01
1.198000000000000000e+03 9.722100000000000186e-01 9.722100000000000186e-01 9.722100000000000186e-01
1.199000000000000000e+03 9.712299999999999267e-01 9.712299999999999267e-01 9.712299999999999267e-01
1.200000000000000000e+03 9.717500000000000027e-01 9.717500000000000027e-01 9.717500000000000027e-01
