3.460000000000000000e+02 1.079612362374179901e-01 3.459154056351629869e-01
3.490000000000000000e+02 1.182750546261193969e-01 3.851645014883968432e-02
3.520000000000000000e+02 1.285888028788075288e-01 4.443577035478820172e-03
3.550000000000000000e+02 1.389024985294860792e-01 6.641600917597293395e-03
3.580000000000000000e+02 1.492161591121581032e-01 1.127138740858947899e-02
3.610000000000000000e+02 1.595298021608269057e-01 4.969427321053909372e-03
3.640000000000000000e+02 1.698434452094957081e-01 6.296787401906134979e-03
3.670000000000000000e+02 1.801570882581645106e-01 1.590702143870660872e-03
3.700000000000000000e+02 1.904707313068332852e-01 7.664646373026100246e-03
3.730000000000000000e+02 2.007843743555020877e-01 2.073852493330214167e-02
3.760000000000000000e+02 2.110980174041709179e-01 2.382436006824505126e-02
3.790000000000000000e+02 2.214116604528396648e-01 6.605036184085936492e-03
3.820000000000000000e+02 2.317253035015084950e-01 1.320034884351226588e-02
3.850000000000000000e+02 2.417670753384636995e-01 1.682023775315224286e-03
3.880000000000000000e+02 2.507694544340730580e-01 2.063785912757524349e-02
3.910000000000000000e+02 2.599850873916847993e-01 2.395736515970280783e-02
3.940000000000000000e+02 2.688099648594265978e-01 1.611840237476499724e-02
3.970000000000000000e+02 2.774454687698493793e-01 3.432483114489358333e-02
4.000000000000000000e+02 2.844770965301884336e-01 3.322541651659096512e-02
4.030000000000000000e+02 2.874673126571490878e-01 1.208540957713735275e-03
4.060000000000000000e+02 2.875257849528044529e-01 7.357812901188678402e-03
4.090000000000000000e+02 2.867475100853819070e-01 1.406553007047479410e-02
4.120000000000000000e+02 2.872274847231087724e-01 3.308096758065930815e-02
4.150000000000000000e+02 2.910607055342123717e-01 2.083691391417461306e-02
4.180000000000000000e+02 2.984567645426291493e-01 1.265680366511470929e-02
4.210000000000000000e+02 3.045839501658650916e-01 1.043308246529687025e-02
4.240000000000000000e+02 3.106929074747418751e-01 2.307987696231933276e-03
4.270000000000000000e+02 3.137639532136901055e-01 1.686161327995486583e-02
4.300000000000000000e+02 3.141973097185810637e-01 2.739446281732902180e-04
4.330000000000000000e+02 3.137565503694788593e-01 3.408921215581702663e-02
4.360000000000000000e+02 3.142052485464473244e-01 2.968753436704722401e-02
4.390000000000000000e+02 3.173069776295504019e-01 1.930236314315512611e-02
4.420000000000000000e+02 3.235769369904609172e-01 7.769843303455266359e-03
4.450000000000000000e+02 3.291075420082349434e-01 3.893039462322381815e-03
4.480000000000000000e+02 3.321051150663592022e-01 4.075331076176718324e-03
4.510000000000000000e+02 3.348844008364229574e-01 7.044675424937691180e-03
4.540000000000000000e+02 3.379536960285354219e-01 6.398710216586945589e-03
4.570000000000000000e+02 3.414895710610010293e-01 5.278113965091619543e-03
4.600000000000000000e+02 3.446450025657040173e-01 3.051211572689768291e-03
4.630000000000000000e+02 3.479843545583752307e-01 9.029720421016757025e-04
4.660000000000000000e+02 3.502433482014036259e-01 8.722306935442129339e-04
4.690000000000000000e+02 3.526524073423756289e-01 1.728478400504237286e-03
4.720000000000000000e+02 3.549627910213484783e-01 3.238469712874714884e-03
4.750000000000000000e+02 3.570745250123070202e-01 2.627783516755544026e-03
4.780000000000000000e+02 3.585959772865230932e-01 8.923248616020808092e-04
4.810000000000000000e+02 3.591481915003696401e-01 1.172438621918403708e-02
4.840000000000000000e+02 3.590813602460112275e-01 7.245399461547278284e-03
4.870000000000000000e+02 3.589305699752011192e-01 1.261107903996484293e-02
4.900000000000000000e+02 3.592309071396930231e-01 1.214978182157816500e-02
4.930000000000000000e+02 3.605174581912400367e-01 9.897898025150179274e-03
4.960000000000000000e+02 3.628051484515130709e-01 3.958338533866614592e-03
4.990000000000000000e+02 3.647326155883321430e-01 1.562007066254208522e-03
5.020000000000000000e+02 3.668687227038124332e-01 3.523314599076595235e-03
5.050000000000000000e+02 3.690649518056710043e-01 1.362243927218059671e-03
5.080000000000000000e+02 3.711379893157989995e-01 1.292508884185644615e-04
5.110000000000000000e+02 3.733264052336582872e-01 3.455545158138988420e-03
5.140000000000000000e+02 3.753952749823054602e-01 1.367004114187401684e-02
5.170000000000000000e+02 3.774806775336320142e-01 3.309188975818301397e-03
5.200000000000000000e+02 3.791260006826432383e-01 7.051019507426568161e-03
5.230000000000000000e+02 3.809717060585081083e-01 1.990401386929250508e-03
5.260000000000000000e+02 3.829367002288304178e-01 2.822198110198336288e-03
5.290000000000000000e+02 3.847351832900067770e-01 3.164035203244428170e-03
5.320000000000000000e+02 3.865299971772285237e-01 2.434497753568874386e-04
5.350000000000000000e+02 3.885557441464230211e-01 1.874778425728919687e-03
5.380000000000000000e+02 3.908193602019285340e-01 6.232961428168582374e-04
5.410000000000000000e+02 3.933546704667171268e-01 1.651710459605872322e-04
5.440000000000000000e+02 3.955062039961595444e-01 1.242815562836744638e-04
5.470000000000000000e+02 3.972939715959090679e-01 4.659866362835140977e-04
5.500000000000000000e+02 3.994088520706184919e-01 2.785528064160658129e-04
5.530000000000000000e+02 4.012282885842397562e-01 1.837039414557065705e-03
5.560000000000000000e+02 4.029947048252031649e-01 3.479615763551196801e-03
5.590000000000000000e+02 4.048784583109847901e-01 9.898787669180091585e-04
5.620000000000000000e+02 4.067064213292456709e-01 3.763843319389937898e-03
5.650000000000000000e+02 4.085983199369739860e-01 3.530137130962875884e-04
5.680000000000000000e+02 4.104142089002277283e-01 1.848980335305714035e-03
5.710000000000000000e+02 4.119716261233400401e-01 3.582423610950083871e-03
5.740000000000000000e+02 4.135427377007432348e-01 2.800904690158963293e-03
5.770000000000000000e+02 4.151551455513200484e-01 1.010848918657901224e-03
5.800000000000000000e+02 4.167864631177906620e-01 3.355632691971512636e-04
5.830000000000000000e+02 4.183717746384258973e-01 4.875041676498063502e-04
5.860000000000000000e+02 4.196440435660044876e-01 1.857111414888635648e-03
5.890000000000000000e+02 4.208555908191071726e-01 2.402623486552399931e-03
5.920000000000000000e+02 4.222671941683057151e-01 2.869746019512851246e-03
5.950000000000000000e+02 4.235291695285750002e-01 2.220149329667524870e-03
5.980000000000000000e+02 4.246517381112928091e-01 1.371256462499441907e-03
6.010000000000000000e+02 4.258126043732931576e-01 1.194364265525078980e-03
6.040000000000000000e+02 4.269140996942632493e-01 1.071232758692975502e-03
6.070000000000000000e+02 4.281286512033382063e-01 9.185455860372883537e-04
6.100000000000000000e+02 4.294364134011763867e-01 3.163913737961585905e-03
6.130000000000000000e+02 4.304866871079171542e-01 7.538207529953780623e-04
6.160000000000000000e+02 4.314671712149351634e-01 1.929006636459755812e-03
6.190000000000000000e+02 4.324752186586505731e-01 9.951324567148884821e-04
6.220000000000000000e+02 4.337940249497328482e-01 3.225375030996161852e-04
6.250000000000000000e+02 4.350982099524849933e-01 2.644325503292651691e-04
6.280000000000000000e+02 4.363486077651352879e-01 2.497664254378517950e-03
6.310000000000000000e+02 4.375939884106033184e-01 1.779047334383741308e-04
6.340000000000000000e+02 4.388221068166438532e-01 2.987130817064107512e-03
6.370000000000000000e+02 4.400023679309706948e-01 1.694164855482685516e-03
6.400000000000000000e+02 4.410814189108147043e-01 2.637279164542900758e-03
6.430000000000000000e+02 4.417243417676805506e-01 4.503521844192626849e-04
6.460000000000000000e+02 4.416696970149894264e-01 3.838359683213050325e-03
6.490000000000000000e+02 4.415834850894098107e-01 1.737486238652894213e-03
6.520000000000000000e+02 4.416008586546261161e-01 1.365591507844516987e-02
6.550000000000000000e+02 4.416509782269767981e-01 1.310217866937523484e-02
6.580000000000000000e+02 4.416630043228002567e-01 2.340404869294916701e-02
6.610000000000000000e+02 4.415660974584348919e-01 6.074267028864699207e-03
6.640000000000000000e+02 4.413632590136725153e-01 9.254334040865815417e-03
6.670000000000000000e+02 4.412007412847698262e-01 1.079960132035697948e-02
6.700000000000000000e+02 4.407308174076407514e-01 1.079669900961127867e-02
6.730000000000000000e+02 4.397933607451418592e-01 1.056864134259074411e-02
6.760000000000000000e+02 4.388022817165145861e-01 1.344185224020184866e-02
6.790000000000000000e+02 4.378722966669043037e-01 8.323186395048653291e-03
6.820000000000000000e+02 4.375913891307793846e-01 2.181692365075093426e-02
6.850000000000000000e+02 4.377661278969711134e-01 2.899231994823200584e-02
6.880000000000000000e+02 4.379514625350635626e-01 2.851413973471142796e-03
6.910000000000000000e+02 4.377023426146406937e-01 1.475540174008086944e-02
6.940000000000000000e+02 4.365737177052866347e-01 6.128809361299335755e-03
6.970000000000000000e+02 4.344748990631998598e-01 3.751277786193833036e-03
7.000000000000000000e+02 4.323601542129247854e-01 8.063104039904093459e-04
7.030000000000000000e+02 4.301221896191128602e-01 2.411203415011646794e-03
7.060000000000000000e+02 4.276073430398854014e-01 2.905840955635687149e-03
7.090000000000000000e+02 4.248704706621971861e-01 2.363003071578035025e-04
7.120000000000000000e+02 4.220379490303831638e-01 2.285611767750687408e-04
7.150000000000000000e+02 4.191870210665683549e-01 5.974705505134339165e-03
7.180000000000000000e+02 4.164321781203583206e-01 4.137830721785363576e-03
7.210000000000000000e+02 4.139612412619891879e-01 7.439736484083332192e-03
7.240000000000000000e+02 4.116218606356189524e-01 2.428180946857905285e-03
7.270000000000000000e+02 4.083438277198363497e-01 2.151123484268780035e-03
7.300000000000000000e+02 4.023291513916991136e-01 5.312584169536606511e-03
7.330000000000000000e+02 3.973325468493721369e-01 6.372866379913900287e-03
7.360000000000000000e+02 3.926667695392026536e-01 9.117391883526412485e-03
7.390000000000000000e+02 3.879860713384430948e-01 1.676541173483800731e-02
7.420000000000000000e+02 3.831325452197397174e-01 1.950538655456106676e-02
7.450000000000000000e+02 3.783743057957729139e-01 1.677770564937118222e-02
7.480000000000000000e+02 3.741837457954459434e-01 2.527608771134935706e-02
7.510000000000000000e+02 3.697962404485680143e-01 8.888171503772763354e-03
7.540000000000000000e+02 3.674644393530291930e-01 2.775817234631369756e-02
7.570000000000000000e+02 3.670766291326952313e-01 6.720591156898422791e-02
7.600000000000000000e+02 3.676467974065018018e-01 1.397314927733263878e-01
7.630000000000000000e+02 3.681889317933841888e-01 3.614404362653415165e-02
7.660000000000000000e+02 3.677170199122778982e-01 8.708483354076172744e-02
7.690000000000000000e+02 3.652450493821186583e-01 5.044757712348468121e-02
7.720000000000000000e+02 3.605160932335992885e-01 2.234568608132072101e-02
7.750000000000000000e+02 3.555042945741200833e-01 1.389972251145016498e-02
7.780000000000000000e+02 3.502615591185622157e-01 1.113641174021444066e-02
7.810000000000000000e+02 3.445772083340497005e-01 5.202909592797831141e-03
7.840000000000000000e+02 3.386911367412489549e-01 3.590043540777957906e-04
7.870000000000000000e+02 3.330621323888454111e-01 6.226080043574194756e-03
7.900000000000000000e+02 3.273082384268263811e-01 1.133380652542138878e-02
7.930000000000000000e+02 3.220838032732415424e-01 1.471831221328408386e-02
7.960000000000000000e+02 3.192502086340529566e-01 9.111814888971321233e-03
7.990000000000000000e+02 3.150748161764885258e-01 2.220279627258985988e-03
8.020000000000000000e+02 3.103742921025774426e-01 5.844038248290235995e-04
8.050000000000000000e+02 3.057965718343933492e-01 3.668019901095111949e-03
8.080000000000000000e+02 3.011755757477873607e-01 6.104957118495193090e-03
8.110000000000000000e+02 2.965839671280331991e-01 2.892747298566752251e-03
8.140000000000000000e+02 2.918194495818239864e-01 3.429093495836629379e-03
8.170000000000000000e+02 2.869110193322075286e-01 5.340634186111814031e-04
8.200000000000000000e+02 2.819088149347534489e-01 7.394851193431758703e-04
8.230000000000000000e+02 2.768868997727436110e-01 4.462598247807577322e-03
8.260000000000000000e+02 2.722997462357368281e-01 9.240052121352369460e-03
8.290000000000000000e+02 2.684258108316653901e-01 5.461318024538692854e-03
8.320000000000000000e+02 2.646066832474497921e-01 3.206695975362359313e-03
8.350000000000000000e+02 2.605876008733990501e-01 3.240707279182539181e-04
8.380000000000000000e+02 2.567375626400713040e-01 4.300861203154093706e-04
8.410000000000000000e+02 2.530919738689605403e-01 1.725728912048653339e-03
8.440000000000000000e+02 2.495568148371801465e-01 2.981138927854581726e-03
8.470000000000000000e+02 2.458270866080936035e-01 7.791864622589044463e-03
8.500000000000000000e+02 2.423637934113654080e-01 5.248694398247703841e-03
8.530000000000000000e+02 2.392517054028539536e-01 6.900586634685654079e-03
8.560000000000000000e+02 2.360252140626762918e-01 3.195764243779822527e-03
8.590000000000000000e+02 2.327495932299231407e-01 5.960742592959985577e-03
8.620000000000000000e+02 2.293848470329924449e-01 4.548557912335770247e-04
8.650000000000000000e+02 2.258445621489099664e-01 9.082164643139340604e-03
8.680000000000000000e+02 2.222992257649111791e-01 6.886917362323618369e-03
8.710000000000000000e+02 2.192445733008962228e-01 1.776170494735364097e-03
8.740000000000000000e+02 2.164797354506823590e-01 2.299734521754266420e-03
8.770000000000000000e+02 2.130878640835196514e-01 3.727641800297587711e-04
8.800000000000000000e+02 2.090775465995179938e-01 9.224695487817469132e-04
8.830000000000000000e+02 2.052055784780960068e-01 2.063282024305385445e-03
8.860000000000000000e+02 2.019220403479289327e-01 1.827185887047391537e-03
8.890000000000000000e+02 1.982326077676898057e-01 2.766190542634403091e-03
8.920000000000000000e+02 1.937829513939834380e-01 3.081322807103800947e-03
8.950000000000000000e+02 1.892641613292203595e-01 8.854589502574722673e-03
8.980000000000000000e+02 1.848033010285124733e-01 1.204187367122898714e-02
9.010000000000000000e+02 1.800848146235178859e-01 1.299954591047797810e-03
9.040000000000000000e+02 1.762113970911695082e-01 4.144430974982399123e-04
9.070000000000000000e+02 1.735790841607860735e-01 1.596367359665118229e-03
9.100000000000000000e+02 1.705443073180134272e-01 3.079747374374615376e-03
9.130000000000000000e+02 1.662974651284757632e-01 2.221414360743708945e-04
9.160000000000000000e+02 1.616068820671197337e-01 7.053528957752795356e-03
9.190000000000000000e+02 1.571397927251922400e-01 9.607053917140576105e-03
9.220000000000000000e+02 1.521886615366029871e-01 1.418039616622371844e-02
9.250000000000000000e+02 1.470380632256188536e-01 1.752910205092420362e-02
9.280000000000000000e+02 1.424620522732870098e-01 6.441408234548759784e-03
9.310000000000000000e+02 1.379721226726979555e-01 3.817710959297684198e-02
9.340000000000000000e+02 1.334918203076451704e-01 3.051202566968383087e-02
9.370000000000000000e+02 1.288301643322415646e-01 3.091092945712493704e-03
9.400000000000000000e+02 1.241338116544892650e-01 1.073962005108376229e-02
9.430000000000000000e+02 1.198717274578197239e-01 5.949379965565668518e-03
9.460000000000000000e+02 1.159742392887277429e-01 6.536210988760722367e-03
9.490000000000000000e+02 1.124764739299798921e-01 9.504920012770272722e-03
9.520000000000000000e+02 1.091967752981221618e-01 8.481123675879042104e-03
9.550000000000000000e+02 1.048585663413825753e-01 7.403959257078763546e-03
9.580000000000000000e+02 9.924997853988828944e-02 4.185728208132948915e-03
9.610000000000000000e+02 9.410497780802870582e-02 9.167297201765898292e-04
9.640000000000000000e+02 9.011700308593628694e-02 5.068667650974419125e-03
9.670000000000000000e+02 8.683550059653057096e-02 3.779660102623514945e-03
9.700000000000000000e+02 8.344361691645267587e-02 9.293004763754265018e-04
9.730000000000000000e+02 8.009373634393297803e-02 3.690233436781422023e-03
9.760000000000000000e+02 7.693188716661548965e-02 2.772739093448794469e-03
9.790000000000000000e+02 7.374720721330257911e-02 7.008221831669742431e-04
9.820000000000000000e+02 7.057483792371056774e-02 1.357484328653100775e-03
9.850000000000000000e+02 6.738747467731763530e-02 3.411768442151082484e-04
9.880000000000000000e+02 6.418603522212185108e-02 1.382107037512579238e-03
9.910000000000000000e+02 6.122091024666661413e-02 6.759386832653345618e-04
9.940000000000000000e+02 5.823355373638207377e-02 3.586571934837666249e-04
9.970000000000000000e+02 5.510961640274728013e-02 1.005444138869033763e-03
1.000000000000000000e+03 5.192600702824365366e-02 1.916621563250310947e-04
1.003000000000000000e+03 4.889011545620611243e-02 2.880137260275275894e-04
1.006000000000000000e+03 4.610410553571409054e-02 5.978393737685235845e-04
1.009000000000000000e+03 4.340897651705928617e-02 1.846616432504895322e-03
1.012000000000000000e+03 4.075270019703918639e-02 2.421310897017295381e-03
1.015000000000000000e+03 3.825311396137029418e-02 3.009242186935837116e-03
1.018000000000000000e+03 3.580266160927928626e-02 3.429261447908183488e-03
1.021000000000000000e+03 3.346394020421561422e-02 3.511062048658233382e-03
1.024000000000000000e+03 3.127650499202998258e-02 3.817810231628763953e-03
1.027000000000000000e+03 2.923456297268154508e-02 2.769674276957588988e-03
1.030000000000000000e+03 2.733952382743116971e-02 2.037999772554324740e-03
1.033000000000000000e+03 2.559109831654482123e-02 2.532299622668040835e-03
1.036000000000000000e+03 2.403386512090710178e-02 2.252390732142803362e-03
1.039000000000000000e+03 2.267526642206143389e-02 2.766439544038330322e-03
1.042000000000000000e+03 2.143593130964249402e-02 3.310097681074062291e-03
1.045000000000000000e+03 2.032852570304523321e-02 2.948224116794579373e-03
1.048000000000000000e+03 1.941081826028619173e-02 3.101669122255807081e-03
1.051000000000000000e+03 1.854773265394558251e-02 1.782162091110733437e-03
1.054000000000000000e+03 1.774497609902078721e-02 1.281552552084946374e-03
1.057000000000000000e+03 1.710590173772097780e-02 1.611781375140463029e-03
1.060000000000000000e+03 1.655835050254968882e-02 1.316708984379652862e-03
1.063000000000000000e+03 1.595838699377610456e-02 1.603930476935672698e-04
1.066000000000000000e+03 1.557480996068297784e-02 7.472964140949053336e-04
1.069000000000000000e+03 1.591005461039324623e-02 1.924145383953557468e-03
1.072000000000000000e+03 1.585057651269594983e-02 6.826641782816491363e-04
1.075000000000000000e+03 1.579109841499864997e-02 2.670473231224981467e-03
1.078000000000000000e+03 1.573162031730135357e-02 2.973921188932890630e-03
1.081000000000000000e+03 1.567214221960405718e-02 9.144570441845412557e-04
1.084000000000000000e+03 1.561266412190676078e-02 1.589152998335045634e-03
1.087000000000000000e+03 1.555318602420946612e-02 4.681348385086073378e-03
1.090000000000000000e+03 1.549370792651216973e-02 1.839296013025455310e-03
1.093000000000000000e+03 1.543422982881487333e-02 1.324238810633207412e-02
