3.460000000000000000e+02 2.582149468097000300e-01 3.863769179641257136e-03
3.490000000000000000e+02 9.572668625770162920e-02 1.120694976539625756e-02
3.520000000000000000e+02 1.079623393774780810e-01 3.743848038972322472e-03
3.550000000000000000e+02 1.201979924972545466e-01 8.123489364067921006e-03
3.580000000000000000e+02 1.324336456170309984e-01 9.885255425541587121e-03
3.610000000000000000e+02 1.446692987368074501e-01 5.462599209882154465e-03
3.640000000000000000e+02 1.569049518565839019e-01 1.540069113183767293e-03
3.670000000000000000e+02 1.691406049763603536e-01 2.274812478610504281e-03
3.700000000000000000e+02 1.813762580961368331e-01 5.321241249154290941e-03
3.730000000000000000e+02 1.936119112159132294e-01 1.330787577500297698e-02
3.760000000000000000e+02 2.058471089901602602e-01 1.762993392964644357e-02
3.790000000000000000e+02 2.169753259639487508e-01 1.442629225870642896e-03
3.820000000000000000e+02 2.272933082184022957e-01 1.502256070931518722e-02
3.850000000000000000e+02 2.378171842386566925e-01 1.619023214210320305e-02
3.880000000000000000e+02 2.481385176459562081e-01 2.911001112248231409e-03
3.910000000000000000e+02 2.569802632105244178e-01 7.828997180162545338e-03
3.940000000000000000e+02 2.654041059697272442e-01 3.158413970953082798e-03
3.970000000000000000e+02 2.737145357188001116e-01 3.246004646758855749e-02
4.000000000000000000e+02 2.801762287392898787e-01 3.455440259836541766e-02
4.030000000000000000e+02 2.851582056935903497e-01 8.392788831182588019e-03
4.060000000000000000e+02 2.912982627688787129e-01 3.803546898877887585e-03
4.090000000000000000e+02 2.971961413625582304e-01 4.265318776065713142e-03
4.120000000000000000e+02 3.024078024833853906e-01 1.227107551166968340e-02
4.150000000000000000e+02 3.078611939588317692e-01 8.809856912568980042e-04
4.180000000000000000e+02 3.129462556929770156e-01 2.866761263866057698e-03
4.210000000000000000e+02 3.174161324084835423e-01 1.810866231284453888e-04
4.240000000000000000e+02 3.195358432454784570e-01 2.774785254490502989e-03
4.270000000000000000e+02 3.210871115044250379e-01 1.291914078567917706e-02
4.300000000000000000e+02 3.240217040146464167e-01 4.089909106509186966e-03
4.330000000000000000e+02 3.274516806626194820e-01 1.512723482521304702e-02
4.360000000000000000e+02 3.301389280539981930e-01 1.246624791973403867e-02
4.390000000000000000e+02 3.321429559353890060e-01 5.801041784849260939e-03
4.420000000000000000e+02 3.345550640722340097e-01 1.056993250679850354e-03
4.450000000000000000e+02 3.369752658484708174e-01 1.278440864979404120e-03
4.480000000000000000e+02 3.390463570153388617e-01 3.165424983869977258e-03
4.510000000000000000e+02 3.413137690236762722e-01 2.555155890739910793e-04
4.540000000000000000e+02 3.442509006059915611e-01 8.240828268006479811e-04
4.570000000000000000e+02 3.460802707052210159e-01 3.137463999138131120e-04
4.600000000000000000e+02 3.467611504260261213e-01 4.064796420188467865e-04
4.630000000000000000e+02 3.482514099402166941e-01 5.131114682646344387e-04
4.660000000000000000e+02 3.500142891903326725e-01 3.183366303423098252e-04
4.690000000000000000e+02 3.518973526809698327e-01 6.849116436949823691e-04
4.720000000000000000e+02 3.535046491149585468e-01 9.668187510332202457e-04
4.750000000000000000e+02 3.549008671953621796e-01 4.310002224648328104e-04
4.780000000000000000e+02 3.565759601324497430e-01 1.530409782097409124e-03
4.810000000000000000e+02 3.581856774075763972e-01 7.153092028350907343e-03
4.840000000000000000e+02 3.597703165952814142e-01 5.619322297541342638e-03
4.870000000000000000e+02 3.612312045664224369e-01 6.709143372165478868e-03
4.900000000000000000e+02 3.622665407776933799e-01 5.646245879606995137e-03
4.930000000000000000e+02 3.637737308519604085e-01 3.841328611559942634e-03
4.960000000000000000e+02 3.657039985259250559e-01 1.872119602727117507e-04
4.990000000000000000e+02 3.672540278020321458e-01 1.316328118495806556e-03
5.020000000000000000e+02 3.689293408314718303e-01 6.623664178593316161e-04
5.050000000000000000e+02 3.705431186303278501e-01 2.915005012812005606e-04
5.080000000000000000e+02 3.725498436665450885e-01 2.397798435180919596e-04
5.110000000000000000e+02 3.745436605508348782e-01 2.569697958595974861e-03
5.140000000000000000e+02 3.757236814387154844e-01 9.377611929028714308e-03
5.170000000000000000e+02 3.770724137816358068e-01 1.724659942418247738e-03
5.200000000000000000e+02 3.785247847900036766e-01 5.518780380654940768e-03
5.230000000000000000e+02 3.802002848205473517e-01 1.308183318257876739e-03
5.260000000000000000e+02 3.819289551282382122e-01 1.868407482279518068e-03
5.290000000000000000e+02 3.834970080631067146e-01 2.042141314068991655e-03
5.320000000000000000e+02 3.850447719394385349e-01 1.688206215434461053e-04
5.350000000000000000e+02 3.868206844589719973e-01 1.234660019607627425e-03
5.380000000000000000e+02 3.888583012338643896e-01 8.705961861616910540e-04
5.410000000000000000e+02 3.912158222530976448e-01 4.010284238060949236e-04
5.440000000000000000e+02 3.932289014602754484e-01 9.341754461324998458e-04
5.470000000000000000e+02 3.948980834989817557e-01 8.564615763079875361e-04
5.500000000000000000e+02 3.969272274950305102e-01 1.602119529064866725e-03
5.530000000000000000e+02 3.987545575374093487e-01 2.522634463240662137e-03
5.560000000000000000e+02 4.004695904355211056e-01 3.356583961438304193e-03
5.590000000000000000e+02 4.023579130350612432e-01 5.919990813392495260e-04
5.620000000000000000e+02 4.041732414328867984e-01 2.447696478725286048e-03
5.650000000000000000e+02 4.061419901503021124e-01 3.142556271198430808e-04
5.680000000000000000e+02 4.080109615238221576e-01 1.569511386354457104e-03
5.710000000000000000e+02 4.096464651777437793e-01 2.774832518014014142e-03
5.740000000000000000e+02 4.112521489439677214e-01 2.147724834129618402e-03
5.770000000000000000e+02 4.129719798111142759e-01 1.892402476899258858e-03
5.800000000000000000e+02 4.146911257194607625e-01 1.472021271769633009e-04
5.830000000000000000e+02 4.163094441069030704e-01 9.531335857131116888e-04
5.860000000000000000e+02 4.175331581473706866e-01 1.382892693314143875e-03
5.890000000000000000e+02 4.186833048100576105e-01 2.787584232747681440e-03
5.920000000000000000e+02 4.199939783245184022e-01 2.621835510859217653e-03
5.950000000000000000e+02 4.211251934078625858e-01 1.027547762292672744e-03
5.980000000000000000e+02 4.221015576067009833e-01 7.673562761756512127e-04
6.010000000000000000e+02 4.231179238616117333e-01 1.459778078907887503e-03
6.040000000000000000e+02 4.240098718360731378e-01 1.458561132531516723e-03
6.070000000000000000e+02 4.250825394757026809e-01 4.762999937451623455e-04
6.100000000000000000e+02 4.261731794332023204e-01 2.438554665175796717e-03
6.130000000000000000e+02 4.270239910100152025e-01 8.650936665411721295e-04
6.160000000000000000e+02 4.277290685955274507e-01 9.887253020433427880e-04
6.190000000000000000e+02 4.284874180481680894e-01 3.479385806659219768e-04
6.220000000000000000e+02 4.295820107894532391e-01 5.819347784682583772e-04
6.250000000000000000e+02 4.303708945705585487e-01 3.353840351051658847e-04
6.280000000000000000e+02 4.304662940323037978e-01 4.730528490077663358e-04
6.310000000000000000e+02 4.316230221277214119e-01 1.312675096458689687e-03
6.340000000000000000e+02 4.332975916775868575e-01 2.498193403344704539e-03
6.370000000000000000e+02 4.342433107714265828e-01 8.810825583447167526e-04
6.400000000000000000e+02 4.351449496395641270e-01 1.698380278979215799e-03
6.430000000000000000e+02 4.359741330337206788e-01 5.038541732012122472e-04
6.460000000000000000e+02 4.367543333544747775e-01 1.965492045652774203e-03
6.490000000000000000e+02 4.375223074065523465e-01 2.765267736464208266e-03
6.520000000000000000e+02 4.382913379485545158e-01 1.210143889456689881e-02
6.550000000000000000e+02 4.388683447356468981e-01 6.258106461605419946e-03
6.580000000000000000e+02 4.398550740854032526e-01 1.324029542153700757e-02
6.610000000000000000e+02 4.409961756219355489e-01 1.191842529098325514e-03
6.640000000000000000e+02 4.409559185941369641e-01 5.655842467987251716e-04
6.670000000000000000e+02 4.404140812560133345e-01 2.393893098754063323e-03
6.700000000000000000e+02 4.400792257288391740e-01 1.999777936530151064e-03
6.730000000000000000e+02 4.395221885403540196e-01 2.554883642268214287e-03
6.760000000000000000e+02 4.392337521111919219e-01 4.515857150180320294e-03
6.790000000000000000e+02 4.394812633750979636e-01 3.805148488276809235e-04
6.820000000000000000e+02 4.385268257389695057e-01 1.117391850658008140e-02
6.850000000000000000e+02 4.368830487283515973e-01 1.830732589804757657e-02
6.880000000000000000e+02 4.358114857318656776e-01 3.130674910142335152e-03
6.910000000000000000e+02 4.347318137320806963e-01 1.049169807357942623e-02
6.940000000000000000e+02 4.333479693937992150e-01 3.544395457507011540e-03
6.970000000000000000e+02 4.313938154830483929e-01 2.158204430929071011e-03
7.000000000000000000e+02 4.295735548109848589e-01 3.380503550866564258e-04
7.030000000000000000e+02 4.276396249882480349e-01 2.763942845937898424e-03
7.060000000000000000e+02 4.257599608912616129e-01 3.144745995867984437e-03
7.090000000000000000e+02 4.230975708217462050e-01 2.058428947963105750e-03
7.120000000000000000e+02 4.199354988759481655e-01 1.676999122390178268e-03
7.150000000000000000e+02 4.181389388353783931e-01 5.006992199021515454e-03
7.180000000000000000e+02 4.166940366065797208e-01 2.589949344665322568e-03
7.210000000000000000e+02 4.145276791770202696e-01 5.682070194894202342e-03
7.240000000000000000e+02 4.125212135480793574e-01 1.404287903429852786e-03
7.270000000000000000e+02 4.095773142215850537e-01 1.301544151035332426e-03
7.300000000000000000e+02 4.049311905337585338e-01 2.947982437149896610e-03
7.330000000000000000e+02 4.043165488972160770e-01 2.110302605586785460e-04
7.360000000000000000e+02 4.070587790365240433e-01 5.626766441863626476e-03
7.390000000000000000e+02 4.026713371376435813e-01 5.478047573528135351e-04
7.420000000000000000e+02 3.962367703758447601e-01 3.447133526170095136e-03
7.450000000000000000e+02 3.911563823255682637e-01 1.836145243462507497e-03
7.480000000000000000e+02 3.876157925156797357e-01 7.521976175771105666e-03
7.510000000000000000e+02 3.839900220540996556e-01 4.183064654728477390e-03
7.540000000000000000e+02 3.801749679079877708e-01 2.876116834091615310e-02
7.570000000000000000e+02 3.764609747220712954e-01 4.198991892490083755e-02
7.600000000000000000e+02 3.727870767780372407e-01 9.898125244905642273e-02
7.630000000000000000e+02 3.692039166921071702e-01 2.219207559262667898e-02
7.660000000000000000e+02 3.654847914882947135e-01 5.172976556195733183e-02
7.690000000000000000e+02 3.617221878379247024e-01 2.881248451913399553e-02
7.720000000000000000e+02 3.579367867420598648e-01 9.280394398813713794e-03
7.750000000000000000e+02 3.534577950140870839e-01 3.973001658498257101e-03
7.780000000000000000e+02 3.495071368045395421e-01 3.497916150446366956e-03
7.810000000000000000e+02 3.468787873110434905e-01 2.149190750917085498e-03
7.840000000000000000e+02 3.398553309171592485e-01 2.133881287877687199e-03
7.870000000000000000e+02 3.295788214039982456e-01 1.094342582310982651e-02
7.900000000000000000e+02 3.265453334370110872e-01 1.237727425122681947e-02
7.930000000000000000e+02 3.251058947105275321e-01 1.061091208534759890e-02
7.960000000000000000e+02 3.221787408035854394e-01 6.455133722748023807e-03
7.990000000000000000e+02 3.178994306850589924e-01 1.111185682012287134e-03
8.020000000000000000e+02 3.131215307692156169e-01 5.169786812262883472e-04
8.050000000000000000e+02 3.084938831243428381e-01 1.775053788213898625e-03
8.080000000000000000e+02 3.037813074653989975e-01 4.734440760069396660e-03
8.110000000000000000e+02 2.990755034128441125e-01 2.018696321636809145e-03
8.140000000000000000e+02 2.942031813127387596e-01 1.258470288418858489e-03
8.170000000000000000e+02 2.891490503154456326e-01 2.432768576475541919e-04
8.200000000000000000e+02 2.840151648196762024e-01 8.871358065139499675e-04
8.230000000000000000e+02 2.788520893244610388e-01 2.948637671222511646e-03
8.260000000000000000e+02 2.741873630708161480e-01 5.926007672442772101e-03
8.290000000000000000e+02 2.702486744975998167e-01 2.912208771246785951e-03
8.320000000000000000e+02 2.662757244439765136e-01 1.664730114605413383e-03
8.350000000000000000e+02 2.621845663241998414e-01 2.917443124715571236e-04
8.380000000000000000e+02 2.582269933247510751e-01 5.701372117468971089e-04
8.410000000000000000e+02 2.545034781799350720e-01 1.512900703146037237e-03
8.440000000000000000e+02 2.508459896063540695e-01 2.414032611767073181e-03
8.470000000000000000e+02 2.470130821479966654e-01 6.156839199392634236e-03
8.500000000000000000e+02 2.434558037829024080e-01 3.770122205780703558e-03
8.530000000000000000e+02 2.401499616739638521e-01 5.544437862139807612e-03
8.560000000000000000e+02 2.366843230455829838e-01 2.514122333315047583e-03
8.590000000000000000e+02 2.332280217361320518e-01 3.730703827931879015e-03
8.620000000000000000e+02 2.296958725701049864e-01 2.208613727205628130e-04
8.650000000000000000e+02 2.259913983594474263e-01 6.155616604330493673e-03
8.680000000000000000e+02 2.222362012764056427e-01 4.875282931553419352e-03
8.710000000000000000e+02 2.189210095954632895e-01 9.539467264195203517e-04
8.740000000000000000e+02 2.158407560822480364e-01 4.481204756728695139e-04
8.770000000000000000e+02 2.120648696788827170e-01 1.904657581916813268e-04
8.800000000000000000e+02 2.076461138451640154e-01 8.040738716990575383e-04
8.830000000000000000e+02 2.034007531575093841e-01 2.472587090415404813e-03
8.860000000000000000e+02 1.997221327262053703e-01 2.223720519510193755e-03
8.890000000000000000e+02 1.956838003491969125e-01 9.860291466112930132e-04
8.920000000000000000e+02 1.909660520561931307e-01 1.811650601895099452e-03
8.950000000000000000e+02 1.861744122677021496e-01 5.909540521140063847e-03
8.980000000000000000e+02 1.814549192566126956e-01 7.042719595947945742e-03
9.010000000000000000e+02 1.765131427619642535e-01 1.029624894998924615e-03
9.040000000000000000e+02 1.724029968397037538e-01 1.840878406078595665e-03
9.070000000000000000e+02 1.695141788596608579e-01 2.499846606441348540e-03
9.100000000000000000e+02 1.662899564602209890e-01 7.077364486141957470e-04
9.130000000000000000e+02 1.618172377392576855e-01 7.071492097131911641e-04
9.160000000000000000e+02 1.570303984884452442e-01 5.091335846214032658e-03
9.190000000000000000e+02 1.525407240283017107e-01 6.893113181636103919e-03
9.220000000000000000e+02 1.476567638338820709e-01 9.900278046641433974e-03
9.250000000000000000e+02 1.426494975561818090e-01 1.122504572487654888e-02
9.280000000000000000e+02 1.382513030189016778e-01 3.947987314541270658e-03
9.310000000000000000e+02 1.340063245526984248e-01 2.531237313035512859e-02
9.340000000000000000e+02 1.297048645446097215e-01 2.135052944791091326e-02
9.370000000000000000e+02 1.252039017397758025e-01 7.274530133483803193e-04
9.400000000000000000e+02 1.207961334364250766e-01 7.459766018972994669e-03
9.430000000000000000e+02 1.166916044511718820e-01 3.857840528026947220e-03
9.460000000000000000e+02 1.129519096225975183e-01 3.903397181415321424e-03
9.490000000000000000e+02 1.095804231478447466e-01 6.212061965459050004e-03
9.520000000000000000e+02 1.063496916874281106e-01 5.620845078286683741e-03
9.550000000000000000e+02 1.021929079339494867e-01 3.790335399940952463e-03
9.580000000000000000e+02 9.682178162924041931e-02 2.930953116785504908e-03
9.610000000000000000e+02 9.178626265550271501e-02 1.348469435911783375e-03
9.640000000000000000e+02 8.800531320373733424e-02 1.808131439766411152e-03
9.670000000000000000e+02 8.479225443443078047e-02 2.632226516536142948e-03
9.700000000000000000e+02 8.142214227683265693e-02 6.745615003424280335e-04
9.730000000000000000e+02 7.810229010205881062e-02 2.346266872392872849e-03
9.760000000000000000e+02 7.496782015947520139e-02 1.544336953495647558e-03
9.790000000000000000e+02 7.181699645825731504e-02 3.329325630915058536e-04
9.820000000000000000e+02 6.862846285424659132e-02 6.381280025503331677e-04
9.850000000000000000e+02 6.549451805963742157e-02 1.625028979168779465e-04
9.880000000000000000e+02 6.241510314023886175e-02 8.046271495117258412e-04
9.910000000000000000e+02 5.941643341547907242e-02 7.156894115479515723e-04
9.940000000000000000e+02 5.645629871669909788e-02 9.236237924395245252e-04
9.970000000000000000e+02 5.338201616251520010e-02 7.801452291431367489e-04
1.000000000000000000e+03 5.026635400932640690e-02 2.363160429512683612e-04
1.003000000000000000e+03 4.730748941741906577e-02 2.073782667797641384e-04
1.006000000000000000e+03 4.455856203568378526e-02 3.858534657148282132e-04
1.009000000000000000e+03 4.191224958899730790e-02 1.302157637870401865e-03
1.012000000000000000e+03 3.933878330659862366e-02 1.248548582169747888e-03
1.015000000000000000e+03 3.688215555310852406e-02 1.661245738713246168e-03
1.018000000000000000e+03 3.451459578110891574e-02 2.676404729211027348e-03
1.021000000000000000e+03 3.227741005048215955e-02 2.469538505469315998e-03
1.024000000000000000e+03 3.016990949358772447e-02 2.697547839350490379e-03
1.027000000000000000e+03 2.821597300685965010e-02 2.018289959658262078e-03
1.030000000000000000e+03 2.639338200037327081e-02 1.604038810496368492e-03
1.033000000000000000e+03 2.470453183514886505e-02 1.690002329086727831e-03
1.036000000000000000e+03 2.320372516095638854e-02 1.509635717821375964e-03
1.039000000000000000e+03 2.187073050232776761e-02 2.013861491580412263e-03
1.042000000000000000e+03 2.065769615472445170e-02 2.194359737461488470e-03
1.045000000000000000e+03 1.962301834445088697e-02 2.114321884377743082e-03
1.048000000000000000e+03 1.874994452751217039e-02 1.967244574357842040e-03
1.051000000000000000e+03 1.794417159669787348e-02 1.086780764804838682e-03
1.054000000000000000e+03 1.719600484764692225e-02 1.024356131210989260e-03
1.057000000000000000e+03 1.658319236073836980e-02 1.102124335391499845e-03
1.060000000000000000e+03 1.605583859847190334e-02 9.645278528074820385e-04
1.063000000000000000e+03 1.547213715231085529e-02 1.619001427227285516e-04
1.066000000000000000e+03 1.510547743368052635e-02 5.257032185995141188e-04
1.069000000000000000e+03 1.543432792710942511e-02 1.192318206778850273e-03
1.072000000000000000e+03 1.537743526292935543e-02 4.405723120414232682e-04
1.075000000000000000e+03 1.532054259874929096e-02 1.551612665717723525e-03
1.078000000000000000e+03 1.526364993456922649e-02 1.787478118289237677e-03
1.081000000000000000e+03 1.520675727038916202e-02 8.475381972502092241e-04
1.084000000000000000e+03 1.514986460620909754e-02 1.106410158865221488e-03
1.087000000000000000e+03 1.509297194202903307e-02 3.319283780992426675e-03
1.090000000000000000e+03 1.503607927784896860e-02 1.421051813725926266e-03
1.093000000000000000e+03 1.497918661366890412e-02 9.081741148662230909e-03
