3.460000000000000000e+02 3.440741792806721322e-01 4.389782485333926752e-03
3.490000000000000000e+02 1.235596766207613662e-01 2.478712481766179310e-02
3.520000000000000000e+02 1.331485968327500435e-01 3.686901331154009403e-03
3.550000000000000000e+02 1.427375170447387487e-01 1.347387976746839376e-02
3.580000000000000000e+02 1.523264372567274261e-01 1.643417592135762786e-02
3.610000000000000000e+02 1.619153574687161035e-01 9.222479661171009008e-03
3.640000000000000000e+02 1.715042776807048086e-01 2.762652683663234521e-03
3.670000000000000000e+02 1.810931978926934860e-01 3.778805388026702013e-03
3.700000000000000000e+02 1.906821181046821634e-01 9.516038728196287225e-03
3.730000000000000000e+02 2.002710383166708685e-01 1.913738515480488400e-02
3.760000000000000000e+02 2.099932035265359154e-01 2.366993269034641661e-02
3.790000000000000000e+02 2.190885875095717195e-01 4.212868926721302816e-03
3.820000000000000000e+02 2.277945093297816526e-01 1.621946036737203015e-02
3.850000000000000000e+02 2.368966058064576052e-01 5.896670793928399275e-03
3.880000000000000000e+02 2.459606881567668879e-01 1.418981638663769328e-02
3.910000000000000000e+02 2.536838666739126280e-01 1.638636872870748162e-02
3.940000000000000000e+02 2.612076611311980323e-01 9.299349025208226288e-03
3.970000000000000000e+02 2.686691057878791700e-01 4.166571453277231191e-02
4.000000000000000000e+02 2.741950455972187450e-01 4.537510622001977162e-02
4.030000000000000000e+02 2.785461624080005083e-01 9.565367953458180431e-03
4.060000000000000000e+02 2.842633321877094943e-01 4.305293776694071872e-03
4.090000000000000000e+02 2.899796719426850911e-01 7.729132606766278384e-03
4.120000000000000000e+02 2.954369013396206944e-01 1.987172424307785679e-02
4.150000000000000000e+02 3.009600988374963038e-01 5.345032500406056430e-03
4.180000000000000000e+02 3.060092546666285940e-01 4.833499136471302790e-04
4.210000000000000000e+02 3.104863689906523505e-01 4.732668784233212429e-04
4.240000000000000000e+02 3.125954035339541526e-01 6.864509318652661958e-03
4.270000000000000000e+02 3.145164725237141190e-01 1.954225973864575153e-02
4.300000000000000000e+02 3.178211754938454758e-01 6.386329462570103366e-03
4.330000000000000000e+02 3.215182342089851764e-01 2.110323885054982487e-02
4.360000000000000000e+02 3.244698911260848195e-01 1.324730489963607538e-02
4.390000000000000000e+02 3.267018932673810272e-01 4.415455980971256904e-03
4.420000000000000000e+02 3.292833306295233076e-01 1.914883987065800442e-03
4.450000000000000000e+02 3.318709520439955818e-01 1.598802152771505811e-03
4.480000000000000000e+02 3.342744567752820029e-01 4.341772443613862694e-04
4.510000000000000000e+02 3.370161457178993403e-01 2.721624989515410327e-03
4.540000000000000000e+02 3.403319502120231710e-01 1.642460972808658382e-03
4.570000000000000000e+02 3.424892829987593035e-01 2.240572654377381411e-03
4.600000000000000000e+02 3.434689509023003406e-01 3.048603781019930577e-03
4.630000000000000000e+02 3.454104740094848802e-01 2.861926193083203819e-03
4.660000000000000000e+02 3.475867155931100516e-01 1.471197680314011115e-03
4.690000000000000000e+02 3.498580003058743282e-01 6.707786782374250108e-04
4.720000000000000000e+02 3.518454305533477156e-01 2.976455989934415178e-04
4.750000000000000000e+02 3.536658079109974429e-01 9.782726870715434050e-04
4.780000000000000000e+02 3.553934289783225453e-01 2.370910599292780276e-03
4.810000000000000000e+02 3.570201018440843366e-01 9.955459331659010855e-03
4.840000000000000000e+02 3.585860397662711252e-01 7.767773476177316713e-03
4.870000000000000000e+02 3.600105660502049831e-01 9.662909101880366031e-03
4.900000000000000000e+02 3.610282949894485505e-01 8.189690641540493810e-03
4.930000000000000000e+02 3.625330330980486293e-01 5.676103729003899832e-03
4.960000000000000000e+02 3.644776053782886605e-01 1.498404544610481008e-04
4.990000000000000000e+02 3.660692416912508795e-01 1.615537256951643562e-03
5.020000000000000000e+02 3.678185122785462835e-01 7.041598075355189144e-04
5.050000000000000000e+02 3.695389598755148275e-01 5.752757444565799157e-04
5.080000000000000000e+02 3.716772149753158616e-01 1.401713270459173898e-03
5.110000000000000000e+02 3.738249489543826742e-01 5.638199071048625305e-03
5.140000000000000000e+02 3.751826345131665241e-01 1.477816251732457474e-02
5.170000000000000000e+02 3.767274063341531920e-01 3.572916330794469707e-03
5.200000000000000000e+02 3.783846753301951527e-01 7.064605094394677681e-03
5.230000000000000000e+02 3.802738445441866677e-01 2.203658464803325435e-03
5.260000000000000000e+02 3.822249328176189898e-01 2.639968008318276972e-03
5.290000000000000000e+02 3.840109980911382559e-01 3.260936613661344265e-03
5.320000000000000000e+02 3.857800680797661697e-01 7.913994459336070198e-04
5.350000000000000000e+02 3.877819624558601630e-01 2.583025884603178546e-03
5.380000000000000000e+02 3.900390472734344693e-01 2.158015565794615856e-04
5.410000000000000000e+02 3.925766602773674840e-01 7.244884012549786994e-04
5.440000000000000000e+02 3.947346551300084938e-01 1.256491402081179863e-04
5.470000000000000000e+02 3.965132343990560582e-01 2.323845168831917686e-04
5.500000000000000000e+02 3.986187324205918148e-01 7.490026983770428507e-04
5.530000000000000000e+02 4.004896913134201597e-01 2.575700630763961673e-03
5.560000000000000000e+02 4.022149661933679399e-01 4.241705548697163354e-03
5.590000000000000000e+02 4.040818103516690130e-01 9.164214990544438744e-04
5.620000000000000000e+02 4.058453643456001458e-01 3.346557695737590807e-03
5.650000000000000000e+02 4.077325094795694604e-01 2.412704289502039148e-04
5.680000000000000000e+02 4.095052281851730425e-01 1.960743492190552672e-03
5.710000000000000000e+02 4.110438917117537061e-01 3.638681990817901630e-03
5.740000000000000000e+02 4.125523913454287039e-01 2.775501484430597295e-03
5.770000000000000000e+02 4.141801361680249038e-01 2.431653236984423171e-03
5.800000000000000000e+02 4.158509802260162980e-01 3.272943740366081105e-04
5.830000000000000000e+02 4.174647306358903465e-01 8.671223984501088547e-04
5.860000000000000000e+02 4.187265321762132508e-01 1.224478851684500900e-03
5.890000000000000000e+02 4.199459753004864959e-01 2.914325982651972975e-03
5.920000000000000000e+02 4.213546163092220520e-01 2.635935987792756285e-03
5.950000000000000000e+02 4.226111135253802775e-01 2.457063049584045852e-03
5.980000000000000000e+02 4.237251553478555977e-01 2.032054917099276013e-03
6.010000000000000000e+02 4.248830275707787263e-01 1.265891482802034571e-03
6.040000000000000000e+02 4.259191527743420580e-01 1.641610108084636454e-03
6.070000000000000000e+02 4.271481378821025965e-01 7.170554085686270352e-04
6.100000000000000000e+02 4.284254868295114260e-01 3.187374478515934539e-03
6.130000000000000000e+02 4.294910263028898223e-01 7.907672362180134112e-04
6.160000000000000000e+02 4.304403283230362476e-01 1.956483790185611134e-03
6.190000000000000000e+02 4.314359324740735802e-01 1.158539776967044618e-03
6.220000000000000000e+02 4.327556212398795954e-01 3.168282459609084970e-04
6.250000000000000000e+02 4.337525466077801761e-01 6.439818068239988461e-04
6.280000000000000000e+02 4.340353175093196736e-01 7.601827027975965748e-04
6.310000000000000000e+02 4.353683802208168085e-01 1.661205707916649579e-03
6.340000000000000000e+02 4.372018503983415849e-01 3.653651558993214078e-03
6.370000000000000000e+02 4.382755433415036483e-01 8.242415211635528227e-04
6.400000000000000000e+02 4.392871961315872320e-01 1.626529574067996520e-03
6.430000000000000000e+02 4.402077815525769489e-01 2.055174551550819229e-04
6.460000000000000000e+02 4.410599389378313528e-01 3.186852225892704282e-03
6.490000000000000000e+02 4.418492105354774879e-01 3.692191666560638331e-03
6.520000000000000000e+02 4.425956240536009223e-01 1.699611249230226565e-02
6.550000000000000000e+02 4.431048004936564144e-01 9.380444829324853517e-03
6.580000000000000000e+02 4.439970312526800300e-01 1.954885556955356790e-02
6.610000000000000000e+02 4.450123238520073410e-01 8.448270727422808749e-04
6.640000000000000000e+02 4.448111310468714219e-01 1.884240547591641869e-03
6.670000000000000000e+02 4.440702898792588393e-01 4.810135685460506169e-03
6.700000000000000000e+02 4.435150458233127480e-01 4.559097446196245552e-03
6.730000000000000000e+02 4.427143186151231147e-01 4.609185336858409240e-03
6.760000000000000000e+02 4.421631829649847467e-01 6.679770306955856371e-03
6.790000000000000000e+02 4.421328764764415054e-01 1.620599711999892874e-04
6.820000000000000000e+02 4.408667592797298473e-01 1.532843296605127838e-02
6.850000000000000000e+02 4.388842584726160845e-01 2.568079561053584689e-02
6.880000000000000000e+02 4.374688774542487835e-01 4.514401249390595332e-03
6.910000000000000000e+02 4.360351540807871906e-01 1.483242622258766109e-02
6.940000000000000000e+02 4.342882350930257207e-01 5.077330740036942007e-03
6.970000000000000000e+02 4.319582776342517638e-01 3.201838367976579582e-03
7.000000000000000000e+02 4.297774212558913565e-01 2.274241270620875189e-04
7.030000000000000000e+02 4.274981397282872075e-01 3.630859073783319468e-03
7.060000000000000000e+02 4.252918343610206375e-01 4.135169549177638432e-03
7.090000000000000000e+02 4.223114550943477541e-01 2.558305986656881498e-03
7.120000000000000000e+02 4.188294447776012563e-01 2.181916703893451662e-03
7.150000000000000000e+02 4.167153934393843517e-01 7.143344311327082426e-03
7.180000000000000000e+02 4.149586000043324896e-01 3.983148733132314129e-03
7.210000000000000000e+02 4.124961200973846775e-01 7.596013841124588800e-03
7.240000000000000000e+02 4.102050964300164582e-01 1.857952045965042273e-03
7.270000000000000000e+02 4.070031583309292600e-01 1.611114244376748300e-03
7.300000000000000000e+02 4.021358239502548226e-01 3.570951526154819526e-03
7.330000000000000000e+02 4.012710610924662413e-01 3.702487557792486427e-04
7.360000000000000000e+02 4.037424033079138330e-01 8.336448590471258469e-03
7.390000000000000000e+02 3.991769817450548929e-01 1.191901208520662094e-03
7.420000000000000000e+02 3.925908625487564141e-01 4.376238872783631134e-03
7.450000000000000000e+02 3.873456975374327538e-01 2.120718408351448311e-03
7.480000000000000000e+02 3.836338013587104467e-01 1.006765059974213360e-02
7.510000000000000000e+02 3.798583657212812326e-01 6.253867042371683178e-03
7.540000000000000000e+02 3.759183155296523804e-01 4.044719534026530727e-02
7.570000000000000000e+02 3.721059249297592464e-01 5.855736612536232427e-02
7.600000000000000000e+02 3.683531281803106849e-01 1.382775203820362508e-01
7.630000000000000000e+02 3.647095822264396214e-01 3.105195925375970473e-02
7.660000000000000000e+02 3.609507441821605545e-01 7.233685414145440973e-02
7.690000000000000000e+02 3.571683075542828045e-01 4.039634986329938837e-02
7.720000000000000000e+02 3.533831694640038878e-01 1.323699887939211797e-02
7.750000000000000000e+02 3.489316870668401349e-01 5.966993352987033997e-03
7.780000000000000000e+02 3.450107363195642485e-01 5.453788263864693328e-03
7.810000000000000000e+02 3.423948786808177491e-01 3.606491314269926352e-03
7.840000000000000000e+02 3.354339873911962311e-01 2.560781263500528076e-03
7.870000000000000000e+02 3.252644743471486688e-01 1.505401388866630004e-02
7.900000000000000000e+02 3.222734768730682320e-01 1.720854796720297508e-02
7.930000000000000000e+02 3.208781608545476227e-01 1.485505845774023892e-02
7.960000000000000000e+02 3.180348073046130875e-01 9.134032774619122580e-03
7.990000000000000000e+02 3.138455599837555177e-01 1.751579718917016049e-03
8.020000000000000000e+02 3.091539962018768350e-01 5.659329506482193260e-04
8.050000000000000000e+02 3.046010144605195702e-01 2.487828880565248844e-03
8.080000000000000000e+02 2.999829444772210696e-01 6.800090094174580414e-03
8.110000000000000000e+02 2.953968589237574438e-01 3.045420191659964446e-03
8.140000000000000000e+02 2.906712194548646822e-01 1.758937058286269822e-03
8.170000000000000000e+02 2.857766411228970238e-01 4.740296529531001692e-04
8.200000000000000000e+02 2.807881725264879114e-01 7.607250702314434553e-04
8.230000000000000000e+02 2.757551484970487410e-01 4.173972576598195157e-03
8.260000000000000000e+02 2.712006010507411746e-01 8.830948685611635096e-03
8.290000000000000000e+02 2.673759824332337387e-01 5.123992825239365514e-03
8.320000000000000000e+02 2.635308617473743342e-01 3.103964676122920093e-03
8.350000000000000000e+02 2.595806244856574962e-01 4.771271713278845382e-04
8.380000000000000000e+02 2.557733055493005003e-01 3.432933299609625729e-04
8.410000000000000000e+02 2.521972849885078527e-01 1.374712899492988930e-03
8.440000000000000000e+02 2.486834990138723223e-01 2.984033137088890238e-03
8.470000000000000000e+02 2.449920710164610327e-01 8.573776890067785067e-03
8.500000000000000000e+02 2.416063911369353001e-01 5.600971804270483273e-03
8.530000000000000000e+02 2.385010832669754444e-01 7.443810901409668619e-03
8.560000000000000000e+02 2.352691093925840804e-01 3.133665550744312023e-03
8.590000000000000000e+02 2.320390971148624248e-01 5.682880546340954644e-03
8.620000000000000000e+02 2.287095352654682501e-01 3.295790370462885460e-04
8.650000000000000000e+02 2.251820935509720734e-01 8.390936496954500001e-03
8.680000000000000000e+02 2.216321380803499552e-01 6.669645130928672505e-03
8.710000000000000000e+02 2.186025134893666566e-01 1.554560956620892713e-03
8.740000000000000000e+02 2.158822162642221598e-01 9.141357115539905896e-04
8.770000000000000000e+02 2.125061818775222933e-01 5.152950056025138196e-04
8.800000000000000000e+02 2.084812729370076889e-01 5.046720348003146030e-04
8.830000000000000000e+02 2.046196799338583783e-01 2.567743708690793051e-03
8.860000000000000000e+02 2.013198007290155633e-01 1.926220711682203159e-03
8.890000000000000000e+02 1.976319989596309334e-01 2.871057779110570540e-03
8.920000000000000000e+02 1.932299425568846651e-01 3.322224911619838569e-03
8.950000000000000000e+02 1.887225290634708119e-01 8.984271371198483680e-03
8.980000000000000000e+02 1.842526542550239066e-01 1.192811840045218154e-02
9.010000000000000000e+02 1.795286954934204871e-01 1.047599061256692613e-03
9.040000000000000000e+02 1.756514219327972026e-01 4.834304348750410592e-04
9.070000000000000000e+02 1.730050172549531251e-01 1.666082229370614886e-03
9.100000000000000000e+02 1.699591655352637731e-01 2.788546539439128169e-03
9.130000000000000000e+02 1.656143042882881888e-01 3.659555838034353383e-04
9.160000000000000000e+02 1.609374088976953943e-01 6.590750399639020915e-03
9.190000000000000000e+02 1.564843350429234448e-01 9.567448548723557142e-03
9.220000000000000000e+02 1.515420727216277852e-01 1.416743866153828864e-02
9.250000000000000000e+02 1.463994239585776902e-01 1.620295081879037993e-02
9.280000000000000000e+02 1.418078048252915113e-01 6.291879417639496992e-03
9.310000000000000000e+02 1.373344216523982864e-01 3.746133003258623334e-02
9.340000000000000000e+02 1.328577388944810478e-01 3.082093500979457557e-02
9.370000000000000000e+02 1.281926818631489440e-01 9.015811654774188088e-04
9.400000000000000000e+02 1.235837764642501724e-01 1.058708727933446031e-02
9.430000000000000000e+02 1.192903970638931332e-01 5.813567363626184238e-03
9.460000000000000000e+02 1.153913004432461920e-01 6.135167022017793369e-03
9.490000000000000000e+02 1.119183995506098789e-01 9.417196408018028292e-03
9.520000000000000000e+02 1.086026880764500990e-01 9.058952562706674982e-03
9.550000000000000000e+02 1.042685140949920763e-01 7.040662908306992603e-03
9.580000000000000000e+02 9.869904592464512350e-02 4.201723110072677625e-03
9.610000000000000000e+02 9.355184417621180415e-02 1.331450335816808904e-03
9.640000000000000000e+02 8.970192715508716608e-02 3.147129730213717863e-03
9.670000000000000000e+02 8.642542782398562884e-02 4.435412522179357601e-03
9.700000000000000000e+02 8.300051788740736569e-02 6.391379888023908948e-04
9.730000000000000000e+02 7.965243880978387092e-02 4.010356656575007547e-03
9.760000000000000000e+02 7.651189178037476335e-02 2.923764439752972889e-03
9.790000000000000000e+02 7.335677289132430667e-02 1.120966396717963534e-03
9.820000000000000000e+02 7.018669827333105793e-02 1.485270186807240373e-03
9.850000000000000000e+02 6.700408858760510677e-02 2.595346661897106138e-04
9.880000000000000000e+02 6.386084571936502530e-02 7.203843309206623118e-04
9.910000000000000000e+02 6.084937124872764197e-02 6.563963304641642340e-04
9.940000000000000000e+02 5.787485803850389576e-02 1.306324229380251972e-03
9.970000000000000000e+02 5.476825235121034197e-02 9.041255324138312106e-04
1.000000000000000000e+03 5.158285887834869465e-02 4.374149969142432240e-04
1.003000000000000000e+03 4.855047569308535566e-02 1.591007426368318495e-04
1.006000000000000000e+03 4.578282566421008198e-02 5.615893614322538425e-04
1.009000000000000000e+03 4.310755328698626099e-02 2.100603803731722601e-03
1.012000000000000000e+03 4.046851612446594054e-02 1.823250939008559494e-03
1.015000000000000000e+03 3.793996800685774801e-02 2.345851240923838097e-03
1.018000000000000000e+03 3.550046339517118343e-02 3.928983852538666006e-03
1.021000000000000000e+03 3.320384211549116255e-02 3.652419883500986411e-03
1.024000000000000000e+03 3.102757295436617963e-02 3.812427985610208209e-03
1.027000000000000000e+03 2.898757503786396350e-02 2.778945433154389640e-03
1.030000000000000000e+03 2.710013811876217649e-02 2.235595343204662983e-03
1.033000000000000000e+03 2.536155641905887825e-02 2.407815155601902238e-03
1.036000000000000000e+03 2.382168521439546188e-02 2.178916679824885114e-03
1.039000000000000000e+03 2.243993558742992528e-02 2.919432048911763111e-03
1.042000000000000000e+03 2.117512368620387206e-02 3.183219400026731077e-03
1.045000000000000000e+03 2.009732509212747154e-02 3.089147805084259228e-03
1.048000000000000000e+03 1.918309310970315110e-02 2.891380648437348339e-03
1.051000000000000000e+03 1.832802957962769222e-02 1.614831099147009345e-03
1.054000000000000000e+03 1.753635981394590163e-02 1.509610371455801436e-03
1.057000000000000000e+03 1.689521735487974768e-02 1.493975031807724891e-03
1.060000000000000000e+03 1.634691818094022656e-02 1.281542763413753318e-03
1.063000000000000000e+03 1.574518644627935504e-02 1.763963932092588508e-04
1.066000000000000000e+03 1.537145089563912194e-02 8.486463249072249233e-04
1.069000000000000000e+03 1.572010685209702247e-02 1.871385703127210033e-03
1.072000000000000000e+03 1.566662649449582223e-02 8.446268872603697898e-04
1.075000000000000000e+03 1.561314613689462720e-02 2.572839303704563610e-03
1.078000000000000000e+03 1.555966577929343217e-02 2.823059213207991351e-03
1.081000000000000000e+03 1.550618542169223714e-02 1.261418462323570530e-03
1.084000000000000000e+03 1.545270506409104211e-02 1.580897237579290820e-03
1.087000000000000000e+03 1.539922470648984881e-02 4.732552222703335053e-03
1.090000000000000000e+03 1.534574434888865378e-02 1.879256274610528700e-03
1.093000000000000000e+03 1.529226399128745875e-02 1.352380421551071556e-02
