3.475000000000000000e+02 1.416176041513374784e-01 1.490596478253802988e-02
3.505000000000000000e+02 1.469932149797744392e-01 1.490402813574326184e-02
3.535000000000000000e+02 1.523688258082114000e-01 1.489958630971447741e-02
3.565000000000000000e+02 1.577444366366483885e-01 1.489695496046583058e-02
3.595000000000000000e+02 1.631200474650853494e-01 1.489670132283031981e-02
3.625000000000000000e+02 1.684956582935223102e-01 1.489635932321287624e-02
3.655000000000000000e+02 1.738712691219592710e-01 1.489590227940572331e-02
3.685000000000000000e+02 1.792468799503962318e-01 1.489584038955013914e-02
3.715000000000000000e+02 1.846224907788332203e-01 1.489556948651338426e-02
3.745000000000000000e+02 1.847321253067846225e-01 1.489556889127093865e-02
3.775000000000000000e+02 1.939253334039101606e-01 1.489541185440072281e-02
3.805000000000000000e+02 2.028982301155800583e-01 1.489512657730024739e-02
3.835000000000000000e+02 2.114989235662851075e-01 1.489502521853946354e-02
3.865000000000000000e+02 2.202843077007762551e-01 1.489497172773873897e-02
3.895000000000000000e+02 2.290893271068770165e-01 1.489465131050766653e-02
3.925000000000000000e+02 2.366933569719023300e-01 1.489477545952288748e-02
3.955000000000000000e+02 2.440088664311446109e-01 1.489498700763829293e-02
3.985000000000000000e+02 2.566470010736304208e-01 1.489516788257198160e-02
4.015000000000000000e+02 2.657192885075945754e-01 1.489463351990206672e-02
4.045000000000000000e+02 2.717340002520151065e-01 1.489431944952179440e-02
4.075000000000000000e+02 2.778250207272176531e-01 1.489427147061035510e-02
4.105000000000000000e+02 2.841098983702099456e-01 1.489434879690253177e-02
4.135000000000000000e+02 2.900033806932710290e-01 1.489444690308033836e-02
4.165000000000000000e+02 2.958254794035308777e-01 1.489444448759391811e-02
4.195000000000000000e+02 3.013548258494516130e-01 1.489430832860601933e-02
4.225000000000000000e+02 3.064030320287366438e-01 1.489426452045396546e-02
4.255000000000000000e+02 3.092496771855022808e-01 1.489433297725908933e-02
4.285000000000000000e+02 3.115102471006907514e-01 1.489442282120476829e-02
4.315000000000000000e+02 3.150395452070542390e-01 1.489449378539136302e-02
4.345000000000000000e+02 3.189521256225438806e-01 1.489452198947254988e-02
4.375000000000000000e+02 3.222658447146594662e-01 1.489448474820576421e-02
4.405000000000000000e+02 3.247806136647657937e-01 1.489436671869922083e-02
4.435000000000000000e+02 3.276352345876979433e-01 1.489422413308072631e-02
4.465000000000000000e+02 3.304956210143617512e-01 1.489421061917745558e-02
4.495000000000000000e+02 3.277989107420584136e-01 1.489416452886716848e-02
4.525000000000000000e+02 3.275154048319898759e-01 1.489414235856363102e-02
4.555000000000000000e+02 3.296683511286549462e-01 1.489416654947711346e-02
4.585000000000000000e+02 3.315766059361283657e-01 1.489413062352970031e-02
4.615000000000000000e+02 3.324131871696527352e-01 1.489408195473022022e-02
4.645000000000000000e+02 3.339852366916283843e-01 1.489412886113780816e-02
4.675000000000000000e+02 3.359334534176584008e-01 1.489411024374243629e-02
4.705000000000000000e+02 3.380320136010665499e-01 1.489414223206964906e-02
4.735000000000000000e+02 3.397937777419789418e-01 1.489414022911407856e-02
4.765000000000000000e+02 3.413111695195944484e-01 1.489410595881274745e-02
4.795000000000000000e+02 3.430131057273040907e-01 1.489413342358545875e-02
4.825000000000000000e+02 3.446861900934393708e-01 1.489421106816742058e-02
4.855000000000000000e+02 3.463126067555159504e-01 1.489429286694599237e-02
4.885000000000000000e+02 3.477473076589385204e-01 1.489432199339098262e-02
4.915000000000000000e+02 3.489124658016844460e-01 1.489424152095778289e-02
4.945000000000000000e+02 3.505377319577206996e-01 1.489410255534084904e-02
4.975000000000000000e+02 3.525356107214380197e-01 1.489410709166927305e-02
5.005000000000000000e+02 3.542265067955477353e-01 1.489407496368374238e-02
5.035000000000000000e+02 3.560975774207811306e-01 1.489415822027742933e-02
5.065000000000000000e+02 3.578604568369930794e-01 1.489406458467438903e-02
5.095000000000000000e+02 3.600351072796841856e-01 1.489403846489053933e-02
5.125000000000000000e+02 3.621926453294432857e-01 1.489402012744447598e-02
5.155000000000000000e+02 3.636038541490735354e-01 1.489404665964008320e-02
5.185000000000000000e+02 3.651978316255548584e-01 1.489411369769537766e-02
5.215000000000000000e+02 3.668545528557430324e-01 1.489403002410234593e-02
5.245000000000000000e+02 3.687357375215420952e-01 1.489406661774347190e-02
5.275000000000000000e+02 3.707162355290367084e-01 1.489431910864102461e-02
5.305000000000000000e+02 3.726148138034099389e-01 1.489415681394331940e-02
5.335000000000000000e+02 3.744114410981817520e-01 1.489406548001815517e-02
5.365000000000000000e+02 3.763664668676787173e-01 1.489406183974044569e-02
5.395000000000000000e+02 3.785907492639082328e-01 1.489414467195441030e-02
5.425000000000000000e+02 3.810536501436786461e-01 1.489419453752252945e-02
5.455000000000000000e+02 3.831570124861367610e-01 1.489413768504225730e-02
5.485000000000000000e+02 3.849055033547688631e-01 1.489407598750870990e-02
5.515000000000000000e+02 3.868952848119890375e-01 1.489420744160571512e-02
5.545000000000000000e+02 3.886007228932898405e-01 1.489409659537938198e-02
5.575000000000000000e+02 3.903334875833489592e-01 1.489409250331152033e-02
5.605000000000000000e+02 3.921320948076938429e-01 1.489411292907622149e-02
5.635000000000000000e+02 3.938359344741877432e-01 1.489417300594852132e-02
5.665000000000000000e+02 3.956778852953558578e-01 1.489411677554989405e-02
5.695000000000000000e+02 3.973282672157200657e-01 1.489413559527253544e-02
5.725000000000000000e+02 3.989026960512246367e-01 1.489410301868028877e-02
5.755000000000000000e+02 4.004997248796796083e-01 1.489416484684551005e-02
5.785000000000000000e+02 4.021832107812660095e-01 1.489433024441872734e-02
5.815000000000000000e+02 4.038241705403429194e-01 1.489409635375930213e-02
5.845000000000000000e+02 4.053755680268051886e-01 1.489408225995314874e-02
5.875000000000000000e+02 4.067489856826556616e-01 1.489428432723811924e-02
5.905000000000000000e+02 4.081295433101699288e-01 1.489422036826063868e-02
5.935000000000000000e+02 4.096870549506469450e-01 1.489407822284414401e-02
5.965000000000000000e+02 4.110456407476963392e-01 1.489413430688896721e-02
5.995000000000000000e+02 4.122978245712415335e-01 1.489423806819114258e-02
6.025000000000000000e+02 4.135677472551888001e-01 1.489423285484013475e-02
6.055000000000000000e+02 4.147999975013209606e-01 1.489412255602449824e-02
6.085000000000000000e+02 4.161710945965516606e-01 1.489439132828342637e-02
6.115000000000000000e+02 4.175981370228035727e-01 1.489425450945836005e-02
6.145000000000000000e+02 4.188379277638162312e-01 1.489410441832276534e-02
6.175000000000000000e+02 4.199916871365969029e-01 1.489417799990698163e-02
6.205000000000000000e+02 4.213039072435615373e-01 1.489417049500996355e-02
6.235000000000000000e+02 4.227206866533831930e-01 1.489416595838996028e-02
6.265000000000000000e+02 4.237811049284021525e-01 1.489423521840021851e-02
6.295000000000000000e+02 4.241735057149519927e-01 1.489425562700196978e-02
6.325000000000000000e+02 4.256234565545030102e-01 1.489414494453611230e-02
6.355000000000000000e+02 4.276170358728442755e-01 1.489417630663963758e-02
6.385000000000000000e+02 4.287860287029118811e-01 1.489429527859012503e-02
6.415000000000000000e+02 4.299460156729478788e-01 1.489437258882100011e-02
6.445000000000000000e+02 4.309175516165313358e-01 1.489425463856034262e-02
6.475000000000000000e+02 4.318646426294944773e-01 1.489419126520979443e-02
6.505000000000000000e+02 4.328546585734682761e-01 1.489417547018947671e-02
6.535000000000000000e+02 4.338122896907027903e-01 1.489418816777800768e-02
6.565000000000000000e+02 4.344958923700928399e-01 1.489423143713014021e-02
6.595000000000000000e+02 4.354460301621384533e-01 1.489430962987761502e-02
6.625000000000000000e+02 4.365363552451171358e-01 1.489442965361550270e-02
6.655000000000000000e+02 4.364799316910087379e-01 1.489448056433568916e-02
6.685000000000000000e+02 4.359274577361041403e-01 1.489425595556630871e-02
6.715000000000000000e+02 4.353971899343577201e-01 1.489437777510500133e-02
6.745000000000000000e+02 4.350333283584874589e-01 1.489434093363933322e-02
6.775000000000000000e+02 4.348901077379160873e-01 1.489425482522598737e-02
6.805000000000000000e+02 4.352574653301589658e-01 1.489428104643445057e-02
6.835000000000000000e+02 4.344646101487346090e-01 1.489439323955316259e-02
6.865000000000000000e+02 4.329884679396925895e-01 1.489452988856265411e-02
6.895000000000000000e+02 4.320182929988666820e-01 1.489461109390574807e-02
6.925000000000000000e+02 4.308365716844232973e-01 1.489454806774082908e-02
6.955000000000000000e+02 4.292928947785572547e-01 1.489440634083556009e-02
6.985000000000000000e+02 4.273447957033460476e-01 1.489446808880120522e-02
7.015000000000000000e+02 4.253307919302480311e-01 1.489429671006728233e-02
7.045000000000000000e+02 4.233096075557960525e-01 1.489425302433477691e-02
7.075000000000000000e+02 4.215712437758872833e-01 1.489440872011257681e-02
7.105000000000000000e+02 4.192281077057232741e-01 1.489443365616557012e-02
7.135000000000000000e+02 4.165122471987477981e-01 1.489479481267784976e-02
7.165000000000000000e+02 4.150041712907153180e-01 1.489478650128236124e-02
7.195000000000000000e+02 4.138448554881700159e-01 1.489513447233729165e-02
7.225000000000000000e+02 4.122714970695794956e-01 1.489470759987804836e-02
7.255000000000000000e+02 4.104178100846930799e-01 1.489458809401323323e-02
7.285000000000000000e+02 4.077985358501434177e-01 1.489445763846774726e-02
7.315000000000000000e+02 4.035995977169883897e-01 1.489431866681935682e-02
7.345000000000000000e+02 4.035959309703214259e-01 1.489449561145130517e-02
7.375000000000000000e+02 4.070441319722099549e-01 1.489453525708517648e-02
7.405000000000000000e+02 4.034638540498943216e-01 1.489451151092083953e-02
7.435000000000000000e+02 3.977568210433247708e-01 1.489437552720426078e-02
7.465000000000000000e+02 3.935559810357325272e-01 1.489453337668713781e-02
7.495000000000000000e+02 3.907046057829444141e-01 1.489485051908800636e-02
7.525000000000000000e+02 3.880109200306282036e-01 1.489439566684214872e-02
7.555000000000000000e+02 3.851621907663264066e-01 1.489413926506534189e-02
7.585000000000000000e+02 3.820835733958409253e-01 1.489415251496654068e-02
7.615000000000000000e+02 3.788727532427463296e-01 1.489432436226163954e-02
7.645000000000000000e+02 3.755508003016764795e-01 1.489457852859726178e-02
7.675000000000000000e+02 3.721373446661562223e-01 1.489478875326974081e-02
7.705000000000000000e+02 3.687014825550186670e-01 1.489478264001595741e-02
7.735000000000000000e+02 3.650676388702162600e-01 1.489454031004057953e-02
7.765000000000000000e+02 3.611821502165937781e-01 1.489444015904631616e-02
7.795000000000000000e+02 3.579158806875648025e-01 1.489450125485571735e-02
7.825000000000000000e+02 3.557843004199596204e-01 1.489436510710367458e-02
7.855000000000000000e+02 3.491825649942604803e-01 1.489437155087625260e-02
7.885000000000000000e+02 3.391039704956169132e-01 1.489450552231377095e-02
7.915000000000000000e+02 3.360590032144478156e-01 1.489454600279870033e-02
7.945000000000000000e+02 3.347751687145735788e-01 1.489452902281541459e-02
7.975000000000000000e+02 3.320065872811355234e-01 1.489458443554046198e-02
8.005000000000000000e+02 3.280315694898580103e-01 1.489453537853210885e-02
8.035000000000000000e+02 3.234971272969889844e-01 1.489453801362131645e-02
8.065000000000000000e+02 3.189491749431090373e-01 1.489442828399673881e-02
8.095000000000000000e+02 3.145177709288327073e-01 1.489452260339767763e-02
8.125000000000000000e+02 3.102083712068342547e-01 1.489460691765261136e-02
8.155000000000000000e+02 3.059305452471847708e-01 1.489466136710481531e-02
8.185000000000000000e+02 3.015065035685720041e-01 1.489447916446297836e-02
8.215000000000000000e+02 2.968675940217633258e-01 1.489478229909512244e-02
8.245000000000000000e+02 2.921645724604982619e-01 1.489467366902984258e-02
8.275000000000000000e+02 2.876578251118157570e-01 1.489459941783356951e-02
8.305000000000000000e+02 2.837519372913703264e-01 1.489458808914873901e-02
8.335000000000000000e+02 2.797631008775244288e-01 1.489441021481431246e-02
8.365000000000000000e+02 2.754349047720909271e-01 1.489460894596646504e-02
8.395000000000000000e+02 2.712293749745098292e-01 1.489471344656148437e-02
8.425000000000000000e+02 2.674515163939797935e-01 1.489474058043051101e-02
8.455000000000000000e+02 2.638776168591214222e-01 1.489481178141154917e-02
8.485000000000000000e+02 2.600717597742859821e-01 1.489468079598220245e-02
8.515000000000000000e+02 2.563740433251361917e-01 1.489499358364071088e-02
8.545000000000000000e+02 2.529507514847811889e-01 1.489486013662317566e-02
8.575000000000000000e+02 2.494946783032182536e-01 1.489485354767180678e-02
8.605000000000000000e+02 2.458844106863301848e-01 1.489460611535078742e-02
8.635000000000000000e+02 2.420947816666620400e-01 1.489485170666249129e-02
8.665000000000000000e+02 2.381170495146657518e-01 1.489470779390703221e-02
8.695000000000000000e+02 2.341484380582031510e-01 1.489484558779121878e-02
8.725000000000000000e+02 2.305660443621881939e-01 1.489486949397812038e-02
8.755000000000000000e+02 2.272521773499686371e-01 1.489479887035218171e-02
8.785000000000000000e+02 2.233639148027969368e-01 1.489453700851621834e-02
8.815000000000000000e+02 2.187291938724190699e-01 1.489464003157684423e-02
8.845000000000000000e+02 2.143236584596356076e-01 1.489461803597279081e-02
8.875000000000000000e+02 2.104675032638894383e-01 1.489455727781073720e-02
8.905000000000000000e+02 2.064513113847560311e-01 1.489451714864598562e-02
8.935000000000000000e+02 2.016994840904941244e-01 1.489455915486671313e-02
8.965000000000000000e+02 1.967179789617820862e-01 1.489477161581042458e-02
8.995000000000000000e+02 1.918164022052531170e-01 1.489472843388289086e-02
9.025000000000000000e+02 1.866826864407892805e-01 1.489464739395645818e-02
9.055000000000000000e+02 1.819202401421044502e-01 1.489470618259771707e-02
9.085000000000000000e+02 1.779466406045067672e-01 1.489471066647439328e-02
9.115000000000000000e+02 1.737423723324566238e-01 1.489481726521232202e-02
9.145000000000000000e+02 1.686350963361712141e-01 1.489468015939961025e-02
9.175000000000000000e+02 1.631976519583202001e-01 1.489457856734262460e-02
9.205000000000000000e+02 1.578634842735528732e-01 1.489480139351074747e-02
9.235000000000000000e+02 1.523571069052507831e-01 1.489462155812868935e-02
9.265000000000000000e+02 1.468010703762199221e-01 1.489500541149582982e-02
9.295000000000000000e+02 1.416321786252379700e-01 1.489514935519853193e-02
9.325000000000000000e+02 1.366313019878983293e-01 1.489514049995219018e-02
9.355000000000000000e+02 1.317215242530999086e-01 1.489517134985960355e-02
9.385000000000000000e+02 1.267744218493414565e-01 1.489492901798850077e-02
9.415000000000000000e+02 1.218817537516607846e-01 1.489486043512238192e-02
9.445000000000000000e+02 1.173362890952592691e-01 1.489474501178564628e-02
9.475000000000000000e+02 1.131755768643136068e-01 1.489460477963657804e-02
9.505000000000000000e+02 1.093811051733097894e-01 1.489464972537555588e-02
9.535000000000000000e+02 1.056636541403947055e-01 1.489482530899552924e-02
9.565000000000000000e+02 1.015107105602604670e-01 1.489473842629831027e-02
9.595000000000000000e+02 9.654970426176137654e-02 1.489459266469997205e-02
9.625000000000000000e+02 9.185099609619458427e-02 1.489464055467310671e-02
9.655000000000000000e+02 8.814563175933490258e-02 1.489459093762344859e-02
9.685000000000000000e+02 8.498425946912940843e-02 1.489450063341986666e-02
9.715000000000000000e+02 8.179670535243629970e-02 1.489455974586361385e-02
9.745000000000000000e+02 7.850238041502238806e-02 1.489460300301866102e-02
9.775000000000000000e+02 7.531254605973623784e-02 1.489458130412653174e-02
9.805000000000000000e+02 7.217504679526286215e-02 1.489448499703104056e-02
9.835000000000000000e+02 6.898263830540558861e-02 1.489442471832382736e-02
9.865000000000000000e+02 6.575291789935387710e-02 1.489445271505164189e-02
9.895000000000000000e+02 6.251879682347682987e-02 1.489435663056605866e-02
9.925000000000000000e+02 5.933418269866981565e-02 1.489441964988577963e-02
9.955000000000000000e+02 5.616310138273764713e-02 1.489441105778883771e-02
9.985000000000000000e+02 5.290068079882462304e-02 1.489438071594784314e-02
1.001500000000000000e+03 4.959834369012908195e-02 1.489450450556990824e-02
1.004500000000000000e+03 4.655522196366897181e-02 1.489503700643305881e-02
1.007500000000000000e+03 4.360215489266270478e-02 1.489656090854434185e-02
1.010500000000000000e+03 4.076137260146169006e-02 1.490041761239857196e-02
1.013500000000000000e+03 3.803442421008977614e-02 1.490931722941834028e-02
1.016500000000000000e+03 3.538917933148784389e-02 1.492812158868960827e-02
1.019500000000000000e+03 3.279643822272102632e-02 1.496478164783228947e-02
1.022500000000000000e+03 3.034962979911861800e-02 1.503138387313344808e-02
1.025500000000000000e+03 2.808518652940042437e-02 1.514521028782067277e-02
1.028500000000000000e+03 2.596031533449561293e-02 1.532963931788741685e-02
1.031500000000000000e+03 2.399466898455144409e-02 1.561462014576922228e-02
1.034500000000000000e+03 2.219717999378167939e-02 1.603638555136271612e-02
1.037500000000000000e+03 2.058713860893950781e-02 1.663611059707737275e-02
1.040500000000000000e+03 1.912651756412733425e-02 1.745746348948119808e-02
1.043500000000000000e+03 1.783911895502602110e-02 1.854341972321987136e-02
1.046500000000000000e+03 1.671547203055392256e-02 1.993312203838965707e-02
1.049500000000000000e+03 1.570717416671683561e-02 2.165966091479908789e-02
1.052500000000000000e+03 1.480367984031767670e-02 2.374929021533106477e-02
1.055500000000000000e+03 1.401252987888936853e-02 2.622200093977102020e-02
1.058500000000000000e+03 1.336589757263785018e-02 2.909293711220525824e-02
1.061500000000000000e+03 1.276249664592237973e-02 3.237404997368656390e-02
1.064500000000000000e+03 1.219039420185177337e-02 3.607556272082877713e-02
1.067500000000000000e+03 1.179881993155273284e-02 4.020706020323656926e-02
1.070500000000000000e+03 1.197946086601466877e-02 4.477819523994378687e-02
1.073500000000000000e+03 1.188095762603438854e-02 4.979908749112294669e-02
1.076500000000000000e+03 1.178245438605410832e-02 5.528050892219679019e-02
1.079500000000000000e+03 1.168395114607382809e-02 6.123393630652484987e-02
1.082500000000000000e+03 1.158544790609354613e-02 6.767152890854825908e-02
1.085500000000000000e+03 1.148694466611326591e-02 7.460606918820224254e-02
1.088500000000000000e+03 1.138844142613298568e-02 8.205088926733047905e-02
1.091500000000000000e+03 1.128993818615270546e-02 9.001979582772898225e-02
1.094500000000000000e+03 1.119143494617242524e-02 9.852699986348811834e-02
