2.018417462482950100e+02 1.522248243559719966e-02
2.098226466575719940e+02 1.522248243559719966e-02
2.190313778990449975e+02 1.522248243559719966e-02
2.300818553888130111e+02 1.522248243559719966e-02
2.472714870395629987e+02 1.288056206088990588e-02
2.620054570259209754e+02 1.405152224824359961e-02
2.712141882673939790e+02 1.873536299765810043e-02
2.816507503410639970e+02 2.576112412177990196e-02
2.877899045020459994e+02 4.332552693208430866e-02
2.963847203274219737e+02 5.737704918032791868e-02
3.000682128240110274e+02 7.259953161592509752e-02
3.068212824010910253e+02 9.133489461358308692e-02
3.129604365620739941e+02 1.100702576112409931e-01
3.178717598908589821e+02 1.370023419203749981e-01
3.221691678035469977e+02 1.662763466042149751e-01
3.264665757162350133e+02 1.885245901639340249e-01
3.319918144611190201e+02 2.131147540983610311e-01
3.369031377899049744e+02 2.353629976580799976e-01
3.418144611186900192e+02 2.576112412177988809e-01
3.461118690313779780e+02 2.822014051522250266e-01
3.497953615279669748e+02 3.044496487119440209e-01
3.540927694406549904e+02 3.325526932084310050e-01
3.565484311050479960e+02 3.559718969555039636e-01
3.602319236016369928e+02 3.782201405152219587e-01
3.633015006821279940e+02 4.004683840749410084e-01
3.669849931787180140e+02 4.227166276346600027e-01
3.700545702592090151e+02 4.426229508196719009e-01
3.725102319236020207e+02 4.613583138173298348e-01
3.743519781718960076e+02 4.836065573770491621e-01
3.761937244201910175e+02 5.046838407494149692e-01
3.786493860845840231e+02 5.234192037470729586e-01
3.804911323328789763e+02 5.433255269320841352e-01
3.835607094133699775e+02 5.620608899297420136e-01
3.872442019099589743e+02 5.819672131147540783e-01
3.903137789904499755e+02 6.007025761124120677e-01
3.958390177353339823e+02 6.194379391100699461e-01
4.019781718963170078e+02 6.358313817330210060e-01
4.075034106412010146e+02 6.487119437939109501e-01
4.136425648021830170e+02 6.686182669789231259e-01
4.191678035470670238e+02 6.814988290398129589e-01
4.277626193724419750e+02 6.885245901639341914e-01
4.345156889495229962e+02 6.932084309133489386e-01
4.400409276944070029e+02 6.990632318501168729e-01
4.498635743519780021e+02 7.049180327868848073e-01
4.547748976807640133e+02 7.154566744730679329e-01
4.609140518417460157e+02 7.248243559718968720e-01
4.682810368349249757e+02 7.295081967213108420e-01
4.774897680763979793e+02 7.377049180327870381e-01
4.866984993178720060e+02 7.435597189695551945e-01
4.928376534788540084e+02 7.447306791569094919e-01
5.008185538881310208e+02 7.435597189695551945e-01
5.081855388813099808e+02 7.552693208430910632e-01
5.192360163710779943e+02 7.693208430913350826e-01
5.284447476125510548e+02 7.751756440281032390e-01
5.358117326057299579e+02 7.833723653395781028e-01
5.425648021828100127e+02 7.903981264637000015e-01
5.517735334242839826e+02 7.950819672131150817e-01
5.579126875852659850e+02 8.032786885245901676e-01
5.652796725784450018e+02 8.079625292740054698e-01
5.726466575716229954e+02 8.138173302107729601e-01
5.806275579808999510e+02 8.185011709601872631e-01
5.886084583901770202e+02 8.302107728337242420e-01
5.965893587994539757e+02 8.348946135831381010e-01
6.039563437926329925e+02 8.407494145199059243e-01
6.150068212824010061e+02 8.466042154566741917e-01
6.254433833560709672e+02 8.489461358313820094e-01
6.352660300136429896e+02 8.501170960187347525e-01
6.444747612551160501e+02 8.536299765807962014e-01
6.555252387448839499e+02 8.571428571428569843e-01
6.653478854024559723e+02 8.594847775175640248e-01
6.763983628922239859e+02 8.571428571428569843e-01
6.856070941336970463e+02 8.571428571428569843e-01
6.929740791268759494e+02 8.594847775175640248e-01
7.015688949522509574e+02 8.606557377049177671e-01
7.126193724420189710e+02 8.606557377049177671e-01
7.199863574351979878e+02 8.524590163934431253e-01
7.291950886766710482e+02 8.512880562060891609e-01
7.402455661664389481e+02 8.548009367681502768e-01
7.494542974079130317e+02 8.442622950819672623e-01
7.580491132332880397e+02 8.360655737704919543e-01
7.666439290586630477e+02 8.243559718969560857e-01
7.752387448840380557e+02 8.114754098360660306e-01
7.838335607094129500e+02 7.985948477751760866e-01
7.924283765347889812e+02 7.927400468384070420e-01
7.985675306957709836e+02 7.763466042154569813e-01
8.059345156889489772e+02 7.646370023419200024e-01
8.126875852660300552e+02 7.505854800936772042e-01
8.200545702592089583e+02 7.377049180327870381e-01
8.274215552523869519e+02 7.213114754098362003e-01
8.335607094133699775e+02 7.037470725995320642e-01
8.403137789904500323e+02 6.861826697892270399e-01
8.495225102319240023e+02 6.709601873536299443e-01
8.575034106412009578e+02 6.498829039812648034e-01
8.642564802182810126e+02 6.299765807962530717e-01
8.716234652114600294e+02 6.100702576112408959e-01
8.808321964529329762e+02 5.866510538641689365e-01
8.875852660300140542e+02 5.667447306791570938e-01
8.943383356070939953e+02 5.456674473067916198e-01
9.023192360163709509e+02 5.222482435597188832e-01
9.096862210095499677e+02 5.000000000000000000e-01
9.170532060027289845e+02 4.742388758782200564e-01
9.238062755798090393e+02 4.496487119437940772e-01
9.324010914051840473e+02 4.227166276346600027e-01
9.397680763983629504e+02 3.992974238875880433e-01
9.471350613915419672e+02 3.735362997658079331e-01
9.551159618008190364e+02 3.477751756440280451e-01
9.618690313778989776e+02 3.266978922716630152e-01
9.686221009549800556e+02 3.056206088992968750e-01
9.741473396998640055e+02 2.857142857142860315e-01
9.821282401091409611e+02 2.634660421545669817e-01
9.907230559345159691e+02 2.341920374707259778e-01
9.974761255115960239e+02 2.142857142857140240e-01
1.005457025920870024e+03 1.932084309133490219e-01
1.013437926330150049e+03 1.674473067915689950e-01
1.020804911323329975e+03 1.475409836065569580e-01
1.028171896316509901e+03 1.311475409836070638e-01
1.035538881309689941e+03 1.147540983606560039e-01
1.041064120054569912e+03 9.953161592505851973e-02
1.048431105047749952e+03 8.196721311475407834e-02
1.056412005457030091e+03 7.025761124121779333e-02
1.064392905866299998e+03 5.620608899297420413e-02
1.071759890859480038e+03 4.449648711943789137e-02
1.079740791268759949e+03 3.747072599531620085e-02
1.090177353342430024e+03 2.810304449648710207e-02
1.100000000000000000e+03 2.224824355971899772e-02
