6.919790000000000418e+02 4.610000000000000382e-03
6.955280000000000200e+02 2.108000000000000151e-02
6.969640000000000555e+02 3.831999999999999990e-02
6.998379999999999654e+02 6.135999999999999788e-02
7.018990000000000009e+02 9.726000000000001311e-02
7.040539999999999736e+02 1.353800000000000003e-01
7.054909999999999854e+02 1.682599999999999929e-01
7.069189999999999827e+02 2.027700000000000058e-01
7.082000000000000455e+02 2.375400000000000011e-01
7.082519999999999527e+02 2.809800000000000075e-01
7.096889999999999645e+02 3.435499999999999665e-01
7.110739999999999554e+02 3.702699999999999880e-01
7.125109999999999673e+02 4.156000000000000250e-01
7.132210000000000036e+02 4.612299999999999733e-01
7.148479999999999563e+02 5.352000000000000091e-01
7.155670000000000073e+02 5.706299999999999706e-01
7.177219999999999800e+02 6.059100000000000597e-01
7.184410000000000309e+02 6.279000000000000137e-01
7.205960000000000036e+02 6.710500000000000353e-01
7.226130000000000564e+02 7.306900000000000617e-01
7.226299999999999955e+02 7.973399999999999377e-01
7.241019999999999754e+02 7.634499999999999620e-01
7.314420000000000073e+02 8.395699999999999275e-01
7.395009999999999764e+02 8.791999999999999815e-01
7.534809999999999945e+02 9.013700000000000045e-01
7.764550000000000409e+02 9.054099999999999371e-01
8.093750000000000000e+02 9.048199999999999577e-01
8.335779999999999745e+02 9.061199999999999255e-01
8.636929999999999836e+02 9.061199999999999255e-01
8.896870000000000118e+02 9.061199999999999255e-01
9.195259999999999536e+02 9.061199999999999255e-01
9.515190000000000055e+02 9.061199999999999255e-01
9.913809999999999718e+02 9.061199999999999255e-01
1.034185999999999922e+03 9.061799999999999855e-01
1.071078999999999951e+03 9.052599999999999536e-01
1.098146999999999935e+03 9.062099999999999600e-01
