3.500000000000000000e+02 2.480966295404543956e-02
3.510000000000000000e+02 2.448868082126175183e-02
3.520000000000000000e+02 2.417185148691618560e-02
3.530000000000000000e+02 2.385912122298745192e-02
3.540000000000000000e+02 2.174625799754754951e-02
3.550000000000000000e+02 2.156135703285657484e-02
3.560000000000000000e+02 2.137802821757853883e-02
3.570000000000000000e+02 2.119625818426679534e-02
3.580000000000000000e+02 2.101603367913347856e-02
3.590000000000000000e+02 2.083734156108320648e-02
3.600000000000000000e+02 2.066016880075480927e-02
3.610000000000000000e+02 2.048450247957127324e-02
3.620000000000000000e+02 2.031032978879782763e-02
3.630000000000000000e+02 2.013763802860792096e-02
3.640000000000000000e+02 1.996641460715736782e-02
3.650000000000000000e+02 1.994370814088404498e-02
3.660000000000000000e+02 1.992102749715426654e-02
3.670000000000000000e+02 1.989837264660178351e-02
3.680000000000000000e+02 1.987574355989374028e-02
3.690000000000000000e+02 1.985314020773063307e-02
3.700000000000000000e+02 1.983056256084632374e-02
3.710000000000000000e+02 1.980801059000786984e-02
3.720000000000000000e+02 1.978548426601565643e-02
3.730000000000000000e+02 1.976298355970323647e-02
3.740000000000000000e+02 1.974050844193733778e-02
3.750000000000000000e+02 1.993046209861897705e-02
3.760000000000000000e+02 2.012224359027218329e-02
3.770000000000000000e+02 2.031587050529582231e-02
3.780000000000000000e+02 2.051136060133372865e-02
3.790000000000000000e+02 2.070873180690315993e-02
3.800000000000000000e+02 2.090800222303912034e-02
3.810000000000000000e+02 2.110919012495439048e-02
3.820000000000000000e+02 2.131231396371551304e-02
3.830000000000000000e+02 2.151739236793505025e-02
3.840000000000000000e+02 2.172444414547992572e-02
3.850000000000000000e+02 2.214320184358788829e-02
3.860000000000000000e+02 2.257003146328566412e-02
3.870000000000000000e+02 2.300508859793536781e-02
3.880000000000000000e+02 2.344853184009747932e-02
3.890000000000000000e+02 2.390052283934308852e-02
3.900000000000000000e+02 2.436122636118040474e-02
3.910000000000000000e+02 2.483081034711715970e-02
3.920000000000000000e+02 2.530944597588089331e-02
3.930000000000000000e+02 2.579730772581905612e-02
3.940000000000000000e+02 2.629457343850217718e-02
3.950000000000000000e+02 2.694614665562906214e-02
3.960000000000000000e+02 2.761386570064966461e-02
3.970000000000000000e+02 2.829813066330298318e-02
3.980000000000000000e+02 2.899935154745569843e-02
3.990000000000000000e+02 2.971794851677183810e-02
4.000000000000000000e+02 3.045435214647026004e-02
4.010000000000000000e+02 3.120900368132016947e-02
4.020000000000000000e+02 3.198235530003047666e-02
4.030000000000000000e+02 3.277487038618973753e-02
4.040000000000000000e+02 3.358702380592067799e-02
4.050000000000000000e+02 3.445710348344916546e-02
4.060000000000000000e+02 3.534972277775411120e-02
4.070000000000000000e+02 3.626546558285990290e-02
4.080000000000000000e+02 3.720493091870168828e-02
4.090000000000000000e+02 3.816873332296549792e-02
4.100000000000000000e+02 3.915750325307949115e-02
4.110000000000000000e+02 4.017188749861822644e-02
4.120000000000000000e+02 4.121254960439096199e-02
4.130000000000000000e+02 4.228017030448980723e-02
4.140000000000000000e+02 4.337544796758225490e-02
4.150000000000000000e+02 4.442696475077519830e-02
4.160000000000000000e+02 4.550397262621377198e-02
4.170000000000000000e+02 4.660708955434732237e-02
4.180000000000000000e+02 4.773694847635310406e-02
4.190000000000000000e+02 4.889419767730239508e-02
4.200000000000000000e+02 5.007950115813011860e-02
4.210000000000000000e+02 5.129353901662228599e-02
4.220000000000000000e+02 5.253700783763943366e-02
4.230000000000000000e+02 5.381062109279943079e-02
4.240000000000000000e+02 5.511510954985013311e-02
4.250000000000000000e+02 5.629025013503691222e-02
4.260000000000000000e+02 5.749044656074056570e-02
4.270000000000000000e+02 5.871623305678171784e-02
4.280000000000000000e+02 5.996815524359872668e-02
4.290000000000000000e+02 6.124677037511351563e-02
4.300000000000000000e+02 6.255264758677558934e-02
4.310000000000000000e+02 6.388636814889508964e-02
4.320000000000000000e+02 6.524852572537682971e-02
4.330000000000000000e+02 6.663972663797117224e-02
4.340000000000000000e+02 6.806059013615947673e-02
4.350000000000000000e+02 6.931213484492647348e-02
4.360000000000000000e+02 7.058669381429429068e-02
4.370000000000000000e+02 7.188469024623674042e-02
4.380000000000000000e+02 7.320655512485510497e-02
4.390000000000000000e+02 7.455272735948130503e-02
4.400000000000000000e+02 7.592365393041221322e-02
4.410000000000000000e+02 7.731979003732467048e-02
4.420000000000000000e+02 7.874159925041834818e-02
4.430000000000000000e+02 8.018955366433924703e-02
4.440000000000000000e+02 8.166413405493248845e-02
4.450000000000000000e+02 8.296608882784793637e-02
4.460000000000000000e+02 8.428880040239153382e-02
4.470000000000000000e+02 8.563259970005378252e-02
4.480000000000000000e+02 8.699782291813926149e-02
4.490000000000000000e+02 8.838481161387848339e-02
4.500000000000000000e+02 8.979391278987963743e-02
4.510000000000000000e+02 9.122547898094331142e-02
4.520000000000000000e+02 9.267986834226130122e-02
4.530000000000000000e+02 9.415744473902087908e-02
4.540000000000000000e+02 9.565857783743872411e-02
4.550000000000000000e+02 9.699571514487867474e-02
4.560000000000000000e+02 9.835154326101952504e-02
4.570000000000000000e+02 9.972632345022627853e-02
4.580000000000000000e+02 1.011203206288769502e-01
4.590000000000000000e+02 1.025338034164105239e-01
4.600000000000000000e+02 1.039670441870897272e-01
4.610000000000000000e+02 1.054203191224861585e-01
4.620000000000000000e+02 1.068939082647003547e-01
4.630000000000000000e+02 1.083880955703249993e-01
4.640000000000000000e+02 1.099031689651620153e-01
4.650000000000000000e+02 1.112399725404561862e-01
4.660000000000000000e+02 1.125930362820016656e-01
4.670000000000000000e+02 1.139625579697949864e-01
4.680000000000000000e+02 1.153487377895231897e-01
4.690000000000000000e+02 1.167517783618254312e-01
4.700000000000000000e+02 1.181718847719099713e-01
4.710000000000000000e+02 1.196092645995327497e-01
4.720000000000000000e+02 1.210641279493387817e-01
4.730000000000000000e+02 1.225366874815744384e-01
4.740000000000000000e+02 1.240271584431714008e-01
4.750000000000000000e+02 1.252970342030619022e-01
4.760000000000000000e+02 1.265799118285584335e-01
4.770000000000000000e+02 1.278759244417459751e-01
4.780000000000000000e+02 1.291852065277061257e-01
4.790000000000000000e+02 1.305078939484708156e-01
4.800000000000000000e+02 1.318441239571221946e-01
4.810000000000000000e+02 1.331940352120340176e-01
4.820000000000000000e+02 1.345577677912598302e-01
4.830000000000000000e+02 1.359354632070699787e-01
4.840000000000000000e+02 1.373272644206343929e-01
4.850000000000000000e+02 1.384728419203658523e-01
4.860000000000000000e+02 1.396279757730431448e-01
4.870000000000000000e+02 1.407927456973075975e-01
4.880000000000000000e+02 1.419672320768092522e-01
4.890000000000000000e+02 1.431515159657551217e-01
4.900000000000000000e+02 1.443456790945021051e-01
4.910000000000000000e+02 1.455498038751985024e-01
4.920000000000000000e+02 1.467639734074702995e-01
4.930000000000000000e+02 1.479882714841566638e-01
4.940000000000000000e+02 1.492227825970929844e-01
4.950000000000000000e+02 1.501839269776090724e-01
4.960000000000000000e+02 1.511512620918999961e-01
4.970000000000000000e+02 1.521248278145001798e-01
4.980000000000000000e+02 1.531046642767759647e-01
4.990000000000000000e+02 1.540908118685800632e-01
5.000000000000000000e+02 1.550833112399163105e-01
5.010000000000000000e+02 1.560822033026151856e-01
5.020000000000000000e+02 1.570875292320205452e-01
5.030000000000000000e+02 1.580993304686867662e-01
5.040000000000000000e+02 1.591176487200869072e-01
5.050000000000000000e+02 1.598197528078349194e-01
5.060000000000000000e+02 1.605249549186746616e-01
5.070000000000000000e+02 1.612332687225835615e-01
5.080000000000000000e+02 1.619447079498577413e-01
5.090000000000000000e+02 1.626592863913778053e-01
5.100000000000000000e+02 1.633770178988767363e-01
5.110000000000000000e+02 1.640979163852078759e-01
5.120000000000000000e+02 1.648219958246148475e-01
5.130000000000000000e+02 1.655492702530021454e-01
5.140000000000000000e+02 1.662797537682079718e-01
5.150000000000000000e+02 1.667262534499426019e-01
5.160000000000000000e+02 1.671739520868192330e-01
5.170000000000000000e+02 1.676228528983103039e-01
5.180000000000000000e+02 1.680729591125332545e-01
5.190000000000000000e+02 1.685242739662739797e-01
5.200000000000000000e+02 1.689768007050096721e-01
5.210000000000000000e+02 1.694305425829323863e-01
5.220000000000000000e+02 1.698855028629726593e-01
5.230000000000000000e+02 1.703416848168223807e-01
5.240000000000000000e+02 1.707990917249591067e-01
5.250000000000000000e+02 1.710513015955513749e-01
5.260000000000000000e+02 1.713038838909510253e-01
5.270000000000000000e+02 1.715568391610977073e-01
5.280000000000000000e+02 1.718101679567432538e-01
5.290000000000000000e+02 1.720638708294529029e-01
5.300000000000000000e+02 1.723179483316060745e-01
5.310000000000000000e+02 1.725724010163980360e-01
5.320000000000000000e+02 1.728272294378409846e-01
5.330000000000000000e+02 1.730824341507649078e-01
5.340000000000000000e+02 1.733380157108194430e-01
5.350000000000000000e+02 1.734664012519187559e-01
5.360000000000000000e+02 1.735948818837984298e-01
5.370000000000000000e+02 1.737234576768887928e-01
5.380000000000000000e+02 1.738521287016726036e-01
5.390000000000000000e+02 1.739808950286846345e-01
5.400000000000000000e+02 1.741097567285120051e-01
5.410000000000000000e+02 1.742387138717942374e-01
5.420000000000000000e+02 1.743677665292228951e-01
5.430000000000000000e+02 1.744969147715420554e-01
5.440000000000000000e+02 1.746261586695480872e-01
5.450000000000000000e+02 1.747121771830835724e-01
5.460000000000000000e+02 1.747982380681901149e-01
5.470000000000000000e+02 1.748843413457392415e-01
5.480000000000000000e+02 1.749704870366129428e-01
5.490000000000000000e+02 1.750566751617033678e-01
5.500000000000000000e+02 1.751429057419131019e-01
5.510000000000000000e+02 1.752291787981551108e-01
5.520000000000000000e+02 1.753154943513522412e-01
5.530000000000000000e+02 1.754018524224383035e-01
5.540000000000000000e+02 1.754882530323566281e-01
5.550000000000000000e+02 1.756153649750936963e-01
5.560000000000000000e+02 1.757425689892126164e-01
5.570000000000000000e+02 1.758698651414039582e-01
5.580000000000000000e+02 1.759972534984063364e-01
5.590000000000000000e+02 1.761247341270068267e-01
5.600000000000000000e+02 1.762523070940405778e-01
5.610000000000000000e+02 1.763799724663915325e-01
5.620000000000000000e+02 1.765077303109918727e-01
5.630000000000000000e+02 1.766355806948224083e-01
5.640000000000000000e+02 1.767635236849120772e-01
5.650000000000000000e+02 1.769887725259406963e-01
5.660000000000000000e+02 1.772143084003985625e-01
5.670000000000000000e+02 1.774401316740508716e-01
5.680000000000000000e+02 1.776662427131291966e-01
5.690000000000000000e+02 1.778926418843313484e-01
5.700000000000000000e+02 1.781193295548226252e-01
5.710000000000000000e+02 1.783463060922360621e-01
5.720000000000000000e+02 1.785735718646733750e-01
5.730000000000000000e+02 1.788011272407053487e-01
5.740000000000000000e+02 1.790289725893721151e-01
5.750000000000000000e+02 1.793733742022110833e-01
5.760000000000000000e+02 1.797184383473163227e-01
5.770000000000000000e+02 1.800641662992142900e-01
5.780000000000000000e+02 1.804105593348833692e-01
5.790000000000000000e+02 1.807576187337587292e-01
5.800000000000000000e+02 1.811053457777361819e-01
5.810000000000000000e+02 1.814537417511783435e-01
5.820000000000000000e+02 1.818028079409179931e-01
5.830000000000000000e+02 1.821525456362637074e-01
5.840000000000000000e+02 1.825029561290041069e-01
5.850000000000000000e+02 1.829316392140720726e-01
5.860000000000000000e+02 1.833613292372813230e-01
5.870000000000000000e+02 1.837920285638392492e-01
5.880000000000000000e+02 1.842237395645090758e-01
5.890000000000000000e+02 1.846564646156224343e-01
5.900000000000000000e+02 1.850902060990930187e-01
5.910000000000000000e+02 1.855249664024294642e-01
5.920000000000000000e+02 1.859607479187480039e-01
5.930000000000000000e+02 1.863975530467866792e-01
5.940000000000000000e+02 1.868353841909174695e-01
5.950000000000000000e+02 1.873065180397189833e-01
5.960000000000000000e+02 1.877788399242047157e-01
5.970000000000000000e+02 1.882523528401873480e-01
5.980000000000000000e+02 1.887270597910339631e-01
5.990000000000000000e+02 1.892029637876854187e-01
6.000000000000000000e+02 1.896800678486744440e-01
6.010000000000000000e+02 1.901583750001461792e-01
6.020000000000000000e+02 1.906378882758762716e-01
6.030000000000000000e+02 1.911186107172903603e-01
6.040000000000000000e+02 1.967029685328792743e-01
6.050000000000000000e+02 1.972239963024169096e-01
6.060000000000000000e+02 1.977464041728176358e-01
6.070000000000000000e+02 1.982701957996991782e-01
6.080000000000000000e+02 1.987953748483623495e-01
6.090000000000000000e+02 1.993219449938166132e-01
6.100000000000000000e+02 1.998499099208059238e-01
6.110000000000000000e+02 2.003792733238343171e-01
6.120000000000000000e+02 2.009100389071917236e-01
6.130000000000000000e+02 2.014422103849803358e-01
6.140000000000000000e+02 2.019757914811400046e-01
6.150000000000000000e+02 2.025122278262895814e-01
6.160000000000000000e+02 2.030500889162083489e-01
6.170000000000000000e+02 2.035893785349382201e-01
6.180000000000000000e+02 2.041301004765712912e-01
6.190000000000000000e+02 2.046722585452767917e-01
6.200000000000000000e+02 2.052158565553274527e-01
6.210000000000000000e+02 2.057608983311263740e-01
6.220000000000000000e+02 2.063073877072344742e-01
6.230000000000000000e+02 2.068553285283965260e-01
6.240000000000000000e+02 2.074047246495692165e-01
6.250000000000000000e+02 2.079759703887499589e-01
6.260000000000000000e+02 2.085487894850230617e-01
6.270000000000000000e+02 2.091231862718171686e-01
6.280000000000000000e+02 2.096991650944960983e-01
6.290000000000000000e+02 2.102767303103915686e-01
6.300000000000000000e+02 2.108558862888372520e-01
6.310000000000000000e+02 2.114366374112005287e-01
6.320000000000000000e+02 2.120189880709164865e-01
6.330000000000000000e+02 2.126029426735202843e-01
6.340000000000000000e+02 2.131885056366820685e-01
6.350000000000000000e+02 2.137984825431683278e-01
6.360000000000000000e+02 2.144102047211705608e-01
6.370000000000000000e+02 2.150236771642759503e-01
6.380000000000000000e+02 2.156389048803586950e-01
6.390000000000000000e+02 2.162558928916220868e-01
6.400000000000000000e+02 2.168746462346389237e-01
6.410000000000000000e+02 2.174951699603924204e-01
6.420000000000000000e+02 2.181174691343180927e-01
6.430000000000000000e+02 2.187415488363442517e-01
6.440000000000000000e+02 2.193674141609344153e-01
6.450000000000000000e+02 2.199846702535052101e-01
6.460000000000000000e+02 2.206036631814452531e-01
6.470000000000000000e+02 2.212243978318625404e-01
6.480000000000000000e+02 2.218468791056165679e-01
6.490000000000000000e+02 2.224711119173562734e-01
6.500000000000000000e+02 2.230971011955596717e-01
6.510000000000000000e+02 2.237248518825727672e-01
6.520000000000000000e+02 2.243543689346480519e-01
6.530000000000000000e+02 2.249856573219842781e-01
6.540000000000000000e+02 2.256187220287648454e-01
6.550000000000000000e+02 2.262085655697638198e-01
6.560000000000000000e+02 2.267999511609957441e-01
6.570000000000000000e+02 2.273928828339007446e-01
6.580000000000000000e+02 2.279873646304582668e-01
6.590000000000000000e+02 2.285834006032154697e-01
6.600000000000000000e+02 2.291809948153138154e-01
6.610000000000000000e+02 2.297801513405169915e-01
6.620000000000000000e+02 2.303808742632391104e-01
6.630000000000000000e+02 2.309831676785724930e-01
6.640000000000000000e+02 2.315870356923152573e-01
6.650000000000000000e+02 2.321209137131200195e-01
6.660000000000000000e+02 2.326560224839114843e-01
6.670000000000000000e+02 2.331923648419400030e-01
6.680000000000000000e+02 2.337299436309962508e-01
6.690000000000000000e+02 2.342687617014271306e-01
6.700000000000000000e+02 2.348088219101501506e-01
6.710000000000000000e+02 2.353501271206691059e-01
6.720000000000000000e+02 2.358926802030889558e-01
6.730000000000000000e+02 2.364364840341311447e-01
6.740000000000000000e+02 2.369815414971485901e-01
6.750000000000000000e+02 2.374265923425477320e-01
6.760000000000000000e+02 2.378724789925153460e-01
6.770000000000000000e+02 2.383192030166904063e-01
6.780000000000000000e+02 2.387667659876601400e-01
6.790000000000000000e+02 2.392151694809647455e-01
6.800000000000000000e+02 2.396644150751035818e-01
6.810000000000000000e+02 2.401145043515401922e-01
6.820000000000000000e+02 2.405654388947081335e-01
6.830000000000000000e+02 2.410172202920168871e-01
6.840000000000000000e+02 2.414698501338562453e-01
6.850000000000000000e+02 2.418118545892925242e-01
6.860000000000000000e+02 2.421543434408033046e-01
6.870000000000000000e+02 2.424973173744603416e-01
6.880000000000000000e+02 2.428407770773070018e-01
6.890000000000000000e+02 2.431847232373596790e-01
6.900000000000000000e+02 2.435291565436093209e-01
6.910000000000000000e+02 2.438740776860224557e-01
6.920000000000000000e+02 2.442194873555435519e-01
6.930000000000000000e+02 2.445653862440948789e-01
6.940000000000000000e+02 2.449117750445790609e-01
6.950000000000000000e+02 2.451674865518333191e-01
6.960000000000000000e+02 2.454234650465566547e-01
6.970000000000000000e+02 2.456797108075095826e-01
6.980000000000000000e+02 2.459362241137438843e-01
6.990000000000000000e+02 2.461930052446025252e-01
7.000000000000000000e+02 2.464500544797204595e-01
7.010000000000000000e+02 2.467073720990243246e-01
7.020000000000000000e+02 2.469649583827327743e-01
7.030000000000000000e+02 2.472228136113575059e-01
7.040000000000000000e+02 2.474809380657034263e-01
7.050000000000000000e+02 2.476861968558618510e-01
7.060000000000000000e+02 2.478916258860852095e-01
7.070000000000000000e+02 2.480972252975690850e-01
7.080000000000000000e+02 2.483029952316265221e-01
7.090000000000000000e+02 2.485089358296875828e-01
7.100000000000000000e+02 2.487150472332997075e-01
7.110000000000000000e+02 2.489213295841277429e-01
7.120000000000000000e+02 2.491277830239539415e-01
7.130000000000000000e+02 2.493344076946781562e-01
7.140000000000000000e+02 2.495412037383181458e-01
7.150000000000000000e+02 2.496532796666940390e-01
7.160000000000000000e+02 2.497654059315017605e-01
7.170000000000000000e+02 2.498775825553483654e-01
7.180000000000000000e+02 2.499898095608516779e-01
7.190000000000000000e+02 2.501020869706395144e-01
7.200000000000000000e+02 2.502144148073498497e-01
7.210000000000000000e+02 2.503267930936306507e-01
7.220000000000000000e+02 2.504392218521406255e-01
7.230000000000000000e+02 2.505517011055479748e-01
7.240000000000000000e+02 2.506642308765313354e-01
7.250000000000000000e+02 2.506273467491021978e-01
7.260000000000000000e+02 2.505904680490083636e-01
7.270000000000000000e+02 2.505535947754516379e-01
7.280000000000000000e+02 2.505167269276328268e-01
7.290000000000000000e+02 2.504798645047541239e-01
7.300000000000000000e+02 2.504430075060169458e-01
7.310000000000000000e+02 2.504061559306235418e-01
7.320000000000000000e+02 2.503693097777755505e-01
7.330000000000000000e+02 2.503324690466752211e-01
7.340000000000000000e+02 2.502956337365247474e-01
7.350000000000000000e+02 2.501482463472208817e-01
7.360000000000000000e+02 2.500009457474554608e-01
7.370000000000000000e+02 2.498537318861221712e-01
7.380000000000000000e+02 2.497066047121447308e-01
7.390000000000000000e+02 2.495595641744772775e-01
7.400000000000000000e+02 2.494126102221034535e-01
7.410000000000000000e+02 2.492657428040374601e-01
7.420000000000000000e+02 2.491189618693230023e-01
7.430000000000000000e+02 2.489722673670344000e-01
7.440000000000000000e+02 2.488256592462753658e-01
7.450000000000000000e+02 2.486239996268512775e-01
7.460000000000000000e+02 2.484225034415452615e-01
7.470000000000000000e+02 2.482211705579024652e-01
7.480000000000000000e+02 2.480200008435758108e-01
7.490000000000000000e+02 2.478189941663257456e-01
7.500000000000000000e+02 2.476181503940194928e-01
7.510000000000000000e+02 2.474174693946314119e-01
7.520000000000000000e+02 2.472169510362429989e-01
7.530000000000000000e+02 2.470165951870426924e-01
7.540000000000000000e+02 2.468164017153254841e-01
7.550000000000000000e+02 2.466070181871048983e-01
7.560000000000000000e+02 2.463978122867146459e-01
7.570000000000000000e+02 2.461887838634661818e-01
7.580000000000000000e+02 2.459799327667992197e-01
7.590000000000000000e+02 2.457712588462808156e-01
7.600000000000000000e+02 2.455627619516059790e-01
7.610000000000000000e+02 2.453544419325972281e-01
7.620000000000000000e+02 2.451462986392042298e-01
7.630000000000000000e+02 2.449383319215042154e-01
7.640000000000000000e+02 2.447305416297013148e-01
7.650000000000000000e+02 2.445406930480550911e-01
7.660000000000000000e+02 2.443509917405648213e-01
7.670000000000000000e+02 2.441614375929833936e-01
7.680000000000000000e+02 2.439720304911519311e-01
7.690000000000000000e+02 2.437827703210006525e-01
7.700000000000000000e+02 2.435936569685476782e-01
7.710000000000000000e+02 2.434046903199000855e-01
7.720000000000000000e+02 2.432158702612529644e-01
7.730000000000000000e+02 2.430271966788899451e-01
7.740000000000000000e+02 2.428386694591824768e-01
7.750000000000000000e+02 2.426773894739981396e-01
7.760000000000000000e+02 2.425162166020412291e-01
7.770000000000000000e+02 2.423551507721730114e-01
7.780000000000000000e+02 2.421941919133021037e-01
7.790000000000000000e+02 2.420333399543841690e-01
7.800000000000000000e+02 2.418725948244223878e-01
7.810000000000000000e+02 2.417119564524668196e-01
7.820000000000000000e+02 2.415514247676147641e-01
7.830000000000000000e+02 2.413909996990104279e-01
7.840000000000000000e+02 2.412306811758452851e-01
7.850000000000000000e+02 2.410970377836741951e-01
7.860000000000000000e+02 2.409634684308261110e-01
7.870000000000000000e+02 2.408299730762823443e-01
7.880000000000000000e+02 2.406965516790477988e-01
7.890000000000000000e+02 2.405632041981489444e-01
7.900000000000000000e+02 2.404299305926364261e-01
7.910000000000000000e+02 2.402967308215823994e-01
7.920000000000000000e+02 2.401636048440819182e-01
7.930000000000000000e+02 2.400305526192534900e-01
7.940000000000000000e+02 2.398975741062369382e-01
7.950000000000000000e+02 2.397651733650972561e-01
7.960000000000000000e+02 2.396328456966273779e-01
7.970000000000000000e+02 2.395005910604984523e-01
7.980000000000000000e+02 2.393684094164031939e-01
7.990000000000000000e+02 2.392363007240571882e-01
8.000000000000000000e+02 2.391042649431978917e-01
8.010000000000000000e+02 2.389723020335849657e-01
8.020000000000000000e+02 2.388404119550003868e-01
8.030000000000000000e+02 2.387085946672484194e-01
8.040000000000000000e+02 2.385768501301554489e-01
8.050000000000000000e+02 2.383931561559781698e-01
8.060000000000000000e+02 2.382096036183071197e-01
8.070000000000000000e+02 2.380261924082421321e-01
8.080000000000000000e+02 2.378429224169672784e-01
8.090000000000000000e+02 2.376597935357500080e-01
8.100000000000000000e+02 2.374768056559415363e-01
8.110000000000000000e+02 2.372939586689765679e-01
8.120000000000000000e+02 2.371112524663740173e-01
8.130000000000000000e+02 2.369286869397357886e-01
8.140000000000000000e+02 2.367462619807474966e-01
8.150000000000000000e+02 2.365341974840453887e-01
8.160000000000000000e+02 2.363223229432497574e-01
8.170000000000000000e+02 2.361106381882081828e-01
8.180000000000000000e+02 2.358991430489207897e-01
8.190000000000000000e+02 2.356878373555402195e-01
8.200000000000000000e+02 2.354767209383708260e-01
8.210000000000000000e+02 2.352657936278695905e-01
8.220000000000000000e+02 2.350550552546447625e-01
8.230000000000000000e+02 2.348445056494563865e-01
8.240000000000000000e+02 2.346341446432166633e-01
8.250000000000000000e+02 2.344338201566099067e-01
8.260000000000000000e+02 2.342336667018025398e-01
8.270000000000000000e+02 2.340336841327720629e-01
8.280000000000000000e+02 2.338338723036206268e-01
8.290000000000000000e+02 2.336342310685748103e-01
8.300000000000000000e+02 2.334347602819859535e-01
8.310000000000000000e+02 2.332354597983297417e-01
8.320000000000000000e+02 2.330363294722062051e-01
8.330000000000000000e+02 2.328373691583388305e-01
8.340000000000000000e+02 2.326385787115756720e-01
8.350000000000000000e+02 2.324401032234436892e-01
8.360000000000000000e+02 2.322417970645759000e-01
8.370000000000000000e+02 2.320436600905092517e-01
8.380000000000000000e+02 2.318456921569040929e-01
8.390000000000000000e+02 2.316478931195431468e-01
8.400000000000000000e+02 2.314502628343330093e-01
8.410000000000000000e+02 2.312528011573026232e-01
8.420000000000000000e+02 2.310555079446042492e-01
8.430000000000000000e+02 2.308583830525126335e-01
8.440000000000000000e+02 2.306614263374247853e-01
8.450000000000000000e+02 2.304844535615860057e-01
8.460000000000000000e+02 2.303076165664185992e-01
8.470000000000000000e+02 2.301309152477466757e-01
8.480000000000000000e+02 2.299543495014731709e-01
8.490000000000000000e+02 2.297779192235820667e-01
8.500000000000000000e+02 2.296016243101360876e-01
8.510000000000000000e+02 2.294254646572783107e-01
8.520000000000000000e+02 2.292494401612313604e-01
8.530000000000000000e+02 2.290735507182972697e-01
8.540000000000000000e+02 2.288977962248582021e-01
8.550000000000000000e+02 2.287770563753543651e-01
8.560000000000000000e+02 2.286563802141492463e-01
8.570000000000000000e+02 2.285357677076486071e-01
8.580000000000000000e+02 2.284152188222753344e-01
8.590000000000000000e+02 2.282947335244706055e-01
8.600000000000000000e+02 2.281743117806926957e-01
8.610000000000000000e+02 2.280539535574183374e-01
8.620000000000000000e+02 2.279336588211411940e-01
8.630000000000000000e+02 2.278134275383728868e-01
8.640000000000000000e+02 2.276932596756429117e-01
8.650000000000000000e+02 2.276908042631106410e-01
8.660000000000000000e+02 2.276883488770572173e-01
8.670000000000000000e+02 2.276858935174823073e-01
8.680000000000000000e+02 2.276834381843857724e-01
8.690000000000000000e+02 2.276809828777670019e-01
8.700000000000000000e+02 2.276785275976260792e-01
8.710000000000000000e+02 2.276760723439624490e-01
8.720000000000000000e+02 2.276736171167761946e-01
8.730000000000000000e+02 2.276711619160664279e-01
8.740000000000000000e+02 2.276687067418334542e-01
8.750000000000000000e+02 2.278479257096784616e-01
8.760000000000000000e+02 2.280272857572480105e-01
8.770000000000000000e+02 2.282067869955990147e-01
8.780000000000000000e+02 2.283864295358754570e-01
8.790000000000000000e+02 2.285662134893094721e-01
8.800000000000000000e+02 2.287461389672200140e-01
8.810000000000000000e+02 2.289262060810140498e-01
8.820000000000000000e+02 2.291064149421863649e-01
8.830000000000000000e+02 2.292867656623192307e-01
8.840000000000000000e+02 2.294672583530829313e-01
8.850000000000000000e+02 2.298186991862114226e-01
8.860000000000000000e+02 2.301706782689363073e-01
8.870000000000000000e+02 2.305231964256142518e-01
8.880000000000000000e+02 2.308762544818648288e-01
8.890000000000000000e+02 2.312298532645713223e-01
8.900000000000000000e+02 2.315839936018844469e-01
8.910000000000000000e+02 2.319386763232226811e-01
8.920000000000000000e+02 2.322939022592744873e-01
8.930000000000000000e+02 2.326496722420015317e-01
8.940000000000000000e+02 2.330059871046386566e-01
8.950000000000000000e+02 2.334815106436424759e-01
8.960000000000000000e+02 2.339580046411268988e-01
8.970000000000000000e+02 2.344354710776236916e-01
8.980000000000000000e+02 2.349139119377069151e-01
8.990000000000000000e+02 2.353933292100008623e-01
9.000000000000000000e+02 2.358737248871883851e-01
9.010000000000000000e+02 2.363551009660187219e-01
9.020000000000000000e+02 2.368374594473161010e-01
9.030000000000000000e+02 2.373208023359883179e-01
9.040000000000000000e+02 2.378051316410350058e-01
9.050000000000000000e+02 2.383865549816632790e-01
9.060000000000000000e+02 2.389693998774055361e-01
9.070000000000000000e+02 2.395536698039033019e-01
9.080000000000000000e+02 2.401393682452950817e-01
9.090000000000000000e+02 2.407264986942389273e-01
9.100000000000000000e+02 2.413150646519317821e-01
9.110000000000000000e+02 2.419050696281306312e-01
9.120000000000000000e+02 2.424965171411745390e-01
9.130000000000000000e+02 2.430894107180034402e-01
9.140000000000000000e+02 2.436837538941817594e-01
9.150000000000000000e+02 2.443972548080195761e-01
9.160000000000000000e+02 2.451128448375490543e-01
9.170000000000000000e+02 2.458305300996571074e-01
9.180000000000000000e+02 2.465503167291404896e-01
9.190000000000000000e+02 2.472722108787587525e-01
9.200000000000000000e+02 2.479962187192870648e-01
9.210000000000000000e+02 2.487223464395675598e-01
9.220000000000000000e+02 2.494506002465635142e-01
9.230000000000000000e+02 2.501809863654124166e-01
9.240000000000000000e+02 2.509135110394787871e-01
9.250000000000000000e+02 2.518100679171491052e-01
9.260000000000000000e+02 2.527098283458419359e-01
9.270000000000000000e+02 2.536128037723930917e-01
9.280000000000000000e+02 2.545190056845396120e-01
9.290000000000000000e+02 2.554284456110663681e-01
9.300000000000000000e+02 2.563411351219520018e-01
9.310000000000000000e+02 2.572570858285172513e-01
9.320000000000000000e+02 2.581763093835720002e-01
9.330000000000000000e+02 2.590988174815632150e-01
9.340000000000000000e+02 2.600246218587248803e-01
9.350000000000000000e+02 2.611754120533174017e-01
9.360000000000000000e+02 2.623312952966470601e-01
9.370000000000000000e+02 2.634922941290042675e-01
9.380000000000000000e+02 2.646584311904365272e-01
9.390000000000000000e+02 2.658297292211888041e-01
9.400000000000000000e+02 2.670062110621475027e-01
9.410000000000000000e+02 2.681878996552861660e-01
9.420000000000000000e+02 2.693748180441118967e-01
9.430000000000000000e+02 2.705669893741169396e-01
9.440000000000000000e+02 2.717644368932267129e-01
9.450000000000000000e+02 2.732658178246759606e-01
9.460000000000000000e+02 2.747754932361797797e-01
9.470000000000000000e+02 2.762935089511513453e-01
9.480000000000000000e+02 2.778199110461592736e-01
9.490000000000000000e+02 2.793547458523248928e-01
9.500000000000000000e+02 2.808980599567282299e-01
9.510000000000000000e+02 2.824499002038237672e-01
9.520000000000000000e+02 2.840103136968606390e-01
9.530000000000000000e+02 2.855793477993135432e-01
9.540000000000000000e+02 2.871570501363197025e-01
9.550000000000000000e+02 2.889946628329324030e-01
9.560000000000000000e+02 2.908440350194168023e-01
9.570000000000000000e+02 2.927052419486285695e-01
9.580000000000000000e+02 2.945783593549899937e-01
9.590000000000000000e+02 2.964634634575745720e-01
9.600000000000000000e+02 2.983606309632053644e-01
9.610000000000000000e+02 3.002699390695775516e-01
9.620000000000000000e+02 3.021914654684014212e-01
9.630000000000000000e+02 3.041252883485606184e-01
9.640000000000000000e+02 3.060714863992960999e-01
9.650000000000000000e+02 3.066266276691980708e-01
9.660000000000000000e+02 3.071827758340356374e-01
9.670000000000000000e+02 3.077399327200777690e-01
9.680000000000000000e+02 3.082981001569058965e-01
9.690000000000000000e+02 3.088572799774206290e-01
9.700000000000000000e+02 3.094174740178465277e-01
9.710000000000000000e+02 3.099786841177378238e-01
9.720000000000000000e+02 3.105409121199868561e-01
9.730000000000000000e+02 3.111041598708270683e-01
9.740000000000000000e+02 3.116684292198417250e-01
9.750000000000000000e+02 3.096171005816828470e-01
9.760000000000000000e+02 3.075792733083947406e-01
9.770000000000000000e+02 3.055548585371550829e-01
9.780000000000000000e+02 3.035437679900154784e-01
9.790000000000000000e+02 3.015459139700513713e-01
9.800000000000000000e+02 2.995612093575408807e-01
9.810000000000000000e+02 2.975895676061611206e-01
9.820000000000000000e+02 2.956309027392192146e-01
9.830000000000000000e+02 2.936851293458990764e-01
9.840000000000000000e+02 2.917521625775397198e-01
9.850000000000000000e+02 2.885837674292373034e-01
9.860000000000000000e+02 2.854497806902058232e-01
9.870000000000000000e+02 2.823498286890532283e-01
9.880000000000000000e+02 2.792835418124141600e-01
9.890000000000000000e+02 2.762505544608843677e-01
9.900000000000000000e+02 2.732505050054251927e-01
9.910000000000000000e+02 2.702830357442492226e-01
9.920000000000000000e+02 2.673477928601694087e-01
9.930000000000000000e+02 2.644444263784130889e-01
9.940000000000000000e+02 2.615725901248930341e-01
9.950000000000000000e+02 2.590783795690442259e-01
9.960000000000000000e+02 2.566079524160890246e-01
9.970000000000000000e+02 2.541610818807419347e-01
9.980000000000000000e+02 2.517375433402156970e-01
9.990000000000000000e+02 2.493371143136009493e-01
1.000000000000000000e+03 2.469595744414416483e-01
1.001000000000000000e+03 2.446047054655075548e-01
1.002000000000000000e+03 2.422722912087573732e-01
1.003000000000000000e+03 2.399621175554931540e-01
1.004000000000000000e+03 2.376739724317056823e-01
1.005000000000000000e+03 2.375800242703864640e-01
1.006000000000000000e+03 2.374861132450517553e-01
1.007000000000000000e+03 2.373922393410228260e-01
1.008000000000000000e+03 2.372984025436258859e-01
1.009000000000000000e+03 2.372046028381936955e-01
1.010000000000000000e+03 2.371108402100644830e-01
1.011000000000000000e+03 2.370171146445821664e-01
1.012000000000000000e+03 2.369234261270962427e-01
1.013000000000000000e+03 2.368297746429629536e-01
1.014000000000000000e+03 2.367361601775433144e-01
1.015000000000000000e+03 2.366425827162043083e-01
1.016000000000000000e+03 2.365490422443191354e-01
1.017000000000000000e+03 2.364555387472668246e-01
1.018000000000000000e+03 2.363620722104316507e-01
1.019000000000000000e+03 2.362686426192038835e-01
1.020000000000000000e+03 2.361752499589793997e-01
1.021000000000000000e+03 2.360818942151604871e-01
1.022000000000000000e+03 2.359885753731545688e-01
1.023000000000000000e+03 2.358952934183747574e-01
1.024000000000000000e+03 2.358020483362405217e-01
1.025000000000000000e+03 2.357088401121768817e-01
1.026000000000000000e+03 2.356156687316144360e-01
1.027000000000000000e+03 2.355225341799895566e-01
1.028000000000000000e+03 2.354294364427443609e-01
1.029000000000000000e+03 2.353363755053267115e-01
1.030000000000000000e+03 2.352433513531907161e-01
1.031000000000000000e+03 2.351503639717953398e-01
1.032000000000000000e+03 2.350574133466059867e-01
1.033000000000000000e+03 2.349644994630939454e-01
1.034000000000000000e+03 2.348716223067356113e-01
1.035000000000000000e+03 2.347787818630132639e-01
1.036000000000000000e+03 2.346859781174153448e-01
1.037000000000000000e+03 2.345932110554355965e-01
1.038000000000000000e+03 2.345004806625735350e-01
1.039000000000000000e+03 2.344077869243345880e-01
1.040000000000000000e+03 2.343151298262300675e-01
1.041000000000000000e+03 2.342225093537768921e-01
1.042000000000000000e+03 2.341299254924973650e-01
1.043000000000000000e+03 2.340373782279198123e-01
1.044000000000000000e+03 2.339448675455782500e-01
1.045000000000000000e+03 2.338523934310124119e-01
1.046000000000000000e+03 2.337599558697673607e-01
1.047000000000000000e+03 2.336675548473946262e-01
1.048000000000000000e+03 2.335751903494512061e-01
1.049000000000000000e+03 2.334828623614992049e-01
1.050000000000000000e+03 2.333905708691074166e-01
1.051000000000000000e+03 2.332983158578494365e-01
1.052000000000000000e+03 2.332060973133049941e-01
1.053000000000000000e+03 2.331139152210596754e-01
1.054000000000000000e+03 2.330217695667041178e-01
1.055000000000000000e+03 2.329296603358353979e-01
1.056000000000000000e+03 2.328375875140561158e-01
1.057000000000000000e+03 2.327455510869743394e-01
1.058000000000000000e+03 2.326535510402036322e-01
1.059000000000000000e+03 2.325615873593638860e-01
1.060000000000000000e+03 2.324696600300802107e-01
1.061000000000000000e+03 2.323777690379834338e-01
1.062000000000000000e+03 2.322859143687098504e-01
1.063000000000000000e+03 2.321940960079023342e-01
1.064000000000000000e+03 2.321023139412082825e-01
1.065000000000000000e+03 2.320105681542816711e-01
1.066000000000000000e+03 2.319188586327813606e-01
1.067000000000000000e+03 2.318271853623728451e-01
1.068000000000000000e+03 2.317355483287263929e-01
1.069000000000000000e+03 2.316439475175183227e-01
1.070000000000000000e+03 2.315523829144303103e-01
1.071000000000000000e+03 2.314608545051504707e-01
1.072000000000000000e+03 2.313693622753715262e-01
1.073000000000000000e+03 2.312779062107929440e-01
1.074000000000000000e+03 2.311864862971189372e-01
1.075000000000000000e+03 2.310951025200594644e-01
1.076000000000000000e+03 2.310037548653310069e-01
1.077000000000000000e+03 2.309124433186544867e-01
1.078000000000000000e+03 2.308211678657574040e-01
1.079000000000000000e+03 2.307299284923726157e-01
1.080000000000000000e+03 2.306387251842383912e-01
1.081000000000000000e+03 2.305475579270985509e-01
1.082000000000000000e+03 2.304564267067033545e-01
1.083000000000000000e+03 2.303653315088077247e-01
1.084000000000000000e+03 2.302742723191726071e-01
1.085000000000000000e+03 2.301832491235645817e-01
1.086000000000000000e+03 2.300922619077563902e-01
1.087000000000000000e+03 2.300013106575254096e-01
1.088000000000000000e+03 2.299103953586552895e-01
1.089000000000000000e+03 2.298195159969347035e-01
1.090000000000000000e+03 2.297286725581589584e-01
1.091000000000000000e+03 2.296378650281281075e-01
1.092000000000000000e+03 2.295470933926478385e-01
1.093000000000000000e+03 2.294563576375298897e-01
1.094000000000000000e+03 2.293656577485917447e-01
1.095000000000000000e+03 2.292749937116556613e-01
1.096000000000000000e+03 2.291843655125504198e-01
1.097000000000000000e+03 2.290937731371096575e-01
1.098000000000000000e+03 2.290032165711728962e-01
1.099000000000000000e+03 2.289126958005856249e-01
