3.000000000000000000e+02 1.236646140697258200e+00
3.010000000000000000e+02 1.226848883564815029e+00
3.020000000000000000e+02 1.217078911645595785e+00
3.030000000000000000e+02 1.207336719513631973e+00
3.040000000000000000e+02 1.197622796734098438e+00
3.050000000000000000e+02 1.187937627804674046e+00
3.060000000000000000e+02 1.178281692098111400e+00
3.070000000000000000e+02 1.168655463806023365e+00
3.080000000000000000e+02 1.159059411883899049e+00
3.090000000000000000e+02 1.149493999997359683e+00
3.100000000000000000e+02 1.139959686469662170e+00
3.110000000000000000e+02 1.130456924230461402e+00
3.120000000000000000e+02 1.120986160765840678e+00
3.130000000000000000e+02 1.111547838069616656e+00
3.140000000000000000e+02 1.102142392595930831e+00
3.150000000000000000e+02 1.092770255213129760e+00
3.160000000000000000e+02 1.083431851158949355e+00
3.170000000000000000e+02 1.074127599997000582e+00
3.180000000000000000e+02 1.064857915574575209e+00
3.190000000000000000e+02 1.055623205981763402e+00
3.200000000000000000e+02 1.046423873511905134e+00
3.210000000000000000e+02 1.037260314623364987e+00
3.220000000000000000e+02 1.028132919902649212e+00
3.230000000000000000e+02 1.019042074028859046e+00
3.240000000000000000e+02 1.009988155739493410e+00
3.250000000000000000e+02 1.000971537797595623e+00
3.260000000000000000e+02 9.919925869602577162e-01
3.270000000000000000e+02 9.830516639484749852e-01
3.280000000000000000e+02 9.741491234183636827e-01
3.290000000000000000e+02 9.652853139337348454e-01
3.300000000000000000e+02 9.564605779400331409e-01
3.310000000000000000e+02 9.476752517396368480e-01
3.320000000000000000e+02 9.389296654685247434e-01
3.330000000000000000e+02 9.302241430743066752e-01
3.340000000000000000e+02 9.215590022956198224e-01
3.350000000000000000e+02 9.129345546428900837e-01
3.360000000000000000e+02 9.043511053804582644e-01
3.370000000000000000e+02 8.958089535100692835e-01
3.380000000000000000e+02 8.873083917557244016e-01
3.390000000000000000e+02 8.788497065498920291e-01
3.400000000000000000e+02 8.704331780210785574e-01
3.410000000000000000e+02 8.620590799827543282e-01
3.420000000000000000e+02 8.537276799236297453e-01
3.430000000000000000e+02 8.454392389992840817e-01
3.440000000000000000e+02 8.371940120251364359e-01
3.450000000000000000e+02 8.289922474707600575e-01
3.460000000000000000e+02 8.208341874555317164e-01
3.470000000000000000e+02 8.127200677456128952e-01
3.480000000000000000e+02 8.046501177522584758e-01
3.490000000000000000e+02 7.966245605314448142e-01
3.500000000000000000e+02 7.886436127848117650e-01
3.510000000000000000e+02 7.807074848619156571e-01
3.520000000000000000e+02 7.728163807637798977e-01
3.530000000000000000e+02 7.649704981477420951e-01
3.540000000000000000e+02 7.571700283335869308e-01
3.550000000000000000e+02 7.494151563109583414e-01
3.560000000000000000e+02 7.417060607480419065e-01
3.570000000000000000e+02 7.340429140015077847e-01
3.580000000000000000e+02 7.264258821277098654e-01
3.590000000000000000e+02 7.188551248951251527e-01
3.600000000000000000e+02 7.113307957980297136e-01
3.610000000000000000e+02 7.038530420713979829e-01
3.620000000000000000e+02 6.964220047070158737e-01
3.630000000000000000e+02 6.890378184707977027e-01
3.640000000000000000e+02 6.817006119212957183e-01
3.650000000000000000e+02 6.744105074293907931e-01
3.660000000000000000e+02 6.671676211991525163e-01
3.670000000000000000e+02 6.599720632898593564e-01
3.680000000000000000e+02 6.528239376391621329e-01
3.690000000000000000e+02 6.457233420873828011e-01
3.700000000000000000e+02 6.386703684029342298e-01
3.710000000000000000e+02 6.316651023088472039e-01
3.720000000000000000e+02 6.247076235103938835e-01
3.730000000000000000e+02 6.177980057237899558e-01
3.740000000000000000e+02 6.109363167059681521e-01
3.750000000000000000e+02 6.041226182854015914e-01
3.760000000000000000e+02 5.973569663939704011e-01
3.770000000000000000e+02 5.906394110998504088e-01
3.780000000000000000e+02 5.839699966414133581e-01
3.790000000000000000e+02 5.773487614621229946e-01
3.800000000000000000e+02 5.707757382464111462e-01
3.810000000000000000e+02 5.642509539565181420e-01
3.820000000000000000e+02 5.577744298702829173e-01
3.830000000000000000e+02 5.513461816198675924e-01
3.840000000000000000e+02 5.449662192313982079e-01
3.850000000000000000e+02 5.386345471655078487e-01
3.860000000000000000e+02 5.323511643587655051e-01
3.870000000000000000e+02 5.261160642659714615e-01
3.880000000000000000e+02 5.199292349033073357e-01
3.890000000000000000e+02 5.137906588923191187e-01
3.900000000000000000e+02 5.077003135047194471e-01
3.910000000000000000e+02 5.016581707079904584e-01
3.920000000000000000e+02 4.956641972117709627e-01
3.930000000000000000e+02 4.897183545150085582e-01
3.940000000000000000e+02 4.838205989538619245e-01
3.950000000000000000e+02 4.779708817503340312e-01
3.960000000000000000e+02 4.721691490616174436e-01
3.970000000000000000e+02 4.664153420301367925e-01
3.980000000000000000e+02 4.607093968342671486e-01
3.990000000000000000e+02 4.550512447397129789e-01
4.000000000000000000e+02 4.494408121515280352e-01
4.010000000000000000e+02 4.438780206667575223e-01
4.020000000000000000e+02 4.383627871276860599e-01
4.030000000000000000e+02 4.328950236756712311e-01
4.040000000000000000e+02 4.274746378055458429e-01
4.050000000000000000e+02 4.221015324205685260e-01
4.060000000000000000e+02 4.167756058879061865e-01
4.070000000000000000e+02 4.114967520946289370e-01
4.080000000000000000e+02 4.062648605041977445e-01
4.090000000000000000e+02 4.010798162134289191e-01
4.100000000000000000e+02 3.959415000099138493e-01
4.110000000000000000e+02 3.908497884298773872e-01
4.120000000000000000e+02 3.858045538164556199e-01
4.130000000000000000e+02 3.808056643783739870e-01
4.140000000000000000e+02 3.758529842490080375e-01
4.150000000000000000e+02 3.709463735458077838e-01
4.160000000000000000e+02 3.660856884300661696e-01
4.170000000000000000e+02 3.612707811670157199e-01
4.180000000000000000e+02 3.565015001862308353e-01
4.190000000000000000e+02 3.517776901423221858e-01
4.200000000000000000e+02 3.470991919759004452e-01
4.210000000000000000e+02 3.424658429747938215e-01
4.220000000000000000e+02 3.378774768354990687e-01
4.230000000000000000e+02 3.333339237248507114e-01
4.240000000000000000e+02 3.288350103418864467e-01
4.250000000000000000e+02 3.243805599798940675e-01
4.260000000000000000e+02 3.199703925886199785e-01
4.270000000000000000e+02 3.156043248366232068e-01
4.280000000000000000e+02 3.112821701737537583e-01
4.290000000000000000e+02 3.070037388937429390e-01
4.300000000000000000e+02 3.027688381968826614e-01
4.310000000000000000e+02 2.985772722527795797e-01
4.320000000000000000e+02 2.944288422631669011e-01
4.330000000000000000e+02 2.903233465247540557e-01
4.340000000000000000e+02 2.862605804921001251e-01
4.350000000000000000e+02 2.822403368404921564e-01
4.360000000000000000e+02 2.782624055288130394e-01
4.370000000000000000e+02 2.743265738623807404e-01
4.380000000000000000e+02 2.704326265557441267e-01
4.390000000000000000e+02 2.665803457954176170e-01
4.400000000000000000e+02 2.627695113025397822e-01
4.410000000000000000e+02 2.589999003954385204e-01
4.420000000000000000e+02 2.552712880520891514e-01
4.430000000000000000e+02 2.515834469724466671e-01
4.440000000000000000e+02 2.479361476406400366e-01
4.450000000000000000e+02 2.443291583870114414e-01
4.460000000000000000e+02 2.407622454499847020e-01
4.470000000000000000e+02 2.372351730377506018e-01
4.480000000000000000e+02 2.337477033897518153e-01
4.490000000000000000e+02 2.302995968379541181e-01
4.500000000000000000e+02 2.268906118678899464e-01
4.510000000000000000e+02 2.235205051794595665e-01
4.520000000000000000e+02 2.201890317474760606e-01
4.530000000000000000e+02 2.168959448819408053e-01
4.540000000000000000e+02 2.136409962880360947e-01
4.550000000000000000e+02 2.104239361258211094e-01
4.560000000000000000e+02 2.072445130696189131e-01
4.570000000000000000e+02 2.041024743670812325e-01
4.580000000000000000e+02 2.009975658979190893e-01
4.590000000000000000e+02 1.979295322322858763e-01
4.600000000000000000e+02 1.948981166888023031e-01
4.610000000000000000e+02 1.919030613922102779e-01
4.620000000000000000e+02 1.889441073306444563e-01
4.630000000000000000e+02 1.860209944125103543e-01
4.640000000000000000e+02 1.831334615229572027e-01
4.650000000000000000e+02 1.802812465799357722e-01
4.660000000000000000e+02 1.774640865898297337e-01
4.670000000000000000e+02 1.746817177026502854e-01
4.680000000000000000e+02 1.719338752667841363e-01
4.690000000000000000e+02 1.692202938832846892e-01
4.700000000000000000e+02 1.665407074596974846e-01
4.710000000000000000e+02 1.638948492634094978e-01
4.720000000000000000e+02 1.612824519745141849e-01
4.730000000000000000e+02 1.587032477381822293e-01
4.740000000000000000e+02 1.561569682165311057e-01
4.750000000000000000e+02 1.536433446399829428e-01
4.760000000000000000e+02 1.511621078581049937e-01
4.770000000000000000e+02 1.487129883899222793e-01
4.780000000000000000e+02 1.462957164736972682e-01
4.790000000000000000e+02 1.439100221161674908e-01
4.800000000000000000e+02 1.415556351412348146e-01
4.810000000000000000e+02 1.392322852380994680e-01
4.820000000000000000e+02 1.369397020088322092e-01
4.830000000000000000e+02 1.346776150153783658e-01
4.840000000000000000e+02 1.324457538259872225e-01
4.850000000000000000e+02 1.302438480610620397e-01
4.860000000000000000e+02 1.280716274384239850e-01
4.870000000000000000e+02 1.259288218179855368e-01
4.880000000000000000e+02 1.238151612458278095e-01
4.890000000000000000e+02 1.217303759976771649e-01
4.900000000000000000e+02 1.196741966217768766e-01
4.910000000000000000e+02 1.176463539811491155e-01
4.920000000000000000e+02 1.156465792952433430e-01
4.930000000000000000e+02 1.136746041809676561e-01
4.940000000000000000e+02 1.117301606930991842e-01
4.950000000000000000e+02 1.098129813640700836e-01
4.960000000000000000e+02 1.079227992431268102e-01
4.970000000000000000e+02 1.060593479348592577e-01
4.980000000000000000e+02 1.042223616370969164e-01
4.990000000000000000e+02 1.024115751781706496e-01
5.000000000000000000e+02 1.006267240535373975e-01
5.010000000000000000e+02 9.886754446176580780e-02
5.020000000000000000e+02 9.713377333988128248e-02
5.030000000000000000e+02 9.542514839806985616e-02
5.040000000000000000e+02 9.374140815373799285e-02
5.050000000000000000e+02 9.208229196492921653e-02
5.060000000000000000e+02 9.044754006309554950e-02
5.070000000000000000e+02 8.883689358522386947e-02
5.080000000000000000e+02 8.725009460531676919e-02
5.090000000000000000e+02 8.568688616522773804e-02
5.100000000000000000e+02 8.414701230485101269e-02
5.110000000000000000e+02 8.263021809166611054e-02
5.120000000000000000e+02 8.113624964963819797e-02
5.130000000000000000e+02 7.966485418747436265e-02
5.140000000000000000e+02 7.821578002623701120e-02
5.150000000000000000e+02 7.678877662631621026e-02
5.160000000000000000e+02 7.538359461376091530e-02
5.170000000000000000e+02 7.399998580597220987e-02
5.180000000000000000e+02 7.263770323675898533e-02
5.190000000000000000e+02 7.129650118075910037e-02
5.200000000000000000e+02 6.997613517722722776e-02
5.210000000000000000e+02 6.867636205319202491e-02
5.220000000000000000e+02 6.739693994598555671e-02
5.230000000000000000e+02 6.613762832514671897e-02
5.240000000000000000e+02 6.489818801370215995e-02
5.250000000000000000e+02 6.367838120882748920e-02
5.260000000000000000e+02 6.247797150189192406e-02
5.270000000000000000e+02 6.129672389788946157e-02
5.280000000000000000e+02 6.013440483426055194e-02
5.290000000000000000e+02 5.899078219910727089e-02
5.300000000000000000e+02 5.786562534880634878e-02
5.310000000000000000e+02 5.675870512502338011e-02
5.320000000000000000e+02 5.566979387113289712e-02
5.330000000000000000e+02 5.459866544804798522e-02
5.340000000000000000e+02 5.354509524946397814e-02
5.350000000000000000e+02 5.250886021652077795e-02
5.360000000000000000e+02 5.148973885188828925e-02
5.370000000000000000e+02 5.048751123327964441e-02
5.380000000000000000e+02 4.950195902639731305e-02
5.390000000000000000e+02 4.853286549731652966e-02
5.400000000000000000e+02 4.758001552431181252e-02
5.410000000000000000e+02 4.664319560913113283e-02
5.420000000000000000e+02 4.572219388772350707e-02
5.430000000000000000e+02 4.481680014042500881e-02
5.440000000000000000e+02 4.392680580160902154e-02
5.450000000000000000e+02 4.305200396880601299e-02
5.460000000000000000e+02 4.219218941129897898e-02
5.470000000000000000e+02 4.134715857819975388e-02
5.480000000000000000e+02 4.051670960601251592e-02
5.490000000000000000e+02 3.970064232569005258e-02
5.500000000000000000e+02 3.889875826918940543e-02
5.510000000000000000e+02 3.811086067553222378e-02
5.520000000000000000e+02 3.733675449637643973e-02
5.530000000000000000e+02 3.657624640110559294e-02
5.540000000000000000e+02 3.582914478144190451e-02
5.550000000000000000e+02 3.509525975558931699e-02
5.560000000000000000e+02 3.437440317191350209e-02
5.570000000000000000e+02 3.366638861216447731e-02
5.580000000000000000e+02 3.297103139424920060e-02
5.590000000000000000e+02 3.228814857456012433e-02
5.600000000000000000e+02 3.161755894986671700e-02
5.610000000000000000e+02 3.095908305877609346e-02
5.620000000000000000e+02 3.031254318277028237e-02
5.630000000000000000e+02 2.967776334682610193e-02
5.640000000000000000e+02 2.905456931962459993e-02
5.650000000000000000e+02 2.844278861335727479e-02
5.660000000000000000e+02 2.784225048313532930e-02
5.670000000000000000e+02 2.725278592600915636e-02
5.680000000000000000e+02 2.667422767960484636e-02
5.690000000000000000e+02 2.610641022038437051e-02
5.700000000000000000e+02 2.554916976153687527e-02
5.710000000000000000e+02 2.500234425050738146e-02
5.720000000000000000e+02 2.446577336617005230e-02
5.730000000000000000e+02 2.393929851565324007e-02
5.740000000000000000e+02 2.342276283082269164e-02
5.750000000000000000e+02 2.291601116443013966e-02
5.760000000000000000e+02 2.241889008593427046e-02
5.770000000000000000e+02 2.193124787700078890e-02
5.780000000000000000e+02 2.145293452668847398e-02
5.790000000000000000e+02 2.098380172632829249e-02
5.800000000000000000e+02 2.052370286410235695e-02
5.810000000000000000e+02 2.007249301932946539e-02
5.820000000000000000e+02 1.963002895646423496e-02
5.830000000000000000e+02 1.919616911881663959e-02
5.840000000000000000e+02 1.877077362199850233e-02
5.850000000000000000e+02 1.835370424710422096e-02
5.860000000000000000e+02 1.794482443363171545e-02
5.870000000000000000e+02 1.754399927215120197e-02
5.880000000000000000e+02 1.715109549672763634e-02
5.890000000000000000e+02 1.676598147710404649e-02
5.900000000000000000e+02 1.638852721065210682e-02
5.910000000000000000e+02 1.601860431409657740e-02
5.920000000000000000e+02 1.565608601502017222e-02
5.930000000000000000e+02 1.530084714315523529e-02
5.940000000000000000e+02 1.495276412146880236e-02
5.950000000000000000e+02 1.461171495704735243e-02
5.960000000000000000e+02 1.427757923178769699e-02
5.970000000000000000e+02 1.395023809290009756e-02
5.980000000000000000e+02 1.362957424323018273e-02
5.990000000000000000e+02 1.331547193140554877e-02
6.000000000000000000e+02 1.300781694181333409e-02
6.010000000000000000e+02 1.270649658441490651e-02
6.020000000000000000e+02 1.241139968440359981e-02
6.030000000000000000e+02 1.212241657171141650e-02
6.040000000000000000e+02 1.183943907037081876e-02
6.050000000000000000e+02 1.156236048773725406e-02
6.060000000000000000e+02 1.129107560357826313e-02
6.070000000000000000e+02 1.102548065903498527e-02
6.080000000000000000e+02 1.076547334546159446e-02
6.090000000000000000e+02 1.051095279314833569e-02
6.100000000000000000e+02 1.026181955993366382e-02
6.110000000000000000e+02 1.001797561971098059e-02
6.120000000000000000e+02 9.779324350835326765e-03
6.130000000000000000e+02 9.545770524435337467e-03
6.140000000000000000e+02 9.317220292635815942e-03
6.150000000000000000e+02 9.093581176695942486e-03
6.160000000000000000e+02 8.874762055068412953e-03
6.170000000000000000e+02 8.660673151384416096e-03
6.180000000000000000e+02 8.451226022369431878e-03
6.190000000000000000e+02 8.246333545694851941e-03
6.200000000000000000e+02 8.045909907770031413e-03
6.210000000000000000e+02 7.849870591479840912e-03
6.220000000000000000e+02 7.658132363871900279e-03
6.230000000000000000e+02 7.470613263798764163e-03
6.240000000000000000e+02 7.287232589518732699e-03
6.250000000000000000e+02 7.107910886260657146e-03
6.260000000000000000e+02 6.932569933756217717e-03
6.270000000000000000e+02 6.761132733744744210e-03
6.280000000000000000e+02 6.593523497454080971e-03
6.290000000000000000e+02 6.429667633062311795e-03
6.300000000000000000e+02 6.269491733143742196e-03
6.310000000000000000e+02 6.112923562103770789e-03
6.320000000000000000e+02 5.959892043605862465e-03
6.330000000000000000e+02 5.810327247995207382e-03
6.340000000000000000e+02 5.664160379721987909e-03
6.350000000000000000e+02 5.521323764768767267e-03
6.360000000000000000e+02 5.381750838084817072e-03
6.370000000000000000e+02 5.245376131031523684e-03
6.380000000000000000e+02 5.112135258841825000e-03
6.390000000000000000e+02 4.981964908097504495e-03
6.400000000000000000e+02 4.854802824227063412e-03
6.410000000000000000e+02 4.730587799028061237e-03
6.420000000000000000e+02 4.609259658216327028e-03
6.430000000000000000e+02 4.490759249005794700e-03
6.440000000000000000e+02 4.375028427721312785e-03
6.450000000000000000e+02 4.262010047447902482e-03
6.460000000000000000e+02 4.151647945718772888e-03
6.470000000000000000e+02 4.043886932245333889e-03
6.480000000000000000e+02 3.938672776691448836e-03
6.490000000000000000e+02 3.835952196494932850e-03
6.500000000000000000e+02 3.735672844738455178e-03
6.510000000000000000e+02 3.637783298072689697e-03
6.520000000000000000e+02 3.542233044693740562e-03
6.530000000000000000e+02 3.448972472377494127e-03
6.540000000000000000e+02 3.357952856572826977e-03
6.550000000000000000e+02 3.269126348556200632e-03
6.560000000000000000e+02 3.182445963649361154e-03
6.570000000000000000e+02 3.097865569502597418e-03
6.580000000000000000e+02 3.015339874445127546e-03
6.590000000000000000e+02 2.934824415904910711e-03
6.600000000000000000e+02 2.856275548899321094e-03
6.610000000000000000e+02 2.779650434598878415e-03
6.620000000000000000e+02 2.704907028965326549e-03
6.630000000000000000e+02 2.632004071466087242e-03
6.640000000000000000e+02 2.560901073866324058e-03
6.650000000000000000e+02 2.491558309100438875e-03
6.660000000000000000e+02 2.423936800224169279e-03
6.670000000000000000e+02 2.357998309448968224e-03
6.680000000000000000e+02 2.293705327259688148e-03
6.690000000000000000e+02 2.231021061617165496e-03
6.700000000000000000e+02 2.169909427246594254e-03
6.710000000000000000e+02 2.110335035013150007e-03
6.720000000000000000e+02 2.052263181385668121e-03
6.730000000000000000e+02 1.995659837989709629e-03
6.740000000000000000e+02 1.940491641250700460e-03
6.750000000000000000e+02 1.886725882128361363e-03
6.760000000000000000e+02 1.834330495943039792e-03
6.770000000000000000e+02 1.783274052295017766e-03
6.780000000000000000e+02 1.733525745077305492e-03
6.790000000000000000e+02 1.685055382582915625e-03
6.800000000000000000e+02 1.637833377707008028e-03
6.810000000000000000e+02 1.591830738244788459e-03
6.820000000000000000e+02 1.547019057285489024e-03
6.830000000000000000e+02 1.503370503703173322e-03
6.840000000000000000e+02 1.460857812744642287e-03
6.850000000000000000e+02 1.419454276715058317e-03
6.860000000000000000e+02 1.379133735761483692e-03
6.870000000000000000e+02 1.339870568754868239e-03
6.880000000000000000e+02 1.301639684270591846e-03
6.890000000000000000e+02 1.264416511668005685e-03
6.900000000000000000e+02 1.228176992268990809e-03
6.910000000000000000e+02 1.192897570635915528e-03
6.920000000000000000e+02 1.158555185948910481e-03
6.930000000000000000e+02 1.125127263482769095e-03
6.940000000000000000e+02 1.092591706183327271e-03
6.950000000000000000e+02 1.060926886343532220e-03
6.960000000000000000e+02 1.030111637379013288e-03
6.970000000000000000e+02 1.000125245703257365e-03
6.980000000000000000e+02 9.709474427021608451e-04
6.990000000000000000e+02 9.425583968079850406e-04
7.000000000000000000e+02 9.149387056724133131e-04
7.010000000000000000e+02 8.880693884386738155e-04
7.020000000000000000e+02 8.619318781123779753e-04
7.030000000000000000e+02 8.365080140309643459e-04
7.040000000000000000e+02 8.117800344313428782e-04
7.050000000000000000e+02 7.877305691155626682e-04
7.060000000000000000e+02 7.643426322140664661e-04
7.070000000000000000e+02 7.415996150462737975e-04
7.080000000000000000e+02 7.194852790780182500e-04
7.090000000000000000e+02 6.979837489755327459e-04
7.100000000000000000e+02 6.770795057554479654e-04
7.110000000000000000e+02 6.567573800304499264e-04
7.120000000000000000e+02 6.370025453500377088e-04
7.130000000000000000e+02 6.178005116359536024e-04
7.140000000000000000e+02 5.991371187117037903e-04
7.150000000000000000e+02 5.809985299256853605e-04
7.160000000000000000e+02 5.633712258673130363e-04
7.170000000000000000e+02 5.462419981756208706e-04
7.180000000000000000e+02 5.295979434396771079e-04
7.190000000000000000e+02 5.134264571902737986e-04
7.200000000000000000e+02 4.977152279821852416e-04
7.210000000000000000e+02 4.824522315664233393e-04
7.220000000000000000e+02 4.676257251517634481e-04
7.230000000000000000e+02 4.532242417549175811e-04
7.240000000000000000e+02 4.392365846386190589e-04
7.250000000000000000e+02 4.256518218369660287e-04
7.260000000000000000e+02 4.124592807672490796e-04
7.270000000000000000e+02 3.996485429275986644e-04
7.280000000000000000e+02 3.872094386796538670e-04
7.290000000000000000e+02 3.751320421155539633e-04
7.300000000000000000e+02 3.634066660084449372e-04
7.310000000000000000e+02 3.520238568457787647e-04
7.320000000000000000e+02 3.409743899445817975e-04
7.330000000000000000e+02 3.302492646479458262e-04
7.340000000000000000e+02 3.198396996019055804e-04
7.350000000000000000e+02 3.097371281119470281e-04
7.360000000000000000e+02 2.999331935782835598e-04
7.370000000000000000e+02 2.904197450091403564e-04
7.380000000000000000e+02 2.811888326111742662e-04
7.390000000000000000e+02 2.722327034562463974e-04
7.400000000000000000e+02 2.635437972236770281e-04
7.410000000000000000e+02 2.551147420171861633e-04
7.420000000000000000e+02 2.469383502556377931e-04
7.430000000000000000e+02 2.390076146367898526e-04
7.440000000000000000e+02 2.313157041731619230e-04
7.450000000000000000e+02 2.238559602992077106e-04
7.460000000000000000e+02 2.166218930489114986e-04
7.470000000000000000e+02 2.096071773029873156e-04
7.480000000000000000e+02 2.028056491047950814e-04
7.490000000000000000e+02 1.962113020441518245e-04
7.500000000000000000e+02 1.898182837081529629e-04
7.510000000000000000e+02 1.836208921981782188e-04
7.520000000000000000e+02 1.776135727122008737e-04
7.530000000000000000e+02 1.717909141915714634e-04
7.540000000000000000e+02 1.661476460313987666e-04
7.550000000000000000e+02 1.606786348537030638e-04
7.560000000000000000e+02 1.553788813424642758e-04
7.570000000000000000e+02 1.502435171397443483e-04
7.580000000000000000e+02 1.452678018020129170e-04
7.590000000000000000e+02 1.404471198158584665e-04
7.600000000000000000e+02 1.357769776722195178e-04
7.610000000000000000e+02 1.312530009983227202e-04
7.620000000000000000e+02 1.268709317464746899e-04
7.630000000000000000e+02 1.226266254388922469e-04
7.640000000000000000e+02 1.185160484677339783e-04
7.650000000000000000e+02 1.145352754495219158e-04
7.660000000000000000e+02 1.106804866331221628e-04
7.670000000000000000e+02 1.069479653604889799e-04
7.680000000000000000e+02 1.033340955793445796e-04
7.690000000000000000e+02 9.983535940701124126e-05
7.700000000000000000e+02 9.644833474457816197e-05
7.710000000000000000e+02 9.316969294062966934e-05
7.720000000000000000e+02 8.999619650373010048e-05
7.730000000000000000e+02 8.692469686289846435e-05
7.740000000000000000e+02 8.395213217528587864e-05
7.750000000000000000e+02 8.107552518029746290e-05
7.760000000000000000e+02 7.829198109938321245e-05
7.770000000000000000e+02 7.559868558075460542e-05
7.780000000000000000e+02 7.299290268826183481e-05
7.790000000000000000e+02 7.047197293370317675e-05
7.800000000000000000e+02 6.803331135181553586e-05
7.810000000000000000e+02 6.567440561722677234e-05
7.820000000000000000e+02 6.339281420263793380e-05
7.830000000000000000e+02 6.118616457752781433e-05
7.840000000000000000e+02 5.905215144666096737e-05
7.850000000000000000e+02 5.698853502770737675e-05
7.860000000000000000e+02 5.499313936726949511e-05
7.870000000000000000e+02 5.306385069463871149e-05
7.880000000000000000e+02 5.119861581259248164e-05
7.890000000000000000e+02 4.939544052456844699e-05
7.900000000000000000e+02 4.765238809754242889e-05
7.910000000000000000e+02 4.596757775996185719e-05
7.920000000000000000e+02 4.433918323407598706e-05
7.930000000000000000e+02 4.276543130203080739e-05
7.940000000000000000e+02 4.124460040508497719e-05
7.950000000000000000e+02 3.977501927532998716e-05
7.960000000000000000e+02 3.835506559928732206e-05
7.970000000000000000e+02 3.698316471277954997e-05
7.980000000000000000e+02 3.565778832646666050e-05
7.990000000000000000e+02 3.437745328145765632e-05
8.000000000000000000e+02 3.314072033440572162e-05
8.010000000000000000e+02 3.194619297151215088e-05
8.020000000000000000e+02 3.079251625086366510e-05
8.030000000000000000e+02 2.967837567254389441e-05
8.040000000000000000e+02 2.860249607595872484e-05
8.050000000000000000e+02 2.756364056383247299e-05
8.060000000000000000e+02 2.656060945233095806e-05
8.070000000000000000e+02 2.559223924678243124e-05
8.080000000000000000e+02 2.465740164246957246e-05
8.090000000000000000e+02 2.375500254997849693e-05
8.100000000000000000e+02 2.288398114459315005e-05
8.110000000000000000e+02 2.204330893923720126e-05
8.120000000000000000e+02 2.123198888046641156e-05
8.130000000000000000e+02 2.044905446702972293e-05
8.140000000000000000e+02 1.969356889051673522e-05
8.150000000000000000e+02 1.896462419762512310e-05
8.160000000000000000e+02 1.826134047358076955e-05
8.170000000000000000e+02 1.758286504625916781e-05
8.180000000000000000e+02 1.692837171055603358e-05
8.190000000000000000e+02 1.629705997256967228e-05
8.200000000000000000e+02 1.568815431315874389e-05
8.210000000000000000e+02 1.510090347045209008e-05
8.220000000000000000e+02 1.453457974088861498e-05
8.230000000000000000e+02 1.398847829837850751e-05
8.240000000000000000e+02 1.346191653117804861e-05
8.250000000000000000e+02 1.295423339608321507e-05
8.260000000000000000e+02 1.246478878954870409e-05
8.270000000000000000e+02 1.199296293535099532e-05
8.280000000000000000e+02 1.153815578841642008e-05
8.290000000000000000e+02 1.109978645444589699e-05
8.300000000000000000e+02 1.067729262497118316e-05
8.310000000000000000e+02 1.027013002748758002e-05
8.320000000000000000e+02 9.877771890311170253e-06
8.330000000000000000e+02 9.499708421818391188e-06
8.340000000000000000e+02 9.135446303729423016e-06
8.350000000000000000e+02 8.784508198105507918e-06
8.360000000000000000e+02 8.446432267734631233e-06
8.370000000000000000e+02 8.120771709588177987e-06
8.380000000000000000e+02 7.807094301035077906e-06
8.390000000000000000e+02 7.504981958508677294e-06
8.400000000000000000e+02 7.214030308324592473e-06
8.410000000000000000e+02 6.933848269356869461e-06
8.420000000000000000e+02 6.664057647282352146e-06
8.430000000000000000e+02 6.404292740112172741e-06
8.440000000000000000e+02 6.154199954731939728e-06
8.450000000000000000e+02 5.913437434180576466e-06
8.460000000000000000e+02 5.681674695400657978e-06
8.470000000000000000e+02 5.458592277201157162e-06
8.480000000000000000e+02 5.243881398176350101e-06
8.490000000000000000e+02 5.037243624332384712e-06
8.500000000000000000e+02 4.838390546175852012e-06
8.510000000000000000e+02 4.647043465026241242e-06
8.520000000000000000e+02 4.462933088316807090e-06
8.530000000000000000e+02 4.285799233655787922e-06
8.540000000000000000e+02 4.115390541422552455e-06
8.550000000000000000e+02 3.951464195680121735e-06
8.560000000000000000e+02 3.793785653188579968e-06
8.570000000000000000e+02 3.642128380309949965e-06
8.580000000000000000e+02 3.496273597598597050e-06
8.590000000000000000e+02 3.356010031876797473e-06
8.600000000000000000e+02 3.221133675598525163e-06
8.610000000000000000e+02 3.091447553309996035e-06
8.620000000000000000e+02 2.966761495018722705e-06
8.630000000000000000e+02 2.846891916288163268e-06
8.640000000000000000e+02 2.731661604878144136e-06
8.650000000000000000e+02 2.620899513756393649e-06
8.660000000000000000e+02 2.514440560309560236e-06
8.670000000000000000e+02 2.412125431586951253e-06
8.680000000000000000e+02 2.313800395413235647e-06
8.690000000000000000e+02 2.219317117211076184e-06
8.700000000000000000e+02 2.128532482377475911e-06
8.710000000000000000e+02 2.041308424062214894e-06
8.720000000000000000e+02 1.957511756199464587e-06
8.730000000000000000e+02 1.877014011648095284e-06
8.740000000000000000e+02 1.799691285298811353e-06
8.750000000000000000e+02 1.725424082010445755e-06
8.760000000000000000e+02 1.654097169240384955e-06
8.770000000000000000e+02 1.585599434238007757e-06
8.780000000000000000e+02 1.519823745672634891e-06
8.790000000000000000e+02 1.456666819571224602e-06
8.800000000000000000e+02 1.396029089443579526e-06
8.810000000000000000e+02 1.337814580476369719e-06
8.820000000000000000e+02 1.281930787679765263e-06
8.830000000000000000e+02 1.228288557873833549e-06
8.840000000000000000e+02 1.176801975404262958e-06
8.850000000000000000e+02 1.127388251480198695e-06
8.860000000000000000e+02 1.079967617029262222e-06
8.870000000000000000e+02 1.034463218967932488e-06
8.880000000000000000e+02 9.908010197876818734e-07
8.890000000000000000e+02 9.489097003601883351e-07
8.900000000000000000e+02 9.087205658671047016e-07
8.910000000000000000e+02 8.701674547626579224e-07
8.920000000000000000e+02 8.331866506794042625e-07
8.930000000000000000e+02 7.977167971901666791e-07
8.940000000000000000e+02 7.636988153411338694e-07
8.950000000000000000e+02 7.310758238736486756e-07
8.960000000000000000e+02 6.997930620541534483e-07
8.970000000000000000e+02 6.697978150341231894e-07
8.980000000000000000e+02 6.410393416637185730e-07
8.990000000000000000e+02 6.134688046851215963e-07
9.000000000000000000e+02 5.870392032333459982e-07
9.010000000000000000e+02 5.617053075744543978e-07
9.020000000000000000e+02 5.374235960128192867e-07
9.030000000000000000e+02 5.141521939011618424e-07
9.040000000000000000e+02 4.918508146886884907e-07
9.050000000000000000e+02 4.704807029446598674e-07
9.060000000000000000e+02 4.500045792962382523e-07
9.070000000000000000e+02 4.303865872213828987e-07
9.080000000000000000e+02 4.115922416389942684e-07
9.090000000000000000e+02 3.935883792403409024e-07
9.100000000000000000e+02 3.763431105071900930e-07
9.110000000000000000e+02 3.598257733637626726e-07
9.120000000000000000e+02 3.440068884109922001e-07
9.130000000000000000e+02 3.288581156931833216e-07
9.140000000000000000e+02 3.143522129484235151e-07
9.150000000000000000e+02 3.004629952956745754e-07
9.160000000000000000e+02 2.871652963126574691e-07
9.170000000000000000e+02 2.744349304601335950e-07
9.180000000000000000e+02 2.622486568093066333e-07
9.190000000000000000e+02 2.505841440304979063e-07
9.200000000000000000e+02 2.394199366023219411e-07
9.210000000000000000e+02 2.287354222019120201e-07
9.220000000000000000e+02 2.185108002377945004e-07
9.230000000000000000e+02 2.087270514882554796e-07
9.240000000000000000e+02 1.993659088090389374e-07
9.250000000000000000e+02 1.904098288754016230e-07
9.260000000000000000e+02 1.818419649244808983e-07
9.270000000000000000e+02 1.736461404650697364e-07
9.280000000000000000e+02 1.658068239227733796e-07
9.290000000000000000e+02 1.583091041895891595e-07
9.300000000000000000e+02 1.511386670478042605e-07
9.310000000000000000e+02 1.442817724390950916e-07
9.320000000000000000e+02 1.377252325505333177e-07
9.330000000000000000e+02 1.314563906901445729e-07
9.340000000000000000e+02 1.254631009254257757e-07
9.350000000000000000e+02 1.197337084591268024e-07
9.360000000000000000e+02 1.142570307173305027e-07
9.370000000000000000e+02 1.090223391256955144e-07
9.380000000000000000e+02 1.040193415504323231e-07
9.390000000000000000e+02 9.923816538135925469e-08
9.400000000000000000e+02 9.466934123505201846e-08
9.410000000000000000e+02 9.030378725684061990e-08
9.420000000000000000e+02 8.613279400102914661e-08
9.430000000000000000e+02 8.214800986941471592e-08
9.440000000000000000e+02 7.834142708877633237e-08
9.450000000000000000e+02 7.470536820865143024e-08
9.460000000000000000e+02 7.123247310129334234e-08
9.470000000000000000e+02 6.791568644630597114e-08
9.480000000000000000e+02 6.474824568299087604e-08
9.490000000000000000e+02 6.172366941401986552e-08
9.500000000000000000e+02 5.883574624454725608e-08
9.510000000000000000e+02 5.607852404142482381e-08
9.520000000000000000e+02 5.344629959764855430e-08
9.530000000000000000e+02 5.093360868768901537e-08
9.540000000000000000e+02 4.853521649979584061e-08
9.550000000000000000e+02 4.624610843185407437e-08
9.560000000000000000e+02 4.406148123778755043e-08
9.570000000000000000e+02 4.197673451196147074e-08
9.580000000000000000e+02 3.998746249942842103e-08
9.590000000000000000e+02 3.808944622029286241e-08
9.600000000000000000e+02 3.627864589683737230e-08
9.610000000000000000e+02 3.455119367245846567e-08
9.620000000000000000e+02 3.290338661180699843e-08
9.630000000000000000e+02 3.133167997190614340e-08
9.640000000000000000e+02 2.983268073434974265e-08
9.650000000000000000e+02 2.840314138903431977e-08
9.660000000000000000e+02 2.703995396019150073e-08
9.670000000000000000e+02 2.574014426581421235e-08
9.680000000000000000e+02 2.450086640186492758e-08
9.690000000000000000e+02 2.331939744296159663e-08
9.700000000000000000e+02 2.219313235151232830e-08
9.710000000000000000e+02 2.111957908755799560e-08
9.720000000000000000e+02 2.009635391184124473e-08
9.730000000000000000e+02 1.912117687489006374e-08
9.740000000000000000e+02 1.819186748514656672e-08
9.750000000000000000e+02 1.730634054942471387e-08
9.760000000000000000e+02 1.646260217920807630e-08
9.770000000000000000e+02 1.565874595653520896e-08
9.780000000000000000e+02 1.489294925343359954e-08
9.790000000000000000e+02 1.416346969908379325e-08
9.800000000000000000e+02 1.346864178909631825e-08
9.810000000000000000e+02 1.280687363148911937e-08
9.820000000000000000e+02 1.217664382414128874e-08
9.830000000000000000e+02 1.157649845869208978e-08
9.840000000000000000e+02 1.100504824602875346e-08
9.850000000000000000e+02 1.046096575868760170e-08
9.860000000000000000e+02 9.942982785655640544e-09
9.870000000000000000e+02 9.449887795230118469e-09
9.880000000000000000e+02 8.980523501744591536e-09
9.890000000000000000e+02 8.533784532128353076e-09
9.900000000000000000e+02 8.108615188409083468e-09
9.910000000000000000e+02 7.704007302414948547e-09
9.920000000000000000e+02 7.318998179065605836e-09
9.930000000000000000e+02 6.952668624779491140e-09
9.940000000000000000e+02 6.604141057647869817e-09
9.950000000000000000e+02 6.272577696154932354e-09
9.960000000000000000e+02 5.957178823338810747e-09
9.970000000000000000e+02 5.657181123407311756e-09
9.980000000000000000e+02 5.371856087930810026e-09
9.990000000000000000e+02 5.100508488844897999e-09
