3.061600000000000250e+02 5.903306904101927530e-03 7.532243826136136812e-04
3.148700000000000045e+02 2.233216658015739833e-02 4.873596861923804036e-04
3.260400000000000205e+02 6.216419890249193225e-02 6.202920344029970966e-04
3.297599999999999909e+02 7.962314664578155898e-02 7.974173175240580709e-04
3.322300000000000182e+02 9.029561665427134065e-02 1.018912307295205197e-03
3.371700000000000159e+02 1.134008061872199824e-01 1.417709351927055059e-03
3.421100000000000136e+02 1.377650411799751506e-01 1.816506396558905138e-03
3.458000000000000114e+02 1.556744850249376366e-01 2.259496376101199390e-03
3.507400000000000091e+02 1.806880528486487780e-01 2.658293420733049469e-03
3.519700000000000273e+02 1.864648866661474391e-01 2.879788410504196920e-03
3.531999999999999886e+02 1.922941827400122539e-01 3.056913693625257569e-03
3.568999999999999773e+02 2.101229176195527903e-01 3.499903673167551604e-03
3.605899999999999750e+02 2.280838476776055612e-01 3.943070424449488486e-03
3.642900000000000205e+02 2.452035255002626979e-01 4.341690697341696152e-03
3.679900000000000091e+02 2.624077379706817870e-01 4.784857448623632166e-03
3.692200000000000273e+02 2.681360901825563525e-01 4.961982731744693682e-03
3.716899999999999977e+02 2.793262354081472165e-01 5.183477721515840700e-03
3.753799999999999955e+02 2.957443550784225605e-01 5.626644472797776714e-03
3.790799999999999841e+02 3.120563628005909029e-01 6.025264745689984380e-03
3.827799999999999727e+02 3.287820836206726827e-01 6.468254725232279283e-03
3.852300000000000182e+02 3.399004020969640383e-01 6.955614411424658819e-03
3.889399999999999977e+02 3.565812977305468090e-01 7.132916466285361447e-03
3.914100000000000250e+02 3.673392230107095369e-01 7.310041749406423831e-03
3.938799999999999955e+02 3.778011001483198572e-01 7.531713510917211959e-03
3.963500000000000227e+02 3.881250124089465348e-01 7.708838794038272609e-03
3.988199999999999932e+02 3.983028632774766598e-01 7.930333783809421361e-03
4.012900000000000205e+02 4.082114686999521180e-01 8.107635838670123121e-03
4.037599999999999909e+02 4.178459744409482868e-01 8.329130828441271006e-03
4.074800000000000182e+02 4.320209802726672765e-01 8.506256111562330788e-03
4.099499999999999886e+02 4.412025896825292337e-01 8.727751101333478673e-03
4.136600000000000250e+02 4.544542230565907226e-01 8.905053156194180433e-03
4.161299999999999955e+02 4.630260685019096378e-01 9.082178439315241950e-03
4.198399999999999750e+02 4.755192567205722698e-01 9.303850200826030079e-03
4.223000000000000114e+02 4.835466232716735258e-01 9.658277538807795090e-03
4.260199999999999818e+02 4.952920022983467452e-01 9.835402821928856607e-03
4.297300000000000182e+02 5.065295841743818750e-01 1.001270487678956010e-02
4.334499999999999886e+02 5.173168299593271513e-01 1.018983015991061815e-02
4.359100000000000250e+02 5.241852483227924520e-01 1.041132514968176603e-02
4.396299999999999955e+02 5.341708020774584842e-01 1.058862720454246779e-02
4.433399999999999750e+02 5.438494630793240248e-01 1.076575248766353105e-02
4.470600000000000023e+02 5.530540274093858066e-01 1.094305454252423454e-02
4.495299999999999727e+02 5.588610989496497483e-01 1.112017982564529432e-02
4.500339999999999918e+02 5.600214108009238245e-01 1.090950063487288596e-02
4.599660000000000082e+02 5.812077743435248856e-01 1.129748188050599782e-02
4.699669999999999845e+02 5.993980799528452197e-01 1.162776820255310116e-02
4.799649999999999750e+02 6.139134317140521047e-01 1.191665349793798699e-02
4.900330000000000155e+02 6.263355697407365641e-01 1.215737349390911062e-02
5.000210000000000150e+02 6.353391488211251881e-01 1.232939046189983866e-02
5.100049999999999955e+02 6.419063136968556904e-01 1.250004523324907586e-02
5.199840000000000373e+02 6.469519661896480089e-01 1.254198418063548134e-02
5.300330000000000155e+02 6.492884853335967321e-01 1.253470634898303133e-02
5.400009999999999764e+02 6.497804918046327094e-01 1.250509753129567907e-02
5.499640000000000555e+02 6.486448987402738675e-01 1.246562565893919936e-02
5.599969999999999573e+02 6.460699956155950829e-01 1.245148023242632386e-02
5.700249999999999773e+02 6.422445231042002156e-01 1.239238799895380286e-02
5.799719999999999800e+02 6.373546553498926626e-01 1.230616035296209013e-02
5.899890000000000327e+02 6.314670038115353101e-01 1.220642233169961718e-02
5.999990000000000236e+02 6.247454555237712537e-01 1.206020768243285315e-02
6.100040000000000191e+02 6.173068499676752641e-01 1.187826109645181809e-02
6.200030000000000427e+02 6.092589577157738745e-01 1.169386930935931504e-02
6.299959999999999809e+02 6.006985220078857601e-01 1.153205197023116253e-02
6.399829999999999472e+02 5.917125863463075230e-01 1.132867307854318675e-02
6.499629999999999654e+02 5.823801535517750816e-01 1.115627353969740089e-02
6.600119999999999436e+02 5.726969126931179543e-01 1.096833422327434318e-02
6.699790000000000418e+02 5.628716514007663374e-01 1.077915663856504613e-02
6.800149999999999864e+02 5.528184157956497202e-01 1.064832731820873450e-02
6.899700000000000273e+02 5.427294275048331063e-01 1.046746619080224892e-02
6.999919999999999618e+02 5.324983646237936297e-01 1.030490659576085814e-02
7.100069999999999482e+02 5.222384532925188338e-01 1.013418038443568252e-02
7.200149999999999864e+02 5.119843170071993743e-01 9.946221652479360353e-03
7.300159999999999627e+02 5.023106623480517730e-01 9.798391552541642693e-03
7.400099999999999909e+02 4.921389106972034466e-01 9.616931890931915486e-03
7.499969999999999573e+02 4.820492434008881721e-01 9.437134614296540519e-03
7.599759999999999991e+02 4.720616190052912553e-01 9.246136936370229903e-03
7.700209999999999582e+02 4.622061318567105559e-01 9.063196356383272645e-03
7.799850000000000136e+02 4.526320496080407652e-01 8.886621298186361817e-03
7.900149999999999864e+02 4.431308446517691069e-01 8.690637919368729772e-03
7.999629999999999654e+02 4.338516057084789712e-01 8.499660273002871205e-03
8.099779999999999518e+02 4.246626747872869756e-01 8.327911316149018764e-03
8.199840000000000373e+02 4.156413178532789576e-01 8.126433887416689358e-03
8.299809999999999945e+02 4.067920230290517636e-01 7.982520400645650230e-03
8.399710000000000036e+02 3.981163963476230250e-01 7.757488960717466402e-03
8.500259999999999536e+02 3.895561695461109419e-01 7.603801941432717683e-03
8.599980000000000473e+02 3.812387669553872760e-01 7.424085454877877958e-03
8.700349999999999682e+02 3.730413980331647172e-01 7.238224110255175349e-03
8.799900000000000091e+02 3.650841087916674721e-01 7.052372020780096722e-03
8.900099999999999909e+02 3.572487963778501197e-01 6.880077514306914832e-03
9.000199999999999818e+02 3.496021904411908965e-01 6.589065863949183748e-03
9.100209999999999582e+02 3.421455024910728948e-01 6.430394437758143837e-03
9.249690000000000509e+02 3.313169119328120416e-01 6.244874063318982087e-03
9.299959999999999809e+02 3.277595556278996014e-01 6.159648611203180288e-03
9.350199999999999818e+02 3.242462634771122731e-01 6.138234276795227588e-03
9.399690000000000509e+02 3.208261293455486607e-01 6.061022705905931909e-03
9.449880000000000564e+02 3.173985842348413522e-01 6.031636642474976807e-03
9.500049999999999955e+02 3.140133170414521890e-01 5.968059892577016155e-03
9.550199999999999818e+02 3.106699512342633862e-01 5.958965185745415671e-03
9.600320000000000391e+02 3.073687555507989555e-01 5.792211292454852237e-03
9.649690000000000509e+02 3.041558835749583745e-01 5.817433070665997685e-03
9.699759999999999991e+02 3.009365643637150201e-01 5.729344008676349499e-03
9.749800000000000182e+02 2.977581621702228287e-01 5.587189547665225887e-03
9.799819999999999709e+02 2.946196168656016745e-01 5.642103300304060140e-03
9.849819999999999709e+02 2.915205102745718757e-01 5.499108739067454753e-03
9.899790000000000418e+02 2.884610285309189837e-01 5.421320911599896569e-03
9.949729999999999563e+02 2.854407234238118263e-01 5.392621024740956032e-03
9.999660000000000082e+02 2.824579569060092776e-01 5.277699139215572509e-03
1.002720000000000027e+03 2.808284076545558006e-01 5.277699139215572509e-03
1.008929999999999950e+03 2.771943930101232745e-01 5.235074051245203544e-03
1.013909999999999968e+03 2.743202547001291070e-01 5.149993696372078336e-03
1.020120000000000005e+03 2.707856015343592104e-01 5.107368608401709371e-03
1.025099999999999909e+03 2.679984361063824094e-01 5.022288253528584163e-03
1.031309999999999945e+03 2.646191384669095426e-01 4.979663165558215199e-03
1.036279999999999973e+03 2.619518293881485937e-01 4.937207898655458088e-03
1.041259999999999991e+03 2.593119225804523253e-01 4.894582810685089991e-03
1.047470000000000027e+03 2.560653573388683713e-01 4.851957722714721893e-03
1.053690000000000055e+03 2.528633360501192917e-01 4.809502455811963915e-03
1.058660000000000082e+03 2.503401062747624972e-01 4.724422100938838708e-03
1.064869999999999891e+03 2.472307784236992823e-01 4.724422100938838708e-03
1.071089999999999918e+03 2.441641253981229331e-01 4.681797012968469743e-03
1.076059999999999945e+03 2.417475643187059764e-01 4.681797012968469743e-03
1.081029999999999973e+03 2.393606242235817860e-01 4.554091570124976437e-03
1.087250000000000000e+03 2.364145117702552423e-01 4.469011215251850362e-03
1.092230000000000018e+03 2.340882626826485680e-01 4.383930860378724287e-03
1.098440000000000055e+03 2.312273916346821445e-01 4.341305772408356189e-03
